20 101
29 44 20 11 75 78 36 94 4 35 71 89 16 62 24 80 88 83 5 20 
21 77 52 53 21 40 69 73 20 90 15 54 79 25 18 67 56 56 43 92 
5 55 79 25 68 20 40 92 98 12 38 26 20 77 53 93 1 96 35 33 
43 2 91 53 18 67 42 23 22 10 72 37 50 16 74 5 13 66 25 80 
15 64 99 34 10 27 78 76 77 72 73 76 37 51 29 46 55 29 62 7 
71 14 15 72 36 85 38 11 15 39 52 38 10 48 78 76 26 60 82 75 
50 20 73 85 58 65 56 54 72 70 15 47 52 81 93 21 46 13 81 60 
69 27 33 49 46 64 40 73 37 13 89 2 20 33 80 27 68 16 54 18 
11 8 29 80 33 35 28 6 74 48 23 62 98 8 87 26 29 27 32 37 
5 12 56 56 99 25 33 88 1 64 19 15 57 12 99 98 84 73 76 91 
29 26 27 2 59 16 58 10 25 48 17 84 59 99 33 48 24 84 74 41 
2 7 41 67 97 69 27 87 41 81 18 87 43 61 88 32 58 36 91 49 
42 83 86 14 43 60 74 21 2 81 10 16 18 51 23 41 57 64 60 95 
31 2 11 79 43 60 90 24 21 55 21 18 44 4 47 65 79 43 94 84 
3 13 84 56 93 44 4 59 72 21 9 59 19 17 19 57 90 53 91 51 
64 31 72 78 38 63 88 67 20 2 47 54 30 77 4 33 90 68 63 14 
69 8 49 50 75 68 70 66 6 35 24 40 41 26 36 67 36 66 93 27 
22 67 27 18 31 76 97 32 5 92 44 53 97 60 39 21 82 11 36 17 
47 66 56 7 49 69 62 90 35 59 55 80 46 91 69 85 97 86 55 73 
9 54 69 62 87 4 72 15 52 12 39 74 99 69 23 22 29 71 71 37 
27 22 19 9 84 1 48 8 90 25 10 18 77 46 7 58 35 58 78 6 
55 67 34 1 54 49 73 34 53 19 73 66 47 13 62 74 72 93 4 33 
88 99 54 11 39 74 9 58 99 92 22 90 21 95 42 31 97 36 67 36 
8 52 22 9 21 44 94 95 41 58 51 94 27 19 31 17 50 34 69 13 
89 89 70 61 99 46 56 60 41 19 91 84 39 87 76 17 56 41 33 5 
56 87 67 13 77 72 35 16 90 86 44 20 24 36 28 92 8 37 4 67 
21 30 75 10 26 95 78 54 79 75 82 40 6 67 39 3 99 7 63 14 
75 93 83 91 55 1 99 80 16 79 23 3 53 9 90 3 69 31 88 32 
85 24 68 57 26 12 70 79 13 79 84 85 59 82 10 38 66 13 93 53 
76 19 48 89 84 88 1 28 30 15 27 76 7 94 55 53 83 97 22 33 
26 20 35 8 70 15 16 46 15 90 41 2 41 69 24 57 58 44 71 15 
9 35 30 12 82 81 84 88 93 45 78 13 98 41 54 57 28 70 47 63 
44 73 33 3 55 51 66 11 37 62 83 69 94 14 3 10 78 75 38 56 
35 8 76 90 58 10 98 14 69 24 39 97 20 77 14 86 83 50 2 96 
99 11 16 6 59 25 22 28 90 97 44 19 78 21 25 87 84 45 99 36 
86 34 29 91 62 49 67 69 35 10 58 20 7 75 37 37 31 36 81 95 
65 95 15 65 27 12 48 31 93 3 42 78 36 45 71 76 91 37 50 32 
44 92 10 8 97 66 24 84 38 4 26 10 68 2 6 77 95 18 33 50 
90 36 65 25 37 12 3 33 28 30 26 94 17 34 19 46 28 95 46 58 
51 39 98 50 73 50 67 8 14 98 4 78 76 36 35 17 9 52 35 56 
21 82 13 80 27 86 41 15 58 97 30 86 90 34 8 75 25 37 4 28 
19 67 83 41 10 12 91 34 55 49 16 61 50 47 88 19 49 18 66 85 
57 57 83 2 22 39 96 68 46 19 10 24 16 11 61 90 74 15 23 85 
58 81 65 70 44 17 75 8 57 7 70 33 90 3 71 41 57 52 11 87 
33 76 33 34 50 31 91 53 98 25 6 46 58 30 51 78 20 38 16 68 
39 48 24 36 1 20 35 61 48 96 11 38 30 87 86 92 60 44 5 82 
63 8 49 59 65 48 28 68 64 50 87 84 41 82 83 62 82 29 79 79 
90 11 25 17 77 94 46 19 27 54 14 97 61 19 55 56 98 46 16 10 
47 95 21 97 2 34 12 82 85 80 45 7 83 89 89 10 99 35 73 71 
38 6 17 79 52 76 57 94 32 44 5 12 86 82 54 48 72 72 23 87 
33 87 92 99 41 73 24 36 82 36 67 65 89 96 28 56 35 50 72 13 
43 64 36 33 40 69 50 91 25 91 34 90 60 74 54 57 32 49 80 20 
84 76 49 17 37 50 12 22 29 97 3 79 42 93 85 6 92 13 74 31 
4 54 97 99 74 10 26 36 91 7 31 83 93 31 92 38 66 18 96 16 
18 48 82 10 20 48 78 81 81 66 56 71 6 75 17 11 34 32 18 13 
6 62 49 75 57 50 14 19 60 92 96 40 75 7 22 23 76 56 10 31 
49 96 66 2 42 34 63 3 27 15 27 71 9 65 41 29 18 43 42 2 
85 57 93 22 33 4 55 58 52 98 21 65 8 27 86 13 18 49 33 69 
49 42 71 53 39 15 79 55 51 89 15 15 97 25 67 99 31 87 56 3 
46 26 19 66 2 75 73 29 31 48 94 7 12 95 20 30 22 98 96 35 
68 33 4 33 99 68 95 70 28 76 45 99 19 15 45 95 62 99 18 87 
84 53 54 41 8 7 46 90 99 70 59 52 35 42 18 16 25 76 87 23 
12 11 3 4 26 28 50 24 46 41 17 58 16 68 8 56 23 32 37 42 
59 80 18 42 96 99 73 30 66 87 32 54 60 5 31 25 87 27 22 15 
21 70 10 72 36 33 71 63 96 59 98 50 54 65 19 31 11 66 78 21 
44 89 14 84 54 44 12 73 86 57 44 97 72 81 66 38 82 29 2 65 
28 36 9 16 25 79 87 84 10 51 95 60 83 43 97 48 74 2 8 15 
24 5 95 86 33 62 26 46 37 66 9 91 37 68 89 51 48 57 2 32 
17 64 91 78 31 44 22 66 24 11 74 42 28 44 8 69 43 11 77 27 
89 43 63 69 3 9 75 54 58 52 77 30 11 79 3 90 73 77 41 56 
63 24 88 20 73 10 31 50 77 99 92 26 76 62 49 12 68 58 19 35 
79 38 2 47 7 65 10 34 25 16 36 32 41 57 43 70 37 60 65 9 
73 67 39 78 48 81 67 1 36 76 10 78 31 15 37 34 30 56 28 26 
43 7 17 47 82 64 38 61 30 91 36 63 69 81 79 46 81 84 69 86 
62 77 51 21 91 92 10 1 55 6 58 19 9 71 91 96 66 2 34 10 
3 72 10 67 29 76 41 65 44 36 75 26 1 86 92 54 76 55 7 53 
88 20 31 48 82 73 48 93 55 35 73 29 10 19 61 58 73 31 81 30 
81 3 85 82 50 74 47 57 65 3 62 25 23 23 51 60 66 76 4 50 
37 44 41 23 95 30 70 45 74 55 74 9 72 71 69 64 62 86 15 9 
4 13 1 1 37 40 64 65 92 74 79 83 91 1 4 4 43 65 28 75 
7 70 10 82 9 89 49 98 75 44 81 12 58 6 17 82 20 93 85 10 
4 42 2 72 2 50 16 77 43 17 50 38 56 5 6 9 11 71 57 34 
57 68 93 16 4 13 1 19 64 43 98 56 1 40 45 87 16 92 63 22 
1 58 36 62 57 4 41 12 1 6 57 17 15 4 87 48 1 3 78 77 
30 75 95 28 89 20 60 20 42 44 49 43 42 75 71 68 61 67 27 49 
47 98 79 61 44 52 15 80 51 3 69 98 79 96 11 6 47 75 5 57 
73 92 44 67 9 11 45 91 65 74 92 16 56 73 72 38 10 99 27 95 
54 94 96 13 24 17 98 89 34 38 62 36 42 11 40 41 1 2 67 86 
2 93 6 81 56 53 9 80 51 15 11 90 18 23 81 3 64 80 82 34 
66 96 65 85 75 39 88 26 91 30 76 89 23 37 25 77 51 18 61 96 
75 5 65 55 68 90 9 77 3 22 48 74 27 69 3 43 91 97 30 99 
93 27 10 49 90 48 65 50 26 38 95 30 80 96 9 8 48 20 55 62 
66 95 34 81 28 6 83 67 51 63 67 55 86 18 81 56 66 46 29 67 
4 9 56 67 43 22 30 67 51 3 36 3 17 32 65 68 12 38 32 53 
38 59 88 59 34 84 1 26 32 61 95 30 46 14 82 89 45 36 82 14 
45 34 15 30 92 79 31 60 30 64 85 99 94 37 43 90 17 75 72 21 
68 14 13 40 63 25 48 34 88 47 54 11 52 28 1 85 93 21 55 13 
71 43 33 25 97 15 97 22 79 92 40 84 98 43 66 53 9 64 20 53 
35 35 30 94 31 71 29 27 27 78 78 38 45 8 44 19 69 33 81 60 
4 59 36 69 25 25 44 55 26 66 87 82 97 93 53 65 89 29 89 84 
33 44 95 4 21 1 51 9 50 65 50 80 82 22 80 82 35 24 6 97 