20 127
36 36 60 35 69 49 47 59 34 13 87 38 91 57 52 72 59 53 74 83 
36 71 82 22 50 19 25 50 22 24 36 6 99 46 62 52 98 46 73 17 
51 41 97 15 94 91 78 16 30 65 1 53 64 91 95 72 86 33 12 10 
25 88 44 93 70 79 20 24 78 81 61 87 41 73 19 83 88 30 7 25 
6 71 15 25 92 1 83 51 97 37 72 5 73 1 88 68 45 50 32 43 
56 75 82 79 18 37 52 48 32 79 65 9 69 29 15 33 82 9 5 62 
82 21 5 69 39 36 59 38 80 76 4 62 50 95 58 68 90 32 24 75 
9 90 22 59 87 67 23 41 26 81 47 89 73 97 33 73 50 19 22 9 
19 29 94 24 46 21 89 47 63 30 24 65 39 72 98 2 36 76 82 89 
31 62 47 53 52 57 80 3 21 65 89 15 22 6 57 2 24 71 38 61 
8 72 47 43 36 11 24 28 21 12 89 50 59 78 90 73 96 1 4 10 
42 20 62 80 59 55 11 70 37 22 20 33 42 60 3 97 15 72 72 32 
44 59 77 58 89 35 99 40 5 63 91 72 85 21 52 11 55 26 73 91 
59 79 99 38 19 36 93 97 58 40 41 21 59 16 61 71 18 95 16 51 
6 70 74 95 57 24 72 70 38 84 29 72 59 87 80 34 43 1 46 59 
28 99 53 97 73 59 79 29 4 48 60 68 90 30 70 46 14 41 58 87 
96 90 53 74 85 55 41 41 16 37 28 9 47 25 64 82 82 70 45 61 
68 19 27 3 52 47 7 77 97 81 13 22 12 77 13 23 56 48 71 71 
73 55 24 14 46 42 53 84 98 88 93 1 49 10 13 44 63 63 20 30 
38 25 21 92 68 4 65 36 63 50 64 4 34 36 71 23 91 97 81 14 
6 37 90 1 39 50 65 29 90 80 48 66 33 8 40 30 15 24 37 7 
62 28 64 74 52 71 56 34 35 57 12 25 24 13 6 11 3 94 90 77 
81 97 31 93 14 60 84 78 44 8 39 70 93 22 52 35 9 26 48 17 
40 8 86 49 43 73 95 68 92 1 1 41 80 10 95 31 96 19 97 23 
22 11 77 17 25 43 67 21 63 48 39 91 59 88 85 80 38 55 88 24 
47 30 18 18 61 36 6 18 56 49 7 38 27 1 44 25 56 12 2 58 
26 30 30 33 93 35 85 36 5 50 48 39 95 30 33 4 34 72 62 2 
79 34 21 80 99 47 69 63 7 86 38 4 99 49 80 31 44 78 30 39 
37 89 40 87 87 18 34 35 11 79 26 17 39 5 87 47 38 68 91 58 
53 93 86 1 5 1 96 20 18 97 70 23 35 99 36 53 31 19 71 90 
65 51 44 44 16 77 91 23 25 30 62 25 2 38 71 19 22 43 95 41 
83 97 7 23 8 85 1 13 57 24 74 67 97 47 75 22 77 62 92 62 
56 90 10 68 2 85 79 12 93 20 16 4 71 67 17 64 64 99 39 3 
82 5 35 94 37 82 99 81 60 20 81 63 80 48 33 12 30 19 91 66 
35 54 91 30 82 13 96 57 52 12 78 41 37 12 30 57 34 90 87 13 
22 60 74 54 10 32 93 14 26 4 60 81 37 80 93 36 20 94 70 65 
38 23 52 23 38 15 34 47 90 31 28 86 87 42 20 38 2 86 24 22 
83 42 22 7 37 59 9 59 26 6 85 43 41 65 45 68 85 63 20 94 
63 73 80 79 28 19 26 20 6 19 78 41 64 3 47 4 5 94 93 86 
95 62 97 56 1 78 78 88 77 14 16 3 86 29 36 15 85 71 16 99 
43 15 24 1 72 40 58 65 26 69 50 60 79 79 6 27 31 98 10 11 
12 2 3 43 25 51 72 84 73 36 61 46 3 33 57 41 78 44 5 49 
35 38 8 70 21 12 85 23 73 84 81 60 84 11 98 87 32 65 48 44 
37 31 55 63 79 51 67 6 33 2 6 82 86 75 63 26 63 97 52 3 
43 44 43 46 57 51 5 8 27 45 30 18 55 1 64 30 70 63 90 69 
11 69 73 3 7 85 25 8 87 90 78 99 45 92 93 30 50 24 23 83 
51 93 29 49 67 67 47 26 95 11 51 93 19 60 5 43 49 52 44 95 
2 25 15 77 49 20 79 87 93 35 46 78 98 74 61 7 76 40 60 24 
96 54 55 22 89 9 73 70 38 71 75 57 85 4 71 91 95 44 16 20 
21 69 60 26 86 11 97 48 12 41 28 12 10 86 3 45 28 60 20 9 
80 44 15 83 46 77 81 60 50 68 20 12 70 28 95 15 63 89 84 78 
33 83 17 73 3 28 73 47 55 64 99 52 75 25 21 94 18 72 42 22 
9 65 59 34 2 3 71 49 22 9 99 99 25 36 42 9 71 11 36 16 
34 98 50 44 2 63 80 57 11 94 82 6 11 48 46 94 2 16 42 8 
38 28 39 54 21 73 60 36 51 17 68 96 21 40 2 89 33 75 29 30 
92 22 20 17 76 9 44 5 99 87 57 85 44 56 16 67 8 42 29 61 
52 1 8 32 57 48 93 45 89 74 48 94 35 58 9 40 8 53 55 86 
13 62 17 84 12 19 87 94 73 23 39 26 95 19 52 73 11 23 8 84 
21 31 28 66 96 27 80 62 54 37 93 20 72 1 27 25 54 4 23 42 
1 36 47 54 95 85 65 75 55 50 38 76 9 2 53 58 8 97 30 57 
39 64 4 29 31 58 71 3 2 72 24 85 93 76 68 49 21 97 2 60 
95 28 59 99 8 16 43 24 60 84 8 10 70 71 43 24 57 47 68 14 
41 47 17 80 39 35 78 88 44 76 55 85 79 97 37 61 56 21 94 82 
70 99 81 4 90 6 86 53 8 69 38 67 73 47 51 32 39 26 48 70 
77 14 31 96 8 33 88 50 32 98 57 57 66 79 64 69 80 57 11 66 
31 7 7 35 68 78 52 85 33 61 30 8 42 8 21 55 75 78 51 34 
47 5 61 12 62 64 57 10 12 13 24 15 75 74 64 17 67 80 92 39 
20 66 48 30 15 43 85 38 62 39 48 64 92 68 70 40 74 37 36 81 
36 73 39 83 58 34 22 42 25 14 37 77 56 68 35 96 64 50 46 74 
66 94 66 5 36 56 56 88 11 25 79 84 98 4 70 31 51 30 88 46 
44 30 90 39 4 90 44 15 57 17 66 99 93 81 9 40 19 40 4 10 
98 83 96 5 71 31 30 26 73 88 16 82 93 76 38 55 56 40 36 60 
80 40 37 52 35 21 60 46 97 44 14 38 75 29 2 30 43 95 63 76 
52 46 50 63 47 6 82 97 53 34 91 31 25 19 78 47 62 67 1 15 
91 57 74 52 63 18 67 39 31 58 10 12 68 25 84 65 57 98 80 47 
89 25 6 27 70 73 1 78 15 11 88 37 60 67 74 3 55 45 93 45 
11 18 51 81 52 73 65 77 73 22 79 18 73 23 43 18 45 93 80 59 
20 75 28 48 59 58 33 27 47 14 83 42 97 94 76 34 61 79 61 88 
82 74 51 31 17 31 23 23 13 68 48 91 30 48 83 47 60 56 13 24 
67 5 71 58 6 51 29 30 19 72 9 42 49 86 22 86 9 8 65 50 
46 79 57 87 18 37 65 30 61 19 3 37 32 92 43 2 6 73 52 11 
42 86 12 20 56 97 27 4 78 93 2 7 99 66 61 25 53 38 82 17 
15 84 44 78 36 78 17 18 19 84 70 45 9 53 48 80 7 94 58 43 
93 42 24 79 20 53 90 4 69 29 63 51 9 4 11 12 64 87 47 81 
68 64 42 54 4 97 24 64 30 87 60 96 78 63 28 38 26 12 13 79 
88 55 75 12 36 15 28 33 2 62 7 34 51 36 17 49 9 30 96 98 
97 38 59 86 28 67 52 51 8 11 6 93 56 14 55 86 12 26 10 79 
83 50 15 24 85 55 18 29 3 48 50 40 28 30 48 27 18 23 29 96 
60 39 88 71 40 89 3 15 30 53 94 54 90 6 57 94 96 94 99 13 
24 41 56 25 56 67 46 19 18 41 64 3 69 70 51 40 96 53 16 50 
11 97 29 99 70 41 43 1 71 74 54 74 2 41 47 16 28 81 21 84 
96 37 44 34 39 22 76 63 56 31 84 35 96 70 57 10 16 2 66 55 
80 49 56 45 99 70 55 58 56 51 49 87 76 26 50 99 14 70 21 15 
98 77 30 59 15 90 50 7 29 21 99 60 86 41 2 79 90 78 44 9 
26 51 67 62 69 59 48 9 42 29 14 56 60 3 22 31 77 99 84 70 
56 36 39 37 60 16 49 13 16 34 65 70 52 96 58 97 85 1 1 85 
42 35 30 67 74 57 98 13 34 8 43 77 80 43 18 46 25 15 13 86 
57 35 66 22 80 39 34 89 31 28 91 63 62 80 27 90 91 74 23 55 
90 26 17 29 59 84 89 82 11 74 36 42 46 66 86 56 31 57 57 48 
89 71 30 77 81 25 75 24 46 70 5 35 65 70 40 51 64 37 12 45 
20 43 9 96 49 23 47 85 2 97 11 52 90 72 43 37 52 75 67 52 
73 14 5 86 42 19 13 73 66 24 81 97 24 46 72 31 48 61 39 92 
38 64 95 56 18 99 59 38 1 22 20 53 30 82 94 61 5 83 44 80 
60 91 81 70 15 27 25 39 23 23 20 29 88 20 87 3 47 3 98 61 
66 58 21 14 54 35 20 9 82 17 43 64 14 15 87 27 12 40 98 66 
4 64 45 19 56 66 28 73 6 59 99 14 67 33 37 63 67 11 5 41 
63 27 26 21 6 7 64 16 56 49 36 22 67 60 73 90 6 24 3 31 
9 72 16 30 16 75 39 2 59 74 99 3 63 99 13 18 27 36 42 6 
94 39 51 35 91 18 85 31 96 38 48 18 54 6 7 43 28 5 13 61 
91 51 98 19 80 72 48 66 72 94 91 43 24 7 77 22 40 74 4 38 
38 50 35 91 41 53 20 37 50 46 74 82 23 89 2 47 3 84 4 32 
35 26 8 35 33 1 7 34 48 67 33 22 70 32 92 10 21 85 85 71 
6 71 71 39 34 58 44 16 24 51 17 70 98 76 34 44 22 59 55 90 
86 11 12 65 87 40 97 55 91 2 39 51 26 22 78 75 81 32 4 48 
16 22 42 25 49 24 69 40 61 90 38 44 13 86 48 63 53 39 33 8 
94 94 35 3 93 81 24 90 89 4 43 42 17 44 60 44 44 69 52 51 
7 84 61 88 13 45 21 75 30 55 50 17 12 1 80 65 36 66 77 92 
68 39 63 63 81 27 5 17 64 3 43 80 81 22 26 79 5 75 17 75 
81 36 65 3 67 74 83 84 47 61 83 88 8 76 88 13 76 50 40 28 
66 58 64 20 59 37 11 36 98 38 43 65 83 19 12 60 42 13 81 12 
19 32 80 61 92 61 85 47 35 89 22 57 91 46 45 9 80 12 48 58 
94 76 40 33 18 80 93 59 79 30 29 51 72 6 1 56 30 30 85 50 
81 19 50 83 77 53 54 2 25 42 16 41 51 36 40 56 21 92 75 88 
28 49 46 92 27 83 69 33 89 40 58 17 63 84 41 33 97 12 16 44 
91 54 4 19 80 74 29 99 78 14 62 60 79 88 75 50 52 34 68 6 
57 93 8 85 36 42 14 67 31 94 56 5 34 43 26 44 96 11 6 37 
19 89 30 59 33 73 68 79 8 18 25 42 60 37 25 25 5 91 22 88 