20 198
62 99 10 64 85 45 63 66 53 5 66 46 53 47 80 68 96 83 68 9 
79 4 38 11 34 33 43 97 78 44 50 85 26 81 32 27 98 55 99 33 
8 55 32 27 12 6 20 46 12 82 4 91 35 47 75 30 20 32 71 39 
66 54 34 31 98 56 76 68 40 11 33 2 3 30 11 34 86 9 33 72 
1 4 73 13 22 17 52 86 45 26 63 89 45 92 85 50 7 69 23 43 
81 12 86 45 68 84 1 86 25 40 83 69 3 84 4 74 58 31 93 22 
95 84 93 23 79 41 91 94 68 38 50 96 35 51 20 84 9 82 24 36 
85 78 35 43 34 72 19 61 64 84 47 87 79 2 11 20 54 7 50 2 
50 53 31 86 99 51 31 11 26 77 71 33 43 52 33 38 77 95 35 32 
13 34 80 34 26 90 69 16 18 99 26 38 61 4 32 38 53 15 35 97 
51 17 4 38 46 21 77 53 84 76 94 88 22 85 20 32 36 16 15 75 
77 11 27 42 67 20 8 72 2 42 58 27 70 45 69 28 63 91 11 62 
11 81 26 37 58 72 87 51 22 68 38 50 32 22 41 93 65 87 98 73 
78 38 7 48 33 42 13 8 51 86 99 28 63 30 50 54 93 28 38 79 
26 7 69 53 61 68 91 41 87 23 37 68 86 10 61 36 23 31 70 76 
40 91 98 82 40 70 46 34 18 52 54 59 23 44 36 72 51 14 98 45 
77 42 28 45 6 85 54 74 14 26 17 89 70 75 47 96 7 94 20 46 
30 5 41 41 70 24 63 23 15 28 77 61 76 1 19 20 99 51 43 82 
59 77 70 8 9 22 56 80 90 66 4 32 50 29 92 8 55 74 38 45 
11 31 24 37 33 98 21 54 91 64 75 59 31 61 41 10 86 79 8 80 
75 38 50 51 46 71 88 53 11 5 14 48 28 37 18 38 43 37 6 29 
51 88 46 11 79 43 6 30 32 28 37 2 81 8 79 3 52 67 12 48 
78 64 59 91 49 9 27 63 65 97 77 36 25 61 32 8 52 52 79 46 
36 53 33 98 57 79 11 50 96 86 6 19 56 61 53 14 13 53 94 6 
21 64 47 71 86 37 22 53 37 46 64 51 8 45 36 25 63 99 49 23 
34 74 26 98 6 13 73 49 72 92 99 99 56 13 29 63 23 8 59 25 
90 55 73 15 91 72 13 3 4 25 23 11 79 43 24 58 40 6 54 57 
90 79 77 55 56 71 35 9 4 25 66 42 60 49 50 43 99 50 85 83 
9 82 92 41 76 88 49 46 91 13 81 74 76 1 20 74 74 61 57 15 
81 92 78 54 51 48 24 12 95 68 36 81 95 77 19 14 89 26 43 76 
67 96 62 32 42 51 95 74 45 23 68 68 7 95 26 23 21 77 16 31 
23 6 47 70 14 57 1 98 89 27 19 67 55 65 54 76 42 30 36 80 
25 27 2 76 18 31 47 43 77 82 19 19 83 20 4 83 22 92 97 62 
95 75 90 35 83 37 72 23 96 69 62 23 18 99 21 92 23 64 88 43 
22 22 53 28 57 63 77 11 56 42 26 92 9 45 41 51 35 11 33 21 
23 14 51 42 55 13 50 53 21 73 29 61 49 53 82 16 37 84 74 8 
10 69 45 34 46 81 59 93 97 68 24 58 6 80 5 21 35 41 79 66 
96 41 28 86 87 74 20 13 89 14 63 32 55 5 8 53 74 3 36 85 
17 3 28 76 7 80 10 36 91 13 52 68 11 91 81 31 9 49 54 53 
89 37 83 36 38 65 43 76 11 19 55 81 9 27 29 18 25 15 81 4 
58 13 99 95 72 21 57 75 62 4 67 22 28 48 28 57 11 7 9 39 
80 31 49 36 58 93 46 70 26 69 7 98 60 55 61 73 43 47 96 45 
27 72 83 96 5 99 65 53 24 42 25 56 41 86 62 83 36 15 94 83 
20 23 93 50 61 65 57 5 82 70 40 54 74 80 18 6 10 24 78 89 
25 14 52 66 41 72 8 92 73 54 21 66 45 86 7 99 47 72 10 58 
24 44 72 88 67 2 60 83 91 36 47 72 50 37 27 19 98 66 1 3 
90 5 75 95 88 21 14 48 81 91 23 21 19 46 83 21 79 30 38 28 
38 48 81 85 7 8 55 5 33 77 41 41 36 69 90 83 7 23 36 20 
57 13 68 40 44 5 48 60 90 93 95 75 23 25 34 71 45 90 8 84 
49 33 67 65 80 14 83 61 20 4 41 87 39 3 5 75 61 81 58 65 
62 2 65 74 38 79 92 69 7 37 37 6 98 82 74 32 57 63 90 17 
29 1 57 31 81 27 46 57 5 30 34 85 6 65 40 44 91 54 79 30 
51 34 77 79 22 96 38 98 90 37 6 82 34 14 29 39 22 69 25 96 
91 25 19 39 60 87 39 71 35 35 37 55 83 64 85 17 31 15 72 52 
7 1 67 18 68 77 16 21 68 60 46 49 19 77 65 19 4 63 28 52 
10 65 13 21 94 56 12 5 50 71 37 64 33 75 70 72 63 15 44 4 
40 81 14 46 4 2 70 48 37 63 79 77 17 89 75 22 49 59 2 7 
34 74 39 84 26 39 11 91 67 43 71 10 80 9 49 21 75 89 87 29 
58 5 48 62 43 28 13 51 92 7 40 49 22 88 93 85 22 65 92 29 
52 67 55 36 51 99 56 69 73 81 76 2 66 82 27 94 55 42 69 95 
40 35 34 22 4 36 97 55 54 66 79 84 14 74 97 33 65 26 84 86 
49 46 20 8 99 96 98 63 69 19 80 40 54 1 96 83 95 82 24 74 
63 30 80 64 57 74 17 26 85 16 26 12 46 43 87 42 61 82 19 85 
5 69 63 40 32 49 48 3 31 42 13 72 36 28 23 13 27 85 82 7 
41 55 47 29 52 69 63 60 22 38 18 78 58 14 8 34 17 39 67 19 
60 31 2 4 7 35 88 79 67 74 43 29 95 2 44 84 52 64 63 97 
32 75 67 44 25 99 71 61 3 43 35 87 29 85 82 48 83 67 77 35 
47 50 44 97 19 10 40 16 72 88 97 26 21 90 51 99 56 99 82 36 
49 92 25 35 14 30 41 91 92 53 41 46 33 45 59 84 94 13 72 13 
49 36 8 13 30 18 51 12 99 47 96 11 98 53 52 63 79 46 94 21 
35 73 17 25 23 42 68 22 1 2 68 9 86 75 41 72 23 53 81 71 
96 81 26 37 15 94 29 99 65 22 99 16 19 23 25 23 83 48 64 19 
80 27 56 18 86 97 41 52 67 26 30 32 59 77 85 31 74 42 3 16 
31 81 79 67 55 91 53 85 60 24 70 8 73 36 39 53 85 2 64 52 
41 32 94 94 25 18 39 8 45 69 88 62 65 26 41 66 43 53 65 99 
99 89 73 12 6 79 44 1 39 20 67 9 47 23 38 53 86 37 20 19 
66 4 19 60 92 34 81 11 80 65 3 26 59 57 5 15 21 72 22 26 
38 61 64 67 6 30 68 26 79 57 33 11 29 92 12 81 23 44 10 79 
53 91 25 51 15 24 60 13 36 37 55 59 9 83 40 95 14 49 17 93 
14 63 66 9 41 93 57 38 83 10 11 88 3 84 62 49 55 73 98 84 
66 49 29 95 5 34 7 54 33 39 57 17 49 22 41 67 2 45 47 19 
8 64 88 78 46 52 94 97 71 75 12 22 61 49 10 64 33 6 26 29 
19 98 29 77 82 24 50 95 94 78 93 76 70 60 75 18 94 80 54 89 
86 83 22 92 49 59 35 32 86 41 38 36 16 77 58 87 2 46 14 29 
6 11 1 10 62 74 57 14 28 26 84 78 37 43 68 3 77 19 41 19 
31 4 30 59 42 37 1 86 35 14 86 39 37 74 64 10 30 87 5 64 
69 93 33 8 65 7 13 29 85 48 32 2 4 58 79 82 65 8 88 50 
61 70 24 88 20 10 9 58 63 93 11 82 84 21 97 72 33 18 89 22 
34 94 49 41 30 12 53 88 71 48 88 62 31 22 38 33 89 21 9 74 
22 16 48 43 35 69 60 65 84 88 7 86 12 68 25 84 40 34 79 38 
82 84 31 62 33 93 49 22 7 43 88 62 57 59 62 45 40 22 26 34 
56 64 76 88 38 53 8 37 74 99 27 49 93 3 94 83 77 56 50 77 
85 55 11 95 27 44 6 44 37 4 14 6 6 89 32 44 71 71 76 25 
73 49 24 12 43 78 50 28 94 56 60 66 60 70 27 92 67 46 35 70 
57 22 32 86 69 42 77 43 1 97 15 4 35 66 12 22 19 92 74 56 
80 32 97 25 69 34 27 94 92 34 95 84 40 44 58 26 93 92 74 94 
23 1 56 87 66 25 28 42 30 33 51 13 30 39 90 57 92 79 74 3 
46 80 24 82 52 87 43 25 3 38 83 92 78 33 40 36 89 35 82 58 
86 94 21 72 1 76 57 94 91 58 11 19 10 83 69 43 43 2 79 46 
26 67 54 35 5 96 18 75 11 88 21 63 26 50 44 61 32 18 53 8 
4 20 83 75 72 97 49 61 27 97 82 67 57 59 16 4 3 23 2 65 
88 20 33 14 74 72 43 44 82 47 46 94 65 82 49 16 66 53 25 85 
19 10 60 80 86 50 43 84 93 97 34 36 24 9 55 37 69 76 39 75 
66 84 88 57 29 17 12 12 47 95 15 12 56 91 11 92 14 2 36 31 
93 27 68 68 74 32 79 80 92 4 85 68 17 47 68 6 68 34 53 11 
16 58 60 28 11 50 62 95 24 82 77 36 1 82 40 22 87 51 48 79 
78 97 98 5 7 78 81 97 67 17 13 5 84 73 33 12 32 9 80 91 
92 62 83 97 46 68 37 1 53 78 93 15 26 4 76 37 81 37 32 31 
66 19 89 23 45 75 67 39 30 48 5 66 82 52 69 47 48 15 50 56 
49 59 23 18 57 87 5 33 34 97 56 51 17 79 89 89 64 16 84 99 
52 46 49 5 73 10 5 2 93 1 79 78 79 30 71 91 61 54 2 74 
45 55 37 11 41 8 91 72 19 36 8 50 72 23 39 95 42 57 36 57 
25 21 48 44 76 17 2 50 7 12 2 65 15 48 96 91 54 54 17 19 
51 98 29 68 81 3 19 18 17 93 92 86 70 9 41 41 90 4 3 20 
36 4 43 92 8 88 92 82 15 39 92 61 90 48 85 18 34 56 6 95 
14 98 35 15 39 69 45 93 4 18 11 70 98 11 27 8 39 97 78 59 
40 62 53 54 19 71 87 14 37 25 79 61 4 16 95 65 41 10 93 54 
80 22 91 34 3 29 20 50 51 32 13 17 46 24 94 64 28 91 18 36 
6 30 7 2 33 55 32 14 27 72 85 39 88 91 54 71 78 37 26 6 
16 12 36 32 86 66 38 14 2 40 94 58 22 64 13 34 35 79 36 88 
95 69 80 1 30 65 45 54 44 16 92 24 76 66 70 95 15 88 91 11 
7 30 86 53 30 21 34 46 15 49 68 53 82 55 79 34 22 99 78 22 
8 28 58 47 50 23 3 21 19 37 30 50 99 22 75 82 82 59 17 67 
61 77 98 38 30 82 5 55 70 12 68 23 5 43 99 87 84 11 13 28 
41 83 38 56 60 74 80 61 5 91 71 24 4 88 94 18 89 33 67 95 
94 35 92 81 48 73 77 31 31 31 76 70 8 92 41 98 98 92 32 19 
47 44 48 72 64 84 75 40 51 9 78 97 63 81 96 3 44 11 73 95 
96 11 63 69 50 63 22 4 34 52 28 52 69 54 74 76 48 70 42 45 
17 86 38 92 23 52 37 44 3 80 2 66 74 9 34 44 28 21 43 18 
25 94 59 65 90 75 33 15 88 29 94 94 55 65 70 97 98 97 4 8 
56 30 20 38 34 8 66 99 57 40 93 54 78 12 97 15 35 99 60 76 
64 60 11 52 58 36 8 74 96 13 14 25 75 64 63 7 15 96 15 93 
25 26 63 74 73 52 78 54 23 45 61 27 66 15 40 39 66 78 61 58 
55 57 59 24 85 34 56 56 25 62 68 20 49 68 28 10 41 53 27 30 
37 28 9 88 19 73 79 8 74 44 90 64 15 49 11 49 11 22 16 26 
54 68 47 62 79 2 55 95 51 5 32 71 12 92 53 55 7 36 70 83 
85 9 58 77 39 26 56 52 3 3 96 25 98 53 77 39 15 16 37 8 
79 86 7 78 82 29 57 40 23 99 54 35 84 27 83 62 31 62 91 98 
56 99 9 61 94 55 2 35 76 35 23 53 79 42 78 84 45 91 52 37 
63 29 49 80 61 99 91 9 12 6 76 96 60 88 34 32 39 76 41 79 
80 30 10 16 43 85 15 69 94 38 11 50 28 1 74 95 30 11 52 14 
61 56 6 95 90 38 31 21 89 30 2 72 51 89 89 2 5 9 28 38 
83 47 43 51 79 76 75 21 1 90 50 20 85 3 91 48 79 71 25 57 
80 78 52 80 79 89 39 6 10 93 36 30 88 39 89 50 31 82 27 89 
96 23 13 30 74 21 90 65 86 86 91 65 28 23 38 30 88 30 33 7 
85 90 22 86 75 8 91 85 46 19 43 28 37 84 60 31 93 35 19 92 
6 43 73 7 71 4 66 46 54 61 53 93 46 73 88 78 77 19 44 53 
76 85 29 95 99 4 42 58 36 87 50 54 58 69 87 19 45 85 67 72 
54 14 76 85 82 97 8 41 50 77 82 17 2 29 65 39 5 30 15 50 
10 11 43 51 52 85 74 96 93 58 59 51 58 9 98 86 51 47 57 63 
93 32 47 77 84 23 33 70 4 66 2 31 12 80 61 92 22 31 76 58 
17 95 89 7 31 17 44 57 78 49 18 85 68 16 43 53 18 23 57 55 
88 65 72 24 31 88 49 90 8 49 36 18 84 40 67 14 83 1 79 59 
75 70 7 27 90 55 85 91 40 26 37 24 77 21 47 34 77 26 60 92 
10 70 32 80 84 82 45 64 76 76 14 87 84 35 92 11 46 65 37 68 
28 53 63 87 59 33 97 16 5 41 49 78 22 85 95 1 24 34 67 73 
33 75 81 48 65 7 40 59 6 76 62 12 48 15 73 88 13 48 7 62 
80 91 59 94 26 46 85 53 82 87 30 10 97 21 25 11 21 19 12 75 
26 83 91 64 3 69 66 49 34 77 26 69 61 44 29 30 81 34 51 1 
27 46 89 2 6 44 68 27 26 43 67 13 90 89 42 8 88 83 9 69 
88 1 56 99 57 32 2 59 17 22 6 76 15 78 54 64 20 66 74 97 
29 55 89 4 40 79 13 63 17 13 84 55 68 20 49 64 91 57 5 51 
89 55 53 6 1 34 78 45 55 88 29 92 98 17 12 2 64 84 58 30 
10 14 34 16 64 62 46 46 92 48 1 55 20 88 54 57 45 40 82 18 
16 94 44 65 29 71 10 47 8 40 18 45 26 68 38 11 81 70 3 61 
67 3 24 39 15 61 95 77 52 75 7 9 21 37 76 5 52 75 50 76 
61 10 40 8 17 55 72 70 31 1 85 80 95 73 38 54 85 25 53 34 
22 57 73 9 22 85 62 74 89 35 53 92 30 44 74 28 35 26 97 52 
37 41 73 46 58 40 7 74 92 97 87 34 6 33 86 64 12 2 7 88 
7 46 38 63 79 82 26 61 90 71 94 62 45 80 41 40 88 83 44 48 
4 74 37 73 1 30 38 69 24 27 30 10 3 50 40 76 66 18 79 90 
53 4 40 82 91 82 97 46 69 35 66 61 12 97 36 22 74 56 79 49 
2 40 9 94 30 19 11 83 46 92 83 90 42 65 86 84 60 63 91 51 
96 54 41 95 65 60 62 42 55 77 25 43 68 5 1 38 37 81 97 54 
83 44 74 75 44 11 8 45 7 54 48 51 37 13 80 2 66 19 64 92 
98 34 49 78 83 24 69 87 17 36 37 78 13 75 15 65 65 28 81 28 
5 67 42 8 85 24 34 82 34 84 95 1 1 18 99 31 43 94 99 40 
36 25 10 83 31 48 95 78 43 78 56 51 94 91 45 83 18 86 75 83 
15 82 72 65 14 32 93 92 78 91 70 62 90 9 98 78 29 41 42 21 
76 79 69 61 56 50 46 57 29 20 70 56 98 6 34 39 68 76 86 22 
64 93 27 47 32 82 7 47 79 56 32 24 71 12 23 69 93 35 7 33 
20 8 40 12 98 9 92 51 76 27 92 60 85 15 64 58 18 3 9 87 
65 9 38 10 96 12 62 57 86 20 44 56 46 36 46 99 78 70 76 54 
28 50 77 21 91 95 97 32 73 9 14 81 54 58 41 97 55 71 48 63 
8 13 80 83 71 5 78 80 18 4 72 18 28 38 20 75 36 15 18 38 
74 1 22 21 3 37 35 11 59 9 86 76 35 4 12 28 50 11 46 54 
9 35 60 19 35 37 49 47 52 51 62 70 54 88 68 64 93 52 82 62 
83 95 62 77 12 31 12 75 28 31 29 97 6 19 22 92 44 38 96 89 
92 63 19 41 8 43 77 26 12 72 30 16 66 46 94 69 97 52 1 65 
15 60 20 70 6 58 70 9 36 88 94 28 42 25 99 38 57 86 22 25 
53 53 5 93 2 48 99 65 6 53 98 65 13 81 78 39 62 46 21 67 
96 87 44 60 29 46 94 39 79 30 25 99 26 94 92 99 91 34 70 64 
41 18 77 99 47 11 90 36 59 11 88 74 47 50 92 27 78 77 65 64 
15 98 43 93 73 72 93 27 1 94 4 43 36 96 26 43 15 95 23 13 
90 8 67 70 25 33 55 18 22 16 91 57 63 27 3 29 95 65 71 81 
2 69 59 66 31 29 93 82 11 36 39 63 70 56 98 64 88 85 81 48 
65 64 76 14 24 47 13 39 9 81 46 4 50 50 29 50 97 4 63 70 
78 94 39 97 37 17 15 33 39 91 95 63 40 65 19 64 1 55 92 99 