20 191
41 51 33 36 78 88 27 48 42 25 91 40 33 57 73 58 13 99 16 80 
51 2 37 72 33 12 62 65 9 90 35 62 13 30 54 4 36 15 88 1 
60 3 37 83 49 49 64 51 64 43 78 78 30 23 58 49 43 47 11 98 
45 55 52 36 60 61 76 46 58 87 22 18 54 26 32 55 4 78 65 23 
6 37 23 12 5 95 33 3 49 66 65 9 10 50 92 10 72 90 67 82 
97 89 33 68 53 26 67 27 62 80 10 44 38 8 42 38 35 99 19 59 
3 93 69 85 4 47 14 4 26 60 10 6 68 76 31 12 85 89 35 72 
43 23 81 2 54 15 63 93 94 78 13 44 87 59 43 77 77 7 34 83 
99 71 14 27 12 73 97 81 11 57 54 69 98 78 37 15 44 90 62 25 
81 69 97 1 49 69 5 95 98 70 99 16 35 95 52 76 33 88 34 35 
86 72 17 92 78 74 73 65 13 40 38 99 65 25 54 40 96 31 69 20 
3 52 14 84 84 58 3 78 4 64 23 61 11 38 26 31 50 71 4 19 
68 89 91 17 15 26 26 53 42 99 73 21 21 43 43 62 87 81 76 83 
35 56 69 44 46 57 71 18 77 92 27 81 76 7 74 32 24 8 26 98 
86 49 25 99 90 5 37 48 89 73 95 51 20 1 7 66 4 82 60 48 
68 67 31 90 36 18 56 84 41 19 43 19 71 57 78 49 10 96 9 15 
96 86 90 82 85 63 99 2 67 44 85 25 67 18 10 62 20 46 71 61 
17 58 99 58 25 80 43 99 71 93 50 97 14 78 76 79 16 18 20 23 
85 72 20 39 90 51 75 23 24 63 74 41 69 66 66 86 61 29 33 19 
91 19 42 34 77 55 69 50 76 61 15 27 97 18 75 54 54 31 94 73 
33 36 37 77 87 9 19 16 81 31 20 68 3 37 50 13 10 3 87 14 
21 94 39 10 19 98 6 99 40 36 14 31 21 24 49 33 12 25 24 41 
92 29 9 57 6 5 43 9 86 41 99 28 54 18 17 77 27 12 73 83 
60 96 41 71 79 43 11 56 30 23 57 3 94 59 29 79 69 21 75 8 
16 98 19 25 80 63 81 6 28 70 37 38 47 6 30 7 97 8 49 5 
3 32 89 29 42 47 56 84 9 14 29 96 39 68 45 39 47 72 16 78 
31 78 98 73 14 91 38 65 57 6 78 34 17 69 74 97 89 95 82 62 
71 9 89 19 99 6 24 83 77 88 14 2 95 11 19 18 6 29 9 80 
67 78 86 81 46 26 7 1 80 47 92 37 98 35 18 1 75 29 8 1 
43 48 37 6 21 84 46 31 29 59 89 92 75 52 26 97 14 28 18 20 
87 27 64 82 57 62 91 60 12 75 12 19 45 8 51 58 24 57 83 33 
60 69 94 45 19 27 38 83 67 44 12 79 20 84 14 27 73 44 29 40 
82 54 47 9 15 46 64 15 2 80 69 41 81 76 24 18 40 3 67 45 
52 65 18 96 34 37 29 33 99 98 71 15 86 43 6 35 6 97 36 78 
3 52 89 99 96 54 72 42 23 85 48 23 74 99 23 61 71 56 57 94 
72 50 32 24 34 37 35 97 42 38 56 93 67 57 18 58 97 5 26 84 
51 39 5 25 46 38 43 33 86 66 14 54 80 56 94 53 41 73 34 54 
91 97 14 89 95 83 32 80 56 32 50 6 98 41 9 3 71 7 6 88 
71 80 87 65 46 83 83 15 41 60 43 43 33 73 3 32 45 76 23 63 
56 97 10 47 82 1 61 74 81 19 31 34 91 13 72 18 86 41 90 77 
87 85 61 32 10 90 84 67 70 88 67 54 40 64 47 91 99 53 99 47 
8 32 75 14 92 40 71 6 60 9 64 99 72 84 10 34 83 18 86 11 
93 85 77 48 82 91 93 9 23 32 72 32 43 71 10 65 57 43 25 37 
94 42 98 87 8 7 43 97 53 56 53 85 21 45 86 96 33 89 14 61 
39 47 31 11 2 63 98 28 23 25 21 96 77 96 85 57 34 40 79 17 
10 25 54 13 41 88 80 44 93 76 53 53 88 14 4 42 57 93 45 56 
70 89 77 15 35 26 27 19 90 10 70 1 38 19 73 46 95 59 29 99 
74 33 77 57 85 11 31 73 1 28 95 94 26 92 80 91 41 32 47 86 
7 60 85 36 29 7 29 9 30 27 94 6 40 87 99 9 18 54 14 37 
8 31 99 86 55 96 75 18 49 86 66 30 4 1 36 94 10 49 10 13 
43 14 91 73 81 98 92 65 86 47 9 70 96 59 99 63 69 64 8 6 
78 74 33 4 32 98 39 59 49 16 66 61 58 68 73 59 72 18 46 21 
74 55 79 14 11 75 51 73 69 5 51 25 67 69 44 95 14 23 27 54 
22 37 6 69 50 16 99 23 14 5 3 60 33 82 2 75 67 82 95 74 
63 4 17 54 41 59 20 48 92 83 54 70 41 93 46 18 82 48 30 13 
79 50 25 13 16 99 44 17 85 65 60 81 59 36 98 82 41 64 32 65 
96 44 38 39 99 28 1 83 73 21 92 16 26 35 54 49 60 18 27 37 
67 88 54 14 5 61 62 46 25 23 59 78 66 17 84 44 55 18 13 57 
33 43 59 63 7 13 3 85 14 63 57 46 2 70 78 86 11 68 67 34 
58 55 54 46 79 35 15 66 42 47 7 87 52 71 69 77 87 46 63 35 
13 91 87 56 3 7 79 30 50 23 26 50 86 32 96 8 97 39 2 52 
88 89 84 71 99 6 3 59 1 85 86 77 23 26 27 52 92 61 32 5 
18 16 56 24 62 64 99 15 66 22 99 95 14 69 93 9 72 59 72 58 
84 32 67 48 68 46 10 24 78 64 91 54 13 97 72 12 19 3 97 18 
14 21 76 47 6 79 87 1 77 20 95 19 85 4 97 95 85 25 96 25 
74 24 64 14 45 77 57 17 51 56 90 57 40 54 92 2 89 62 52 39 
58 76 92 24 22 57 4 30 75 5 34 58 96 51 82 46 25 33 86 32 
57 84 1 28 7 48 39 96 29 20 94 47 80 98 90 28 33 10 62 21 
70 15 16 44 2 24 93 46 96 51 34 4 99 29 49 47 6 4 60 79 
6 37 99 21 16 56 51 58 10 89 5 37 39 13 71 86 76 12 41 27 
25 38 65 16 51 26 1 11 40 57 98 58 87 34 42 10 24 62 26 56 
20 89 1 26 9 24 70 79 88 13 51 33 22 35 88 58 33 81 45 64 
2 59 69 35 38 61 29 15 44 94 29 98 55 3 84 23 39 15 96 3 
67 52 8 65 2 97 19 87 3 95 43 3 1 15 77 11 7 77 47 71 
47 23 15 88 72 27 53 99 24 46 65 69 98 54 20 11 37 68 88 74 
69 83 28 38 55 78 27 30 61 50 6 9 91 52 65 28 99 74 37 57 
25 46 6 92 87 15 69 11 37 87 89 37 57 35 98 19 44 56 91 32 
41 79 92 16 65 91 68 75 98 60 82 28 20 66 33 58 50 76 82 59 
22 40 56 64 56 53 29 33 40 11 51 78 88 51 97 85 56 84 69 33 
18 95 3 99 53 43 18 90 27 59 85 4 91 76 34 16 64 50 49 73 
10 43 1 53 11 56 97 25 53 3 42 17 77 60 88 7 73 4 49 3 
11 75 35 23 58 6 96 6 48 87 8 26 15 29 18 71 90 1 37 32 
76 84 20 21 41 56 57 62 17 17 22 7 89 44 79 88 2 65 73 76 
40 12 17 91 13 36 76 70 77 42 22 39 64 21 25 91 55 52 39 29 
72 85 96 41 79 55 35 1 70 8 19 24 18 56 75 92 44 66 83 46 
64 85 71 16 37 17 79 49 40 33 24 47 39 85 58 47 90 85 72 2 
38 39 19 80 89 42 78 40 2 14 36 1 55 93 6 92 92 17 45 32 
68 52 42 58 98 20 52 25 35 97 70 4 74 31 90 43 21 51 66 49 
65 79 3 70 81 4 80 14 73 83 85 50 39 6 62 60 16 76 4 92 
73 59 6 44 51 60 53 72 59 94 79 46 96 57 65 7 51 28 19 62 
69 44 38 52 51 82 60 51 12 23 38 65 57 45 78 54 91 79 2 16 
37 92 4 94 29 96 19 60 28 82 69 27 27 41 37 51 41 14 30 21 
22 25 18 80 86 15 2 95 69 45 34 42 69 2 34 26 67 35 27 45 
53 92 50 56 96 5 7 82 95 37 14 74 88 38 98 30 90 39 94 8 
82 9 42 2 34 83 54 81 10 87 33 96 26 57 15 33 64 92 87 17 
94 28 18 3 21 23 88 35 2 39 97 31 38 57 50 35 53 26 11 86 
6 74 7 75 80 95 68 24 98 90 84 59 84 3 60 16 69 6 40 38 
8 65 52 79 21 83 8 21 58 34 19 94 29 8 3 18 59 96 81 46 
92 98 46 7 56 95 6 50 64 44 70 4 55 74 18 98 59 95 69 38 
12 25 73 40 75 40 44 36 4 31 3 73 88 31 93 18 97 72 89 7 
86 93 25 34 81 35 82 99 89 6 98 29 10 54 29 50 40 75 19 33 
23 36 41 84 87 40 11 17 63 81 36 87 76 57 73 15 83 50 88 31 
20 45 17 52 51 89 35 27 59 63 79 77 61 70 50 24 35 55 52 42 
98 3 45 94 70 5 51 89 25 95 21 88 62 6 48 5 90 11 19 27 
98 54 50 29 49 57 25 26 27 84 5 95 96 52 16 44 77 87 81 25 
77 34 81 67 56 93 37 25 98 34 71 67 27 14 42 10 54 43 51 33 
53 30 27 27 70 28 54 20 6 35 46 66 4 57 73 53 24 41 82 94 
80 3 50 62 34 38 31 43 16 19 57 3 32 93 86 18 5 13 94 12 
90 60 28 68 11 80 18 40 95 69 54 67 41 60 51 48 2 36 50 15 
31 23 87 97 90 65 81 84 86 36 39 98 2 88 47 38 58 33 29 57 
56 27 56 10 24 35 30 62 11 51 50 60 9 2 5 7 99 55 7 13 
65 28 51 1 26 99 25 78 70 42 86 9 67 80 30 17 60 71 38 42 
35 79 53 40 34 88 41 68 60 59 16 27 41 47 27 17 71 75 15 10 
51 63 84 53 5 60 75 54 53 61 26 88 82 69 50 52 39 29 95 49 
75 93 15 42 11 9 91 20 43 77 95 96 69 23 30 84 84 55 68 36 
63 87 30 22 28 57 77 55 76 6 41 18 56 82 57 52 63 82 31 24 
59 15 48 18 79 87 69 7 80 96 4 98 51 42 16 64 92 61 24 1 
17 2 6 68 19 19 24 28 94 10 60 17 83 5 96 44 11 88 90 16 
48 21 94 62 43 42 93 15 20 93 69 5 62 96 38 66 7 65 93 44 
98 30 20 20 29 19 40 52 61 37 72 82 57 83 85 92 75 86 73 94 
65 39 96 28 69 75 21 41 32 98 30 75 24 95 27 39 87 54 29 39 
51 59 63 29 24 96 63 17 57 88 9 76 12 48 70 89 79 54 55 88 
36 99 89 36 15 25 65 43 41 68 70 20 2 40 72 38 66 21 23 91 
70 38 44 11 17 8 38 80 68 92 47 13 35 46 78 10 18 55 52 64 
71 75 53 69 85 71 54 98 22 74 48 8 29 70 68 39 37 68 62 47 
71 16 53 43 4 48 29 71 7 59 29 91 43 14 16 20 91 60 92 6 
83 7 22 14 45 87 99 11 37 81 72 36 98 15 78 71 18 10 58 86 
40 20 34 73 18 28 52 6 4 53 75 13 96 77 86 22 42 82 11 48 
94 39 81 72 56 91 57 97 90 30 40 20 56 40 44 97 42 12 66 68 
32 9 18 87 27 72 41 36 64 28 14 91 15 82 27 28 39 47 26 63 
19 70 44 54 48 27 66 92 28 78 81 92 32 38 53 74 60 68 42 18 
88 36 87 66 26 27 97 97 29 27 89 91 58 52 64 49 87 94 12 25 
51 3 89 13 19 97 9 53 77 6 82 4 98 70 3 52 63 4 26 56 
79 39 16 30 77 21 60 20 10 79 90 40 93 17 47 30 23 73 4 25 
44 43 97 92 66 97 39 38 13 70 16 88 67 55 82 44 48 23 21 59 
29 36 77 8 36 76 18 86 54 8 47 63 93 18 60 44 44 92 93 44 
70 71 82 35 59 60 79 6 85 50 60 91 8 71 80 85 3 8 8 91 
74 15 90 80 97 48 9 20 26 22 59 81 88 81 70 91 54 28 1 58 
38 99 44 32 82 82 38 37 57 65 28 9 46 92 25 27 43 3 95 35 
37 8 42 57 54 22 52 92 47 92 7 62 71 94 62 32 93 12 35 76 
37 84 17 61 15 21 33 71 3 50 92 23 50 20 80 44 87 43 46 28 
88 78 51 89 83 43 4 35 44 15 56 10 46 76 33 31 33 80 58 61 
63 52 59 88 62 81 10 32 62 62 80 91 24 50 95 99 68 27 2 60 
68 81 25 81 75 42 4 84 40 3 26 32 30 98 91 83 25 36 53 75 
68 32 49 60 38 83 58 84 33 41 55 32 97 93 42 8 43 30 73 16 
13 74 3 41 93 16 35 80 3 24 69 65 79 66 20 59 35 4 46 89 
73 73 29 67 70 60 1 40 68 4 2 31 74 3 82 35 54 93 37 65 
1 85 36 52 89 50 70 56 56 96 86 14 49 54 58 52 97 96 15 69 
93 96 88 47 13 26 48 19 59 29 31 66 87 95 59 46 88 38 23 36 
76 37 45 43 50 44 69 36 87 3 48 45 51 36 97 42 20 40 14 67 
45 16 81 9 74 2 6 12 77 46 47 49 82 17 56 47 33 88 41 93 
35 98 43 91 89 68 17 68 13 34 63 28 90 10 40 70 94 44 63 27 
91 58 41 56 59 11 42 2 40 93 4 64 20 76 45 30 41 49 55 84 
3 9 15 28 11 70 14 25 38 29 67 47 44 71 20 66 6 29 61 54 
91 34 25 1 42 84 49 95 56 39 56 98 26 15 29 12 29 52 35 22 
93 2 78 62 98 42 62 78 89 10 54 26 39 95 46 6 6 33 69 67 
2 7 43 73 1 84 65 27 84 69 26 69 95 41 37 17 39 70 76 24 
25 49 17 97 69 24 55 51 88 42 96 34 47 42 69 22 2 49 40 35 
71 11 43 94 85 54 71 49 32 4 51 36 63 41 27 54 93 96 86 74 
45 2 16 4 87 41 9 64 86 10 32 62 93 76 95 78 79 95 38 77 
29 77 22 77 12 38 65 51 98 78 75 77 79 64 48 12 14 13 67 89 
77 80 1 53 36 69 15 88 44 91 6 98 52 18 62 1 79 67 91 44 
86 57 9 96 29 60 34 73 2 14 75 93 75 20 86 18 61 57 28 26 
26 35 40 40 46 72 26 92 86 19 50 62 39 25 81 42 24 85 36 70 
28 62 46 42 28 18 4 9 83 44 3 65 35 35 7 7 48 55 63 21 
19 77 34 76 43 53 12 37 73 88 32 45 96 21 81 14 64 73 15 53 
86 59 5 52 34 89 61 52 51 4 60 48 23 5 48 43 36 69 51 71 
14 31 69 74 5 47 64 83 80 5 29 56 39 10 37 1 72 27 11 49 
67 7 20 4 70 18 57 20 44 26 25 52 39 90 38 32 59 56 92 52 
70 95 18 37 72 20 6 4 49 19 92 28 44 35 38 61 50 83 77 23 
43 95 53 8 27 56 20 51 50 21 66 13 7 67 70 99 25 26 7 37 
96 37 80 76 10 12 80 57 8 34 4 66 96 13 6 41 38 25 36 49 
32 88 64 53 81 86 33 71 60 65 79 81 8 5 7 5 86 48 4 70 
76 9 14 66 83 60 30 99 35 6 69 2 3 8 96 70 83 59 4 61 
53 8 20 10 81 18 12 33 45 91 68 55 28 21 54 30 62 23 42 20 
9 8 45 2 60 31 92 31 66 45 11 66 4 42 42 11 20 24 9 1 
75 25 94 90 81 21 39 71 16 39 88 8 53 56 79 37 18 56 42 99 
17 64 42 14 30 57 70 2 31 84 8 27 71 28 7 75 29 69 36 3 
54 7 96 51 98 73 84 26 84 62 54 90 14 38 15 81 62 90 30 51 
72 8 72 48 95 10 55 16 75 70 89 60 51 69 63 1 33 91 87 61 
81 9 34 16 9 98 23 27 16 9 86 7 46 85 51 29 81 93 20 49 
92 77 76 72 61 66 50 75 79 95 67 48 60 96 47 93 16 68 85 73 
67 71 32 70 86 28 51 8 96 25 75 71 81 49 69 24 23 54 88 70 
89 33 33 91 81 20 76 40 38 82 50 75 71 58 48 38 24 64 30 51 
17 14 85 73 55 57 31 92 94 5 82 34 7 28 1 10 41 18 59 32 
49 6 64 82 2 85 66 74 45 94 45 13 2 65 15 42 61 40 79 8 
40 5 23 24 6 72 44 27 23 4 79 74 54 72 22 86 75 87 82 36 
52 34 33 50 96 30 7 99 9 38 78 37 87 97 39 18 68 18 47 32 
51 31 57 93 42 31 9 20 89 68 25 55 52 74 61 40 86 12 50 19 
40 54 43 90 60 80 19 93 50 76 6 69 1 46 40 81 30 79 21 18 
7 81 23 35 91 75 22 29 94 70 11 82 9 58 25 3 57 63 93 27 