20 263
91 78 92 87 7 19 32 45 72 19 15 90 80 32 27 95 10 63 72 93 
40 65 43 59 87 14 75 72 94 22 91 12 46 12 16 56 55 85 78 58 
39 36 72 67 79 1 86 92 41 39 39 44 67 11 19 90 64 74 17 6 
53 30 33 24 92 84 3 9 99 28 94 29 42 57 64 32 28 49 95 99 
28 37 59 90 40 12 69 9 64 33 42 1 67 15 96 91 85 46 7 14 
42 29 16 45 52 34 75 42 44 74 63 61 69 78 10 17 27 74 3 28 
17 76 21 17 98 66 57 30 17 4 86 16 35 39 54 14 60 27 8 68 
19 88 83 9 31 1 80 27 50 86 28 86 32 35 56 21 67 16 52 92 
71 13 37 9 65 67 13 70 81 31 87 86 87 46 31 36 11 36 94 54 
20 56 7 92 58 2 45 67 80 78 92 15 51 3 9 17 1 1 96 27 
32 45 51 98 66 73 53 29 74 40 24 46 21 52 30 89 32 44 48 37 
27 83 43 34 20 66 12 23 44 82 33 37 45 92 53 25 41 2 61 15 
49 32 39 36 37 6 38 77 15 61 69 8 63 89 95 42 38 62 36 59 
9 89 93 2 90 26 42 40 89 75 18 15 3 26 72 17 79 34 47 30 
35 96 35 98 60 21 10 95 55 52 44 36 66 80 42 10 83 15 77 92 
78 25 55 77 21 14 36 15 86 2 93 58 55 6 62 47 69 32 98 67 
90 14 87 71 7 36 69 44 70 7 42 73 47 41 8 74 6 48 3 24 
24 92 95 29 57 47 22 86 65 63 56 67 43 68 58 66 12 90 64 51 
24 50 11 80 90 11 69 76 78 9 7 30 41 78 88 50 63 70 81 38 
13 84 92 29 53 87 15 75 28 26 23 85 45 26 73 82 22 42 57 19 
93 56 57 24 88 72 17 94 24 75 36 8 27 31 43 85 37 53 76 82 
92 4 15 42 54 15 91 47 98 41 25 91 15 37 17 32 56 10 61 77 
54 18 2 75 77 44 65 12 60 52 92 9 33 39 8 51 5 71 40 94 
57 6 71 3 96 16 67 54 54 28 59 15 30 88 63 39 60 84 36 20 
1 15 84 89 42 27 56 31 36 55 92 6 13 13 52 49 27 31 2 8 
12 20 55 6 21 47 89 87 52 72 72 60 73 98 2 41 80 79 95 77 
99 9 25 96 4 72 67 92 25 86 92 51 84 5 75 90 83 42 80 72 
3 76 66 60 49 70 19 76 96 52 42 65 13 50 22 53 66 65 63 76 
83 58 22 33 64 98 4 98 67 6 92 69 73 36 91 80 33 56 40 37 
12 65 99 3 2 49 93 24 55 64 80 92 21 86 25 72 53 61 6 5 
4 61 5 39 21 50 88 50 20 63 30 93 58 66 43 98 97 78 22 47 
81 79 74 69 51 13 17 45 87 84 69 71 89 53 52 35 47 32 58 6 
64 76 58 21 28 69 14 38 7 7 44 60 28 5 43 84 33 75 13 54 
93 94 99 83 9 58 83 4 57 49 93 32 82 41 85 87 2 13 88 66 
18 97 17 85 27 41 77 62 52 39 63 15 2 48 52 43 97 20 11 57 
40 39 89 23 47 98 5 67 45 35 62 4 20 76 93 37 68 55 67 37 
71 15 1 40 86 86 21 88 30 3 92 79 20 63 96 96 82 42 92 62 
2 24 29 35 84 66 5 46 28 96 69 44 64 82 92 37 97 53 28 85 
1 15 45 36 76 37 75 52 81 11 44 67 2 23 84 60 72 64 8 78 
77 62 79 56 91 34 53 70 39 48 84 36 41 23 6 14 70 16 15 55 
87 35 92 34 96 97 81 2 87 54 74 48 20 40 36 50 23 24 20 55 
57 28 71 98 22 98 87 24 88 95 6 28 56 57 22 6 64 57 73 38 
30 89 44 88 88 73 43 70 88 34 97 33 96 44 17 79 16 15 40 24 
89 16 18 12 4 28 25 14 14 32 95 51 11 30 8 59 31 2 27 59 
28 83 94 55 87 34 90 6 2 93 22 46 57 81 79 77 89 70 7 50 
46 65 41 67 14 67 85 73 83 70 94 74 44 14 68 44 82 92 29 24 
79 68 69 24 82 95 86 35 42 54 62 93 22 13 96 3 58 44 35 17 
70 36 38 23 87 44 83 75 83 73 15 31 91 82 59 50 69 16 76 33 
99 74 91 86 5 73 23 59 27 41 20 97 83 7 86 85 19 26 15 71 
48 58 92 58 92 46 22 50 11 50 48 85 45 7 54 21 31 64 21 26 
28 68 44 85 95 56 32 91 10 49 75 77 38 87 54 11 45 72 83 51 
44 57 57 44 39 88 75 5 58 4 75 42 65 27 17 97 40 14 18 35 
69 89 64 5 19 63 68 43 79 29 78 90 38 38 12 64 94 34 86 46 
26 12 66 90 34 63 48 75 52 39 49 47 60 57 11 13 6 14 48 11 
57 72 37 59 61 40 40 49 79 43 59 90 97 57 49 86 7 1 32 84 
79 40 58 84 37 23 59 20 79 85 96 31 51 69 79 96 79 52 55 17 
71 37 95 18 41 22 2 19 93 40 73 38 54 73 36 64 90 42 64 65 
64 65 84 91 31 82 61 74 99 64 94 45 60 74 7 58 82 96 23 19 
88 7 30 53 29 21 38 35 37 22 75 3 32 89 92 93 89 99 8 47 
23 51 73 21 13 46 48 72 15 17 61 69 87 99 9 95 17 24 31 87 
98 67 67 67 68 9 93 49 45 43 76 61 90 94 43 21 69 81 2 17 
98 52 65 49 91 28 98 66 86 7 20 6 3 22 33 78 38 16 38 37 
98 93 42 36 25 13 5 83 60 54 40 26 14 52 26 20 92 77 99 10 
90 5 97 2 88 40 74 53 52 11 12 27 88 83 36 57 69 86 36 98 
89 95 73 53 28 47 54 65 79 67 37 12 30 39 17 30 26 51 24 95 
93 90 87 14 65 72 36 17 88 55 53 51 51 10 87 92 34 55 19 14 
25 32 71 31 26 93 49 82 58 1 14 3 17 4 28 76 40 32 45 54 
90 84 49 30 21 94 14 33 82 51 51 72 81 51 80 29 7 49 40 67 
48 97 78 52 88 25 1 91 59 89 55 22 57 77 46 63 49 96 8 54 
54 47 42 30 48 69 81 88 76 86 7 83 67 76 68 11 36 21 76 43 
39 99 63 70 8 39 8 9 18 1 21 10 82 86 5 29 37 16 36 6 
69 36 89 91 78 32 58 30 28 77 72 70 97 99 12 67 7 93 14 20 
14 41 95 81 86 20 40 15 19 25 19 62 75 43 26 12 86 2 2 99 
51 66 20 32 29 82 58 85 46 69 2 22 88 16 34 9 80 9 62 28 
49 29 86 28 65 58 99 26 12 66 93 10 86 81 51 29 10 55 4 98 
41 87 1 88 64 3 30 53 41 75 84 10 59 17 62 48 32 4 58 58 
89 76 28 45 15 50 72 54 10 8 94 80 94 7 77 14 94 64 48 13 
58 23 1 47 26 65 37 55 95 33 60 39 55 5 43 7 99 49 41 19 
37 55 60 44 30 21 68 56 62 31 82 8 53 66 44 67 70 35 84 64 
22 62 75 33 72 3 28 6 7 75 85 66 15 3 91 67 37 38 23 30 
31 57 2 61 61 64 14 19 86 32 58 76 85 33 96 45 49 81 2 5 
87 28 42 19 60 18 9 86 73 57 68 6 48 79 76 86 4 43 10 27 
31 18 97 22 73 35 41 27 92 4 79 11 12 79 42 29 92 25 41 73 
61 33 8 28 67 98 37 44 17 9 71 1 67 84 55 58 78 52 10 92 
73 76 87 49 92 57 47 66 2 54 2 27 30 82 80 38 53 11 29 65 
62 20 26 31 32 39 62 74 73 17 63 36 77 41 88 91 32 22 15 25 
72 86 66 28 18 6 5 25 27 80 75 2 74 98 14 55 57 26 77 91 
78 34 29 53 98 39 57 46 46 74 62 70 16 35 31 74 51 87 60 63 
99 82 31 94 31 71 70 25 6 56 65 5 34 37 85 10 40 75 32 35 
46 36 29 55 3 45 47 18 51 11 46 34 15 34 94 28 10 53 46 11 
30 63 55 41 53 95 88 31 73 87 65 2 72 50 6 70 6 83 69 31 
54 74 18 45 11 38 26 29 70 33 2 3 50 11 74 75 30 72 57 14 
29 96 36 44 79 83 30 3 66 41 71 48 1 49 32 50 79 36 34 12 
72 24 89 79 56 94 4 4 67 83 67 20 33 91 3 50 59 93 92 12 
98 90 57 75 52 85 98 73 98 9 24 53 47 9 77 77 79 36 64 83 
79 73 82 13 89 44 75 32 9 39 11 20 40 72 14 60 88 91 68 25 
9 80 86 25 17 28 17 11 38 30 90 56 92 58 83 4 93 19 79 69 
22 99 80 42 9 62 16 83 41 34 58 91 56 65 17 39 79 2 98 5 
10 99 53 65 79 5 9 8 39 45 18 91 57 11 8 90 51 34 49 52 
19 90 68 21 81 50 80 15 89 10 14 43 55 8 57 8 71 23 99 14 
70 99 72 45 7 78 58 3 2 14 11 13 16 93 88 95 15 15 56 91 
7 61 93 74 67 25 74 21 9 11 54 29 9 51 13 80 48 30 79 30 
25 17 1 72 20 45 32 34 79 2 38 33 41 23 5 38 45 15 57 28 
90 71 9 9 80 74 99 72 86 92 65 70 1 38 2 63 53 37 45 79 
90 67 25 58 18 93 79 19 78 51 11 26 23 91 67 6 59 23 8 53 
18 38 76 29 57 61 14 2 23 91 94 85 80 47 22 51 99 71 62 50 
63 45 32 59 21 51 86 14 87 80 11 66 85 38 10 71 34 95 19 31 
59 76 95 17 85 85 3 80 77 4 19 64 81 82 43 33 8 77 61 68 
16 86 79 10 19 68 72 11 86 67 82 77 38 27 51 80 76 21 47 2 
70 93 78 55 45 96 84 2 4 57 72 61 70 37 84 27 1 90 64 43 
17 36 35 25 10 46 35 25 72 18 78 13 44 95 89 10 86 51 43 36 
45 89 2 5 91 70 84 63 44 71 59 64 39 9 9 63 71 16 69 81 
62 98 59 2 14 43 17 61 20 18 68 10 74 51 60 41 43 9 15 60 
60 89 13 20 33 30 94 29 7 92 72 25 74 52 97 65 82 90 80 57 
42 9 73 88 26 34 16 66 79 7 70 74 28 18 95 88 54 70 31 28 
28 20 44 41 68 77 72 58 30 69 88 86 83 15 48 26 73 52 26 66 
31 28 81 27 2 35 13 83 87 10 19 26 74 5 27 63 92 18 55 13 
33 45 50 14 27 98 20 44 99 11 81 53 85 33 14 26 77 20 13 24 
92 20 21 76 58 57 22 87 6 16 1 16 46 89 4 5 26 9 99 33 
85 19 62 60 69 88 46 59 65 61 36 44 12 61 86 54 28 60 22 58 
54 22 85 69 60 95 99 18 16 26 43 57 27 51 30 20 79 52 38 54 
80 26 40 1 1 94 71 99 62 83 66 98 54 32 20 74 14 49 44 31 
44 70 61 71 31 71 92 38 2 34 97 77 57 57 97 11 44 92 44 28 
25 89 55 6 35 41 89 69 81 17 8 60 71 94 83 6 3 21 26 39 
87 78 75 29 81 70 41 78 91 82 61 58 7 89 66 17 28 93 33 72 
22 61 15 77 50 89 76 55 26 85 46 18 17 55 74 23 8 75 33 69 
19 35 50 98 29 35 61 27 47 82 10 87 94 94 15 17 86 20 95 77 
67 20 37 90 38 76 61 24 32 75 62 29 33 32 27 56 98 93 90 78 
9 35 32 91 54 23 91 27 65 92 88 87 2 67 76 74 54 59 75 41 
75 93 65 1 73 41 93 28 80 3 76 22 25 7 79 80 31 73 32 11 
92 83 1 89 48 59 14 67 84 31 87 71 39 59 76 83 11 50 50 14 
41 45 46 78 52 98 99 34 14 73 98 7 8 19 81 71 25 86 57 72 
18 77 8 21 36 46 58 8 75 87 30 98 25 25 4 69 90 71 55 89 
98 1 22 76 71 47 3 12 25 70 90 21 7 61 37 44 55 71 50 85 
39 74 4 70 68 91 22 25 40 6 20 21 64 42 22 11 45 87 74 48 
60 20 89 73 48 74 42 14 30 90 62 99 65 71 21 62 27 2 39 52 
42 91 84 52 84 11 45 23 19 13 58 68 95 32 90 85 7 22 29 21 
24 8 40 65 92 87 56 44 73 89 34 22 56 9 50 2 68 51 3 63 
27 68 97 37 19 84 9 87 73 88 37 54 92 69 6 21 67 72 16 4 
78 79 5 38 22 2 43 86 61 16 58 13 48 16 7 12 41 81 59 89 
5 14 73 79 17 74 7 72 74 11 41 41 79 25 52 43 23 97 81 97 
54 5 41 37 38 79 19 41 69 4 31 39 27 13 36 2 40 72 39 86 
26 10 71 47 72 41 28 18 68 49 41 60 62 88 47 1 61 82 63 56 
79 90 39 3 72 23 70 1 1 10 24 97 46 55 60 66 25 5 25 20 
65 8 33 63 66 39 29 42 64 76 81 28 89 12 67 18 51 29 16 93 
82 86 82 87 61 64 4 9 76 11 28 94 22 91 79 6 40 54 52 70 
74 16 95 63 35 79 10 64 24 78 80 27 27 96 82 24 39 32 35 6 
55 90 37 69 10 33 31 5 44 56 95 30 86 5 75 63 15 85 54 6 
76 94 12 76 26 40 38 64 21 11 98 25 27 84 24 27 33 17 96 10 
21 52 59 75 21 86 74 36 52 16 37 42 7 6 77 14 88 67 19 43 
85 72 65 17 54 57 80 16 92 33 23 40 65 20 52 76 59 26 4 15 
26 17 1 51 72 81 14 58 70 60 38 5 6 41 20 61 1 71 7 60 
81 69 48 80 38 8 12 50 69 84 5 69 37 81 36 79 36 86 96 82 
63 41 57 65 40 43 88 89 84 20 9 91 78 51 47 58 34 19 29 31 
76 73 92 3 6 98 62 44 88 76 84 55 54 86 52 91 67 19 23 31 
38 10 79 47 99 49 16 65 90 39 29 68 50 47 70 31 43 69 41 5 
77 46 67 17 92 34 21 52 62 99 68 67 46 1 90 27 76 63 14 3 
21 64 22 59 96 94 90 89 76 66 37 10 31 44 35 32 78 60 10 40 
90 40 42 22 75 17 7 19 94 8 17 32 90 79 40 69 74 86 86 92 
79 31 10 24 75 46 36 61 12 60 19 16 57 73 88 49 79 98 65 24 
88 49 59 57 95 87 11 36 94 67 70 58 28 74 14 64 72 43 97 3 
74 16 29 48 94 73 4 62 92 64 77 61 95 8 30 73 6 11 19 38 
3 67 60 13 88 4 62 94 14 54 75 52 58 69 55 37 60 19 99 31 
92 29 48 68 85 20 15 38 94 17 26 1 35 80 98 36 28 32 60 46 
53 10 80 94 19 51 85 55 15 99 24 35 73 73 28 82 63 57 31 53 
63 2 64 45 84 12 17 46 36 73 11 72 58 56 54 78 51 97 28 31 
90 83 99 39 52 67 94 69 48 8 47 65 36 67 12 23 97 63 34 67 
18 60 32 19 23 66 23 66 19 64 38 29 84 35 25 1 33 43 39 76 
3 76 87 21 96 75 47 21 70 15 6 39 85 39 6 2 69 41 7 74 
45 4 84 33 78 3 29 11 96 68 49 22 34 48 76 86 23 26 93 28 
26 93 21 22 21 27 42 35 54 93 73 95 52 63 93 99 8 23 71 45 
35 70 94 61 2 27 14 28 25 68 19 13 97 23 4 74 8 58 27 17 
2 33 2 46 46 71 52 75 55 63 91 73 61 32 15 54 22 9 11 60 
48 80 19 36 39 10 21 75 55 90 1 37 41 55 27 99 81 33 28 94 
7 36 85 46 37 35 7 88 28 46 16 32 42 9 52 45 12 88 76 66 
94 10 89 91 97 13 82 33 75 91 98 90 1 87 57 93 33 7 94 46 
26 94 34 71 50 96 46 54 39 19 57 98 14 69 56 2 64 25 52 47 
73 32 70 29 41 61 22 95 55 76 32 43 72 9 96 20 96 2 80 49 
27 19 12 89 58 48 13 36 6 83 76 28 88 79 65 26 48 84 70 16 
67 25 93 62 20 45 9 38 61 86 55 3 33 14 21 88 73 96 83 34 
66 17 1 44 89 24 1 38 75 9 75 52 53 31 33 4 87 38 9 39 
34 54 73 50 16 1 33 44 24 20 31 88 6 17 85 92 53 93 4 27 
41 94 85 69 40 59 72 49 1 48 51 14 96 90 58 77 39 89 47 69 
12 83 31 51 62 62 39 14 79 27 16 5 57 44 96 81 82 84 17 63 
26 12 54 50 2 61 26 60 43 54 34 32 49 34 32 53 30 96 19 55 
21 3 77 62 46 72 88 62 7 54 44 48 52 16 61 88 85 73 71 44 
85 47 6 36 81 13 5 74 46 49 77 67 43 28 15 69 91 37 42 25 
18 15 57 48 36 53 94 47 58 42 74 44 88 87 88 61 78 12 86 37 
47 91 20 3 34 85 1 79 52 70 40 60 57 91 52 52 62 53 32 60 
44 37 25 25 48 10 94 93 55 33 37 47 79 30 74 36 44 91 75 18 
27 23 69 90 62 23 45 88 14 99 47 16 75 34 27 8 40 58 59 72 
74 2 10 81 77 47 12 24 12 8 54 56 74 22 87 73 27 93 38 66 
19 42 35 42 47 33 73 75 51 88 99 50 99 79 69 82 20 65 85 26 
45 37 54 31 17 75 95 59 84 46 30 37 54 38 27 31 53 78 76 10 
92 69 29 93 73 59 55 57 20 77 17 62 66 21 41 86 24 57 57 94 
1 14 91 51 67 75 71 93 89 85 59 59 52 76 61 32 70 93 64 98 
29 39 67 95 33 79 4 6 9 69 32 26 77 95 30 56 86 84 16 70 
84 66 65 5 4 35 77 13 58 19 41 62 23 91 94 95 8 64 92 26 
79 72 90 45 23 45 61 28 13 55 19 39 57 7 50 38 65 90 25 97 
37 8 65 69 31 6 63 8 75 61 26 21 28 11 14 4 10 26 33 28 
8 35 12 72 14 80 28 4 23 31 7 60 68 36 31 7 56 74 12 58 
38 48 44 85 25 33 43 70 72 85 29 76 19 88 71 51 33 21 12 97 
83 50 82 92 21 31 25 12 37 6 28 29 9 78 88 72 81 8 25 27 
14 37 8 35 76 58 55 78 97 93 86 22 13 14 64 68 93 27 58 67 
65 16 99 42 39 41 30 59 70 65 5 42 1 58 65 64 13 22 95 96 
87 8 83 56 43 89 61 7 6 33 81 75 2 21 21 46 86 78 3 82 
88 77 31 37 61 69 44 21 26 26 80 35 11 24 58 26 23 48 14 31 
37 60 19 7 14 45 85 11 86 71 6 10 41 13 44 9 26 18 9 55 
98 46 14 63 72 27 60 57 14 89 20 29 60 77 95 45 91 46 23 33 
9 40 25 25 34 54 54 96 43 65 87 58 26 86 78 40 76 27 34 57 
87 93 46 43 74 58 62 4 30 27 22 81 44 75 9 28 7 84 74 83 
37 25 28 84 7 61 91 49 49 63 58 37 99 49 63 82 27 31 10 42 
11 30 28 29 54 22 32 28 35 4 18 8 1 21 81 33 51 72 45 47 
61 67 59 74 31 12 64 5 44 26 54 27 30 75 90 68 83 5 44 35 
23 9 28 10 53 19 72 65 34 99 36 50 92 12 78 88 3 39 38 78 
23 93 71 52 87 75 24 26 16 89 65 97 90 64 54 84 33 28 58 79 
53 55 65 35 69 93 1 8 55 85 54 29 35 81 67 93 29 68 90 38 
10 30 19 49 24 95 18 30 8 46 81 72 85 47 87 36 24 81 24 42 
98 18 93 8 82 19 52 81 91 8 52 18 41 17 48 56 59 29 55 7 
98 98 37 80 84 89 12 87 17 2 9 2 14 35 5 54 70 46 14 11 
42 70 63 48 33 83 3 70 91 7 94 4 49 59 30 81 99 41 95 60 
17 56 74 55 41 81 39 91 98 62 15 4 27 85 76 8 9 30 76 43 
99 41 13 13 92 25 18 29 66 11 80 85 92 18 59 54 17 17 30 54 
83 64 11 69 84 23 47 68 65 96 66 96 22 6 66 10 80 1 67 20 
29 95 54 24 82 7 41 51 79 73 43 81 42 76 74 63 33 93 40 76 
76 45 79 12 68 12 88 63 4 67 72 11 95 43 72 98 50 98 2 6 
12 55 38 55 45 28 13 54 35 67 38 12 51 83 18 33 61 30 74 58 
66 58 99 2 52 8 88 86 51 42 36 75 88 19 32 5 65 28 16 64 
36 92 57 82 58 81 17 51 50 10 67 15 64 53 42 80 69 62 30 84 
51 75 49 3 84 51 56 89 11 66 2 67 66 93 33 4 51 31 94 7 
86 95 46 78 99 81 50 54 58 2 63 43 96 4 45 97 10 99 29 35 
45 97 3 47 71 58 84 40 6 75 82 23 49 93 88 11 86 42 92 55 
75 79 20 66 3 39 78 68 6 78 95 48 36 84 25 61 29 40 13 97 
19 7 56 52 35 20 65 13 54 48 26 27 10 79 59 71 93 37 47 9 
92 69 59 58 10 62 38 99 85 88 68 98 46 14 47 50 71 16 87 31 
63 27 13 89 35 97 19 5 55 37 26 81 55 65 57 89 82 37 48 29 
90 23 85 29 28 40 42 25 10 19 87 76 48 19 56 29 35 71 52 66 
54 60 2 53 61 20 80 97 3 99 59 80 33 41 38 58 69 59 51 18 
75 18 81 71 1 54 54 22 92 50 99 20 22 12 73 58 67 56 82 88 
21 55 91 5 52 25 65 13 86 61 46 35 75 27 14 9 14 60 85 37 
97 55 89 60 42 55 11 54 49 16 48 30 12 57 69 17 36 49 52 92 
35 71 68 87 75 84 92 87 25 42 59 38 78 51 47 41 85 5 56 42 
73 45 77 71 92 48 12 39 6 25 59 10 50 73 33 64 64 18 79 27 
21 88 78 67 56 16 30 57 27 50 23 5 44 82 44 62 35 97 48 57 
92 20 95 48 94 1 38 19 7 81 97 20 88 95 12 75 48 68 20 38 
47 87 57 4 60 81 20 69 99 67 87 47 23 73 29 94 48 96 73 70 
89 60 51 36 47 47 79 20 21 35 27 40 6 21 26 45 84 73 3 7 
20 53 7 70 68 59 25 2 72 65 46 49 91 2 73 71 2 55 1 73 
47 94 21 4 43 38 80 98 33 85 6 7 72 20 66 80 80 96 10 84 
43 24 42 6 10 54 34 89 87 77 1 80 71 82 7 66 26 67 10 70 
93 25 12 55 39 32 47 41 58 26 15 29 62 47 62 58 36 86 58 73 
33 76 63 70 51 27 57 92 25 97 57 73 17 67 86 38 80 89 83 55 
75 14 2 87 3 85 4 4 71 96 29 59 96 29 79 48 78 46 42 16 
37 39 61 97 2 9 22 67 88 65 5 69 25 84 58 54 73 18 11 1 
28 87 6 77 96 47 77 91 99 62 48 20 7 92 91 22 55 79 33 93 
33 87 38 6 7 10 65 76 51 81 67 43 92 11 21 13 75 25 51 44 
81 19 2 90 88 37 83 22 30 15 27 27 98 44 55 48 86 25 65 15 
64 39 31 38 97 81 38 89 47 68 96 93 25 91 52 56 63 60 75 2 
12 9 56 57 31 17 48 26 50 24 51 65 73 58 69 97 15 60 87 4 
45 88 15 33 54 43 1 86 16 20 12 51 47 94 66 95 2 47 88 47 
75 13 65 47 10 5 96 74 2 97 30 71 81 9 94 76 8 7 38 87 
1 5 63 21 41 41 23 2 82 33 36 79 17 30 57 40 55 41 55 2 
16 4 70 94 5 61 36 66 17 60 77 11 40 83 69 36 68 54 14 68 