20 277
51 69 28 95 51 63 23 67 1 73 84 34 77 87 55 76 7 52 74 12 
47 32 23 62 23 76 12 48 11 14 91 16 27 47 72 45 80 74 59 87 
95 60 32 61 83 2 59 27 64 42 62 77 11 84 54 38 12 3 94 52 
42 46 58 21 66 94 82 18 88 28 49 11 15 78 43 97 17 54 82 98 
71 45 52 86 63 38 87 49 97 35 81 69 4 76 74 76 40 39 53 69 
23 83 78 7 27 91 60 6 15 88 23 48 53 39 50 62 66 27 37 66 
40 94 95 31 94 9 40 5 41 36 7 91 91 10 92 85 5 40 76 57 
28 5 96 1 61 18 78 43 13 67 81 33 57 32 4 6 1 67 74 6 
64 14 8 86 25 2 1 6 91 6 96 60 41 25 12 1 63 14 62 87 
72 16 93 57 68 83 60 22 45 13 71 19 12 1 16 90 97 49 41 65 
73 44 74 13 41 72 16 25 21 15 88 74 25 46 69 69 99 81 1 47 
24 58 36 19 69 80 43 76 72 82 36 29 93 17 87 95 98 82 75 5 
26 65 83 73 58 40 14 62 75 40 44 70 94 18 71 31 65 45 28 12 
50 7 61 42 87 99 31 61 88 57 67 17 13 62 34 20 94 68 21 5 
24 30 80 7 89 14 14 75 39 42 5 17 23 37 96 77 34 12 61 92 
37 92 30 14 51 35 55 49 9 32 68 1 98 69 66 8 83 60 16 68 
26 55 16 40 30 37 53 90 96 43 44 94 59 94 43 45 33 49 74 12 
27 90 29 99 96 73 86 98 44 45 93 14 58 3 10 30 8 64 48 92 
32 2 84 40 97 93 1 11 43 22 50 74 67 39 8 58 3 86 93 41 
25 26 48 8 15 53 17 88 19 37 75 24 50 57 51 49 8 64 10 87 
52 81 54 15 92 67 58 37 60 97 54 49 79 75 64 53 36 26 11 96 
90 59 74 53 29 58 58 90 26 26 64 18 17 25 85 84 60 80 34 52 
14 66 22 49 86 45 70 21 79 98 64 46 14 46 91 10 7 75 26 39 
54 62 30 30 62 16 41 29 24 58 62 37 95 2 26 31 13 54 4 81 
14 18 86 77 44 8 98 38 30 68 77 85 78 23 42 77 1 45 13 85 
87 18 22 96 63 85 88 30 43 34 79 14 67 26 51 53 66 37 90 35 
93 81 34 91 8 27 83 16 70 73 73 74 90 61 33 61 62 56 86 41 
2 11 75 10 65 37 84 66 56 34 96 46 3 40 46 37 92 14 83 75 
52 98 59 65 1 27 89 81 75 53 72 90 45 42 99 51 28 91 32 16 
27 10 34 13 58 47 58 37 51 78 52 69 20 59 59 87 95 29 9 36 
11 5 76 26 23 65 84 32 59 32 41 39 50 15 42 57 68 15 20 2 
14 67 61 34 33 33 12 15 62 13 81 14 88 28 50 87 96 93 31 65 
50 67 27 19 70 74 31 25 20 19 30 20 19 67 8 23 53 37 9 30 
65 26 97 13 12 21 84 34 67 36 13 34 4 54 18 67 57 17 20 39 
44 31 30 5 78 29 3 84 54 18 39 9 54 60 5 54 54 88 3 91 
16 15 82 42 43 90 70 70 5 74 79 23 76 98 79 66 72 63 45 44 
20 59 90 66 17 70 13 95 86 85 60 94 77 15 63 50 12 23 75 38 
99 5 54 84 29 75 78 53 93 67 14 93 5 1 45 61 29 66 66 11 
63 33 38 67 59 79 43 10 95 38 86 34 95 34 40 52 49 34 21 4 
62 89 48 26 94 47 31 11 33 18 2 36 47 55 36 14 68 68 95 13 
40 96 5 9 36 42 53 92 77 55 62 89 72 47 7 90 34 1 71 26 
48 35 15 60 30 57 25 76 77 28 88 40 58 62 10 16 8 72 19 7 
57 85 35 24 79 96 44 22 37 28 78 11 3 92 5 95 70 13 13 56 
78 38 35 52 76 46 41 8 59 96 69 14 30 86 64 81 34 64 24 59 
73 2 8 46 99 66 17 46 40 99 69 80 51 96 74 36 71 49 99 19 
85 64 2 64 78 88 42 65 15 24 76 72 75 44 72 24 18 69 3 20 
89 49 61 92 44 3 63 90 33 92 5 3 25 23 80 24 94 46 37 51 
9 64 45 11 95 3 14 84 24 48 23 83 81 70 69 39 63 87 43 50 
94 84 91 39 65 7 78 20 83 23 52 30 98 35 11 39 54 63 64 98 
16 10 8 40 6 55 88 36 47 70 35 19 90 53 73 55 91 32 67 14 
33 77 71 86 18 3 49 54 46 24 77 92 28 99 76 45 66 83 71 48 
39 95 42 26 24 9 51 59 78 8 85 12 50 64 90 90 16 11 61 43 
20 28 92 65 6 25 95 62 52 20 12 73 48 45 4 45 45 13 25 8 
90 72 39 6 76 70 20 30 76 3 18 45 17 9 86 64 21 45 57 93 
57 46 17 94 70 60 3 62 19 75 64 15 77 24 13 9 4 19 2 86 
15 23 3 38 50 6 93 86 14 36 95 89 38 34 57 95 63 39 37 37 
55 21 70 26 42 63 98 68 9 56 56 39 73 39 64 14 43 69 43 9 
46 99 73 56 32 95 11 3 52 56 50 24 34 56 29 43 9 34 25 46 
28 63 93 28 44 92 27 72 41 1 24 47 85 86 83 67 79 28 66 4 
18 53 87 73 3 48 85 49 53 90 19 24 4 80 11 34 21 4 42 74 
95 51 42 2 5 65 85 16 29 43 55 47 38 47 20 16 19 68 36 2 
25 62 35 46 85 50 42 10 79 76 46 77 61 76 26 78 40 11 90 69 
51 14 53 40 16 36 37 26 5 66 44 11 59 75 64 41 42 43 72 77 
72 67 77 33 30 24 92 99 74 11 37 86 76 53 8 45 88 85 63 4 
59 96 65 23 78 67 79 61 81 18 66 35 20 52 79 40 33 52 70 89 
16 57 89 27 24 43 89 68 81 31 20 90 48 96 84 40 34 37 98 10 
77 5 78 52 8 20 62 83 23 58 66 54 30 70 79 18 27 89 41 84 
87 60 35 41 53 19 73 69 62 10 48 79 12 91 50 20 36 28 6 86 
84 46 49 7 89 3 20 86 90 2 33 47 35 83 1 12 23 36 59 76 
13 85 41 89 30 77 84 60 99 41 22 15 95 11 51 76 81 80 27 63 
61 99 86 26 85 88 79 18 99 30 66 27 82 68 75 51 74 84 50 51 
23 14 10 68 81 89 32 16 74 2 76 91 47 18 98 8 13 6 64 24 
63 30 89 92 81 6 60 16 83 33 1 90 10 93 6 5 4 3 26 2 
17 32 38 26 37 20 10 65 22 98 15 6 69 45 11 42 72 52 87 19 
5 6 28 99 30 2 77 83 65 35 98 88 71 95 77 73 44 80 44 59 
63 84 74 99 69 14 66 4 10 84 84 77 31 49 87 37 13 71 41 40 
16 37 83 84 37 27 88 99 15 19 93 27 56 16 32 35 18 80 92 63 
49 14 15 84 56 36 46 95 20 31 67 87 23 28 44 7 71 57 62 50 
65 58 1 60 37 91 48 42 20 44 85 82 44 50 76 50 99 2 49 42 
39 12 19 29 39 21 97 74 59 11 25 37 51 40 10 35 56 52 91 56 
33 45 63 39 88 20 13 53 95 88 9 74 95 78 62 50 51 27 98 9 
23 30 98 3 22 85 56 62 66 1 27 77 6 34 67 59 2 94 38 35 
4 13 64 14 87 12 71 18 68 86 7 1 31 18 59 95 2 50 14 26 
87 40 28 54 66 74 67 73 14 84 35 8 80 85 77 11 91 87 96 80 
37 46 12 93 33 93 64 78 66 20 72 11 7 80 74 41 1 93 14 25 
92 35 90 32 56 99 50 40 13 82 9 23 80 97 2 30 1 52 65 71 
91 67 7 26 29 38 98 96 7 17 36 54 60 57 84 64 58 60 14 37 
74 17 90 82 64 82 67 11 28 91 53 3 78 3 37 57 71 88 33 4 
56 49 72 60 22 97 7 74 47 88 38 34 17 39 24 71 94 16 48 52 
80 42 62 6 88 70 95 10 30 13 28 96 37 49 30 40 86 56 63 48 
82 90 42 27 7 17 90 65 79 42 20 21 63 60 80 24 68 5 82 96 
67 20 26 67 92 55 25 30 41 38 90 54 7 58 75 5 84 83 83 34 
85 66 31 65 30 78 3 88 31 12 73 65 44 58 93 9 6 60 98 12 
9 34 21 90 55 93 73 7 76 56 32 66 79 21 22 79 91 92 26 26 
29 11 44 65 29 47 3 77 59 83 15 49 81 44 36 7 62 62 23 18 
53 64 56 81 15 24 97 70 56 19 75 55 53 39 78 36 28 40 69 72 
22 48 10 70 49 26 21 34 29 8 9 93 76 56 36 74 95 74 8 50 
4 89 66 43 19 74 50 64 97 14 87 34 54 58 37 39 30 99 13 46 
61 14 42 52 91 78 1 74 22 48 27 47 49 14 68 46 81 7 52 81 
6 24 32 33 76 24 73 71 39 50 27 39 15 33 19 69 4 76 65 66 
85 10 38 25 85 85 49 99 1 94 50 89 83 1 18 13 2 1 74 64 
7 42 16 15 17 39 74 52 77 98 76 40 31 25 26 38 58 23 39 88 
70 10 30 62 64 15 16 7 41 34 2 13 28 75 39 69 16 85 84 9 
16 31 42 62 4 41 19 8 72 22 98 61 90 19 71 97 14 24 21 61 
52 9 57 9 94 62 99 40 32 9 85 49 69 46 19 9 86 3 77 93 
57 1 58 32 91 26 33 80 47 19 20 22 42 41 30 94 2 84 43 3 
81 46 56 25 30 80 25 41 46 48 8 77 97 14 93 42 83 16 31 22 
91 40 97 42 27 26 47 47 79 9 83 43 9 2 59 70 7 69 97 1 
7 18 87 14 64 88 58 77 47 55 49 57 81 80 61 56 76 13 67 93 
92 35 88 2 28 54 92 16 80 51 54 81 63 37 81 51 51 67 41 36 
92 40 91 90 67 64 69 80 69 72 28 94 62 11 94 31 48 77 18 65 
1 7 19 78 63 58 85 82 91 91 91 71 39 69 43 29 77 59 89 31 
62 59 44 10 98 18 65 67 24 45 80 33 50 55 77 87 94 67 66 90 
24 17 27 40 15 46 59 78 9 81 1 2 42 61 58 61 51 55 36 78 
99 93 78 5 14 98 32 45 42 53 50 63 48 9 88 3 53 69 19 90 
64 1 65 79 82 74 26 60 89 58 39 11 96 18 38 91 14 79 50 90 
99 69 52 40 90 26 35 45 94 75 34 60 79 97 97 47 6 20 30 58 
83 70 9 96 72 20 80 10 74 81 26 22 92 75 36 16 75 10 26 38 
1 70 25 55 65 43 39 13 23 79 35 11 22 95 22 85 91 28 51 42 
62 34 71 50 95 21 10 47 66 60 53 19 78 93 30 10 60 19 54 63 
22 51 93 24 43 13 74 33 43 63 13 89 8 42 60 97 8 66 64 11 
81 32 18 32 84 44 88 33 14 42 50 88 26 68 93 71 76 40 98 35 
8 39 93 46 17 18 50 88 93 15 80 62 11 48 91 65 26 50 88 28 
48 14 40 64 44 23 17 40 54 8 85 82 87 30 96 48 9 85 54 76 
57 14 94 81 16 90 63 15 95 91 36 45 93 85 58 57 98 54 58 95 
24 88 67 14 9 14 79 62 24 39 87 84 69 5 54 2 39 86 70 49 
26 52 30 25 91 60 74 54 35 21 24 63 36 7 16 69 8 39 8 6 
45 77 70 83 31 26 15 60 57 57 30 50 20 35 95 51 88 44 15 69 
35 89 73 69 38 12 20 50 78 50 62 20 35 57 15 18 22 25 8 11 
59 92 51 95 45 56 47 73 70 29 45 54 10 58 68 1 99 68 26 38 
66 19 93 24 42 82 65 76 89 8 40 22 58 95 54 94 52 98 50 97 
40 13 86 49 22 98 89 30 39 2 92 80 1 28 71 91 16 75 49 55 
66 27 20 35 83 24 79 34 54 27 41 90 50 65 32 56 97 90 74 24 
84 72 19 57 15 86 23 97 58 43 62 75 17 97 6 85 81 80 32 58 
41 69 39 85 16 30 95 88 72 50 69 72 22 72 66 93 35 68 40 46 
11 33 9 85 28 23 23 13 4 13 85 50 92 41 21 51 90 45 47 66 
17 95 22 57 30 25 51 77 82 41 72 51 59 95 25 89 88 2 48 55 
83 39 43 90 51 6 9 6 70 4 10 49 2 33 34 26 91 12 75 87 
44 45 21 50 38 73 75 65 23 73 43 87 82 50 67 66 82 51 45 54 
37 51 70 66 48 15 62 8 25 8 7 24 9 82 79 43 86 50 34 32 
40 87 87 82 74 64 62 12 94 14 71 29 93 54 89 41 78 95 99 97 
38 17 97 58 29 77 43 84 95 88 41 99 53 42 54 56 71 33 92 49 
47 95 83 55 9 7 93 74 87 47 80 41 50 42 36 11 98 23 58 51 
41 81 88 13 35 62 46 70 42 32 58 6 56 98 82 3 72 5 60 93 
32 81 67 35 96 10 49 82 23 55 5 62 32 95 14 16 97 25 84 1 
53 42 47 53 57 70 67 44 68 65 32 63 44 84 1 41 1 9 89 88 
14 33 9 35 7 52 44 92 62 59 30 65 25 33 85 16 86 34 93 99 
35 94 53 44 93 62 25 67 41 41 24 57 74 2 42 40 31 84 84 87 
43 93 28 92 17 25 30 64 67 69 98 34 4 22 27 15 73 49 76 55 
41 47 74 52 30 59 58 53 54 64 53 85 12 56 64 93 20 66 55 4 
58 1 38 64 23 63 31 41 5 38 71 64 23 72 53 58 39 74 81 14 
22 84 13 93 42 85 94 62 33 70 72 81 14 97 87 22 84 48 80 33 
15 82 38 49 91 1 20 83 10 64 97 95 43 38 59 11 1 24 74 82 
14 70 77 53 66 61 32 54 42 36 59 35 37 44 44 75 16 80 62 35 
2 9 58 93 44 50 23 39 77 74 61 95 39 28 68 75 4 34 79 9 
99 98 6 73 37 61 59 70 22 30 29 24 54 91 96 6 94 5 78 48 
75 32 20 84 24 16 90 7 66 37 95 63 91 48 43 16 1 56 48 84 
79 22 58 45 25 1 34 51 64 50 97 35 69 87 7 82 33 52 53 54 
8 38 36 67 14 7 44 76 68 45 15 83 27 22 68 53 95 28 55 15 
92 94 64 7 95 31 64 75 13 9 17 60 69 47 75 8 19 20 50 99 
56 23 3 35 89 88 84 57 82 63 44 9 71 38 28 40 19 32 73 79 
17 50 52 93 75 31 95 60 78 83 91 36 10 47 41 4 3 34 16 20 
11 90 82 70 87 90 15 92 91 39 86 38 95 36 44 37 99 99 47 26 
18 70 41 19 72 65 16 39 84 23 7 16 38 80 52 20 94 7 85 60 
47 2 31 82 21 12 86 56 68 94 85 76 69 39 49 85 73 1 13 78 
40 20 17 60 58 60 50 56 84 51 15 99 9 69 18 79 18 5 7 97 
11 15 90 29 4 3 79 59 54 77 64 65 70 49 41 13 52 57 39 56 
12 49 80 22 14 19 26 55 6 92 48 39 84 42 97 47 63 1 89 67 
80 64 43 87 98 56 40 8 77 3 20 96 76 34 70 75 82 74 11 89 
3 48 85 47 54 51 22 67 94 47 96 61 90 57 42 91 15 8 27 83 
54 8 85 7 42 54 5 89 85 95 44 96 71 86 27 5 70 74 87 71 
45 47 17 6 62 55 25 88 73 61 92 37 27 13 2 2 30 88 75 78 
20 89 69 85 73 47 37 37 54 51 89 92 39 46 5 78 63 80 16 94 
76 53 39 74 13 50 41 62 76 36 34 21 22 56 61 42 33 32 86 10 
18 20 69 26 97 74 31 77 49 13 38 56 78 76 36 52 83 33 62 62 
72 24 22 65 24 68 22 55 41 96 62 70 13 62 30 77 47 32 16 18 
5 86 56 10 36 83 42 29 54 97 12 17 45 12 76 4 34 25 93 81 
52 98 64 59 93 32 56 47 47 39 37 32 20 15 5 10 5 30 51 7 
86 50 34 84 66 27 2 69 90 25 91 57 95 62 34 35 58 72 73 80 
61 5 95 46 80 62 71 41 92 55 47 17 15 70 38 43 87 91 15 79 
6 54 4 12 83 59 3 51 35 49 86 89 15 73 71 24 42 96 89 68 
80 48 29 95 91 89 64 12 28 71 16 41 37 50 22 84 76 89 23 42 
93 13 28 53 42 66 99 54 45 60 89 99 25 4 23 60 25 73 8 74 
49 33 95 59 60 5 11 21 52 4 70 66 75 15 73 27 28 2 54 23 
3 22 95 89 73 96 81 64 37 3 95 57 80 4 79 97 76 83 7 77 
36 62 2 15 21 63 66 42 22 31 85 60 46 64 53 60 27 96 3 94 
38 5 46 43 12 63 6 34 35 94 58 72 50 21 89 90 65 21 67 80 
55 46 87 24 91 8 64 40 70 31 24 33 25 59 22 67 16 73 56 73 
1 38 97 79 91 97 4 97 92 81 19 47 61 30 68 59 62 83 69 5 
9 12 1 44 76 69 52 34 68 55 51 7 71 87 73 33 83 27 52 21 
1 30 4 41 87 93 53 25 53 36 23 80 84 63 18 95 33 29 47 30 
84 28 34 14 34 6 18 71 41 6 34 93 25 25 77 60 40 83 58 74 
37 86 56 74 54 33 9 39 99 98 2 74 63 54 58 5 5 61 36 49 
98 15 98 1 73 78 27 38 46 25 72 78 41 16 17 21 52 75 72 87 
23 52 92 99 96 41 8 21 6 99 57 42 7 44 75 40 68 66 48 78 
48 58 78 97 9 33 73 39 98 45 44 71 48 43 4 15 20 22 10 26 
12 19 45 93 24 14 94 47 49 18 20 13 27 40 73 46 67 3 23 97 
65 89 55 37 30 40 47 26 99 10 86 59 98 49 13 46 33 49 4 26 
47 74 17 43 36 12 52 32 58 58 55 24 89 9 3 32 78 93 15 30 
94 38 81 4 92 15 7 29 39 29 65 35 50 55 27 43 15 23 85 88 
23 76 53 60 71 26 51 27 47 38 55 21 42 82 51 25 56 91 18 12 
82 10 64 88 5 28 97 87 19 43 64 92 89 1 9 77 6 41 98 66 
89 75 14 69 70 31 68 62 10 59 58 74 39 66 63 77 34 84 19 35 
65 21 88 63 89 66 28 50 24 43 11 72 46 9 93 8 57 47 91 87 
30 95 20 45 7 72 43 96 68 20 73 64 81 2 66 32 81 29 78 42 
63 46 46 38 83 58 3 47 10 72 24 25 41 7 77 2 54 19 62 95 
81 65 91 75 42 30 65 30 15 59 8 88 83 76 85 97 27 60 25 37 
19 41 14 54 98 47 54 36 37 28 77 96 82 79 72 69 25 7 34 27 
88 24 79 41 69 13 42 25 51 33 22 49 68 45 49 16 49 26 34 47 
2 44 10 28 74 37 69 39 51 25 47 69 9 5 72 9 56 65 11 72 
9 45 76 99 2 23 46 16 60 25 32 5 56 41 85 40 39 8 21 37 
37 53 71 71 12 42 11 11 68 63 70 55 46 62 39 57 45 98 12 33 
1 88 34 4 34 71 98 58 28 66 44 17 40 88 5 55 57 26 17 3 
77 8 6 88 8 78 72 1 83 86 1 37 68 16 32 98 60 3 61 78 
21 20 79 66 64 34 32 33 53 30 81 29 49 3 24 99 27 39 49 54 
10 82 45 33 35 32 55 82 25 29 70 49 57 38 9 65 56 24 22 1 
86 5 82 91 12 34 68 59 15 6 95 48 72 32 7 47 71 14 91 77 
95 55 53 34 44 81 90 15 53 74 56 9 92 63 2 65 32 65 41 44 
69 18 29 25 55 82 44 84 74 40 96 24 67 7 3 93 33 59 83 40 
36 24 52 31 16 28 45 98 2 80 14 47 84 74 39 47 84 52 65 83 
29 71 53 83 8 94 12 62 98 47 5 69 37 8 76 31 78 35 29 11 
30 55 91 46 46 68 57 68 31 43 95 30 99 87 27 25 66 30 59 47 
48 70 75 19 36 87 10 83 64 1 1 5 99 16 30 97 84 33 14 46 
25 2 3 70 20 53 65 30 86 86 75 42 57 88 66 75 54 27 58 78 
40 67 52 88 29 36 42 32 89 98 66 18 91 60 98 43 49 24 57 72 
92 3 84 90 76 9 26 7 53 2 80 25 20 85 57 57 45 32 24 33 
10 84 39 56 44 71 59 66 30 15 56 94 86 90 44 91 56 79 73 45 
39 41 10 88 66 22 27 58 26 44 7 92 89 18 7 17 60 56 72 96 
37 7 64 41 88 5 77 39 41 44 17 21 58 76 38 14 71 16 8 7 
90 53 34 9 98 50 76 29 50 71 31 72 61 21 11 21 22 58 36 81 
70 89 45 87 49 9 47 33 79 40 37 80 87 84 10 96 10 97 39 35 
27 17 58 85 66 35 79 84 41 35 43 16 51 77 73 36 54 85 55 23 
90 57 42 29 37 60 98 1 8 89 47 84 99 87 32 77 8 8 40 4 
4 73 12 35 79 90 25 18 60 12 59 18 92 43 85 53 48 81 44 15 
12 11 10 80 52 26 72 93 85 28 75 5 46 3 64 47 22 99 40 96 
1 6 20 54 3 34 63 37 47 57 40 10 48 93 15 71 44 19 82 55 
42 60 63 60 56 34 65 39 53 43 40 61 74 71 91 29 89 54 51 74 
92 71 3 29 6 82 27 80 33 11 95 25 8 28 65 1 10 40 70 57 
24 45 25 8 27 34 58 93 60 71 6 91 6 50 43 78 88 15 81 77 
26 21 23 80 88 36 37 79 38 84 19 92 51 99 75 15 82 28 43 85 
16 18 96 7 20 79 28 3 6 23 13 34 75 21 17 5 60 78 55 3 
19 89 19 54 63 37 58 17 77 42 82 94 13 10 40 21 62 70 44 41 
21 97 64 60 85 99 37 92 38 17 29 81 47 52 89 98 29 3 98 2 
53 46 3 96 77 58 73 47 80 62 89 77 62 45 18 54 58 34 25 27 
85 20 83 12 71 80 16 20 37 57 96 7 54 47 34 93 98 69 80 14 
38 24 69 20 21 17 31 30 83 67 18 34 41 31 37 6 27 21 81 66 
61 20 87 54 88 70 3 77 57 28 64 91 23 16 78 50 58 80 7 54 
24 5 45 41 52 74 76 58 22 27 64 49 15 81 80 38 45 12 49 75 
55 18 92 65 42 68 5 33 80 20 68 47 10 96 75 8 91 64 85 65 
48 97 98 49 19 99 76 53 77 94 91 50 57 27 93 43 47 52 65 62 
83 65 6 87 12 89 21 50 63 7 56 63 98 71 32 74 87 2 41 52 
54 55 54 54 43 78 46 15 9 45 93 21 78 73 24 14 26 38 99 49 
91 5 47 52 79 11 79 60 92 93 13 67 37 50 84 79 6 68 9 43 
59 45 2 63 88 15 83 60 64 10 54 21 29 11 91 67 50 17 21 57 
46 27 31 58 51 99 80 86 7 96 66 64 74 57 52 15 86 60 66 50 
34 10 53 10 71 75 46 20 52 46 5 54 64 7 98 92 41 51 87 59 
46 20 84 83 63 23 83 29 14 44 49 52 27 19 81 2 24 79 28 24 
8 77 38 13 87 77 17 16 21 12 13 5 21 94 69 56 32 51 98 7 
71 67 96 33 34 75 42 8 29 78 68 83 4 45 70 8 88 11 80 29 
79 77 80 69 1 24 44 51 64 51 12 58 10 66 59 82 41 89 92 83 
69 21 75 29 60 86 81 50 16 90 16 76 48 28 20 52 77 17 11 46 
67 80 65 92 66 24 5 60 10 4 55 34 34 89 63 16 59 21 64 84 
91 25 5 90 85 2 69 79 64 89 89 99 99 69 4 12 25 71 32 28 
32 15 26 3 19 19 30 42 85 57 76 76 70 75 45 24 98 53 6 88 
71 22 89 69 81 54 97 3 84 99 4 7 6 8 80 61 61 43 65 60 
1 18 18 2 49 60 13 36 99 74 42 50 49 92 64 13 54 74 20 77 
61 74 36 16 6 16 19 26 27 27 82 42 83 16 2 5 15 44 38 73 
86 27 60 11 84 3 45 5 28 8 37 38 48 43 95 79 6 14 79 60 
25 30 91 72 89 76 35 80 96 14 61 54 3 9 22 1 69 12 79 19 
5 12 76 61 68 37 11 5 46 41 43 73 89 41 62 13 42 29 57 89 
40 91 83 77 91 14 30 19 12 7 65 52 7 67 13 8 14 94 78 11 
5 33 41 28 26 91 56 30 1 52 33 65 77 47 20 26 54 39 40 82 
79 34 85 33 10 82 94 25 59 38 32 60 38 69 70 25 18 91 18 71 
47 85 9 78 62 12 90 25 55 94 89 15 16 93 45 72 55 33 69 16 
40 84 89 49 91 82 79 13 15 77 48 17 77 67 57 49 68 37 16 78 
60 99 15 1 58 59 95 15 86 94 98 13 56 88 2 96 91 56 52 42 
24 68 22 84 12 97 84 72 7 26 56 94 65 55 95 78 7 71 10 49 