20 343
27 10 41 33 99 53 37 41 62 32 37 69 29 59 71 7 4 31 36 93 
10 15 14 95 54 27 6 5 59 73 69 2 56 37 11 32 5 32 28 11 
21 6 35 36 65 84 2 99 51 81 61 5 6 92 32 5 31 21 78 99 
96 42 66 84 83 10 62 87 58 81 98 75 60 37 92 83 89 30 35 66 
4 86 76 36 12 97 13 21 47 90 6 90 61 17 38 25 87 11 17 21 
98 73 81 24 80 38 95 82 14 24 68 41 55 34 53 11 17 73 49 34 
24 70 47 3 27 68 64 10 29 79 34 47 43 14 6 92 97 80 18 35 
53 30 69 56 92 8 56 69 87 37 10 14 40 9 16 56 98 72 89 41 
90 20 8 90 41 61 44 97 35 85 3 21 14 11 13 37 67 94 12 40 
83 56 34 38 50 73 30 44 68 46 39 94 20 72 16 23 34 40 9 24 
25 96 52 3 5 35 1 42 29 7 27 6 24 31 50 82 58 39 22 25 
84 23 44 89 43 59 69 73 6 76 48 78 59 12 3 95 66 68 33 86 
54 99 44 95 41 43 6 33 68 17 94 19 79 69 86 49 18 66 8 36 
29 39 6 6 96 9 22 98 81 51 48 20 32 37 65 30 78 72 74 68 
93 16 70 75 23 9 3 27 60 88 94 98 74 11 11 39 61 80 26 42 
20 86 22 72 13 72 30 14 14 64 71 2 69 95 90 51 32 94 68 70 
52 17 19 19 76 38 78 32 69 74 35 67 65 62 96 66 60 59 1 34 
79 26 26 26 29 54 64 29 58 89 75 17 87 46 88 67 4 87 61 81 
29 22 23 6 30 9 23 90 99 23 94 46 81 31 77 32 50 90 60 57 
58 62 28 22 9 75 20 68 48 43 79 72 55 45 2 64 18 47 11 8 
70 1 40 55 95 48 89 66 96 79 47 90 91 24 31 31 84 88 54 69 
72 19 91 26 4 50 32 76 88 61 38 42 15 4 79 6 55 48 82 36 
94 52 87 62 70 73 38 81 40 86 61 98 25 76 40 35 96 49 88 20 
87 54 13 86 91 61 6 27 34 75 86 51 19 14 56 94 19 57 41 57 
17 51 48 42 67 26 97 32 91 71 74 33 39 34 47 25 63 9 14 86 
11 63 2 58 10 88 33 83 60 56 1 89 8 88 66 26 48 68 39 19 
93 13 65 23 45 78 61 35 15 5 16 61 58 3 32 73 98 30 91 68 
78 33 39 71 81 37 43 62 91 15 75 68 99 64 73 60 76 50 29 29 
67 48 28 47 72 59 38 44 33 28 39 25 12 71 51 70 91 28 5 93 
11 4 9 37 13 2 94 87 57 19 42 1 51 35 30 20 81 16 73 19 
27 85 84 56 99 89 46 98 94 79 21 97 10 47 55 21 38 35 38 66 
71 76 37 2 7 60 76 41 83 40 40 8 23 54 77 49 29 80 83 33 
11 33 10 89 6 15 3 85 86 33 75 47 24 38 27 21 62 29 77 64 
58 6 1 20 22 50 36 40 63 71 24 30 33 89 6 63 14 4 16 60 
94 83 88 30 79 8 35 55 2 6 19 50 4 4 37 46 10 82 78 8 
78 39 83 73 91 80 3 13 6 8 8 55 72 52 21 64 85 38 65 56 
36 76 13 51 2 84 95 41 92 44 25 59 69 82 63 28 95 72 88 49 
28 34 85 62 85 78 26 38 42 47 8 51 92 12 3 44 71 24 89 54 
65 41 53 40 61 25 28 19 89 94 90 60 12 3 83 6 7 54 76 13 
18 33 9 53 55 24 43 89 6 21 16 26 69 53 67 13 8 74 40 42 
55 52 49 36 51 55 20 7 19 60 95 24 50 30 43 48 56 83 30 71 
35 91 94 34 88 46 26 5 56 32 97 52 58 77 71 42 36 72 51 28 
5 81 52 52 9 1 36 42 80 61 27 72 10 6 35 80 41 77 47 92 
81 87 84 4 5 45 39 59 12 87 24 77 5 36 43 36 74 42 23 62 
75 4 53 50 62 91 28 11 4 82 20 38 8 7 43 2 22 55 81 1 
86 20 2 46 37 13 28 60 61 3 22 6 76 68 14 53 36 54 82 2 
93 69 80 2 30 58 9 10 85 55 71 96 87 83 16 69 61 55 58 33 
97 75 35 76 61 6 9 97 82 66 91 91 65 94 94 90 71 41 10 72 
37 21 20 66 11 59 80 75 95 65 82 42 24 99 4 37 6 26 38 80 
41 66 28 74 92 64 37 5 3 57 73 82 41 9 64 29 14 83 14 11 
83 96 66 96 64 18 51 66 60 21 42 98 78 47 10 1 12 54 34 90 
80 11 47 92 44 46 33 89 59 90 41 33 98 28 95 86 1 24 8 23 
37 13 37 24 68 12 14 36 13 3 30 42 85 83 97 59 33 45 4 9 
45 75 59 39 4 23 76 52 54 86 63 26 53 81 81 18 26 48 97 33 
14 78 24 43 5 13 65 66 30 47 36 85 69 27 78 36 67 74 85 70 
50 20 38 99 10 42 14 60 54 26 24 37 21 20 45 65 20 67 46 75 
86 28 35 52 54 82 36 4 19 2 76 81 5 72 2 91 53 77 28 97 
56 92 19 25 1 33 31 67 81 25 39 78 21 84 96 55 76 42 2 25 
88 58 94 37 27 49 43 53 99 8 63 23 93 29 9 36 75 47 86 41 
78 70 82 73 94 13 83 27 93 39 17 16 15 98 44 79 70 6 65 84 
8 26 62 78 40 39 19 74 7 17 9 62 84 27 2 4 35 62 8 31 
69 72 92 97 36 84 89 98 67 39 87 2 24 52 43 62 27 73 23 4 
68 63 10 65 30 93 15 40 59 67 13 72 13 22 34 62 56 56 4 38 
75 65 56 14 38 80 11 81 23 52 45 27 21 25 35 24 72 72 43 77 
57 17 78 19 55 37 17 54 71 26 37 92 45 32 34 32 30 90 23 26 
44 3 26 13 45 18 86 7 76 70 60 20 55 82 2 21 16 20 9 54 
76 4 45 19 87 71 62 57 31 55 91 24 41 14 94 63 63 77 68 90 
8 2 39 29 46 2 78 97 59 53 38 45 1 35 53 11 96 9 51 4 
42 92 95 71 36 17 73 58 51 90 73 93 14 10 22 26 9 48 22 10 
38 62 11 65 81 70 14 23 32 77 55 52 68 40 14 99 81 4 28 2 
4 8 59 85 13 90 4 35 10 26 45 43 84 3 14 83 56 59 17 65 
8 98 48 31 62 82 38 54 79 75 62 71 41 9 68 65 63 3 62 83 
7 24 21 77 36 7 14 63 28 89 4 65 23 64 38 47 99 81 92 33 
34 50 43 60 89 25 63 55 62 68 67 94 38 95 59 55 7 50 22 90 
33 80 62 60 5 53 70 24 81 65 74 26 11 86 40 88 79 17 87 62 
46 54 7 58 39 85 87 32 89 89 16 55 7 4 96 24 11 83 39 16 
76 68 34 94 30 46 65 29 24 28 52 86 58 13 77 23 20 16 23 54 
91 84 74 21 70 30 9 57 21 83 21 59 37 35 32 75 55 61 9 44 
40 81 20 1 21 22 97 98 17 32 12 51 70 83 72 36 50 87 9 72 
62 18 36 30 32 94 82 82 66 8 42 55 16 75 2 12 66 43 23 93 
53 88 73 93 35 51 99 6 9 98 91 46 60 60 67 64 53 9 74 81 
54 86 75 58 38 70 41 6 8 86 88 91 43 45 40 89 71 83 26 6 
93 71 96 78 9 75 16 9 22 32 54 40 6 8 47 43 34 16 94 39 
95 43 53 41 43 30 57 40 93 79 80 76 45 80 48 92 37 15 50 70 
81 67 18 27 53 57 94 19 79 24 42 62 41 2 18 48 78 62 28 40 
84 11 39 72 27 59 95 26 88 90 39 94 57 81 46 84 65 61 39 57 
1 48 18 47 50 82 96 59 28 71 14 31 9 61 19 65 41 7 47 38 
7 64 90 60 32 55 81 90 4 98 81 88 71 10 27 39 40 34 56 49 
74 12 58 35 10 76 14 92 48 30 70 13 62 58 9 24 88 5 3 75 
75 34 41 49 24 62 48 65 44 35 69 72 64 15 94 85 26 85 10 51 
40 20 77 64 71 44 82 81 73 43 66 63 42 4 50 49 9 47 75 86 
34 67 91 48 1 19 56 94 61 50 6 59 98 59 15 80 76 46 75 66 
57 25 63 19 40 9 97 92 81 82 25 13 79 80 98 77 95 47 93 83 
80 46 72 58 53 9 69 72 86 29 71 23 50 91 7 89 26 33 59 23 
91 85 58 39 48 8 66 12 60 90 21 11 55 87 22 78 57 68 74 98 
74 35 83 52 63 44 87 2 30 98 35 39 93 82 48 27 86 41 23 65 
55 19 75 26 42 5 88 79 21 94 52 56 62 3 2 84 21 67 71 36 
42 63 66 55 79 22 83 68 87 97 72 82 7 6 99 73 40 68 70 98 
49 37 26 70 84 45 67 48 86 15 53 6 12 57 24 32 73 99 9 96 
61 93 15 92 74 74 39 89 86 50 80 53 12 81 5 20 60 79 54 58 
88 16 3 12 65 25 30 92 20 43 98 24 23 66 43 28 48 95 94 69 
92 94 89 43 10 79 79 95 9 1 48 92 76 57 34 17 65 97 29 79 
87 37 95 62 16 52 88 42 13 24 2 86 59 66 10 29 23 19 79 13 
33 46 3 90 83 19 75 19 13 66 71 76 70 39 38 40 98 1 96 42 
9 19 55 36 6 62 39 55 18 32 41 92 84 37 99 25 71 22 29 18 
42 71 29 19 13 35 15 28 19 18 24 82 70 98 74 18 53 20 27 58 
22 84 96 7 65 31 11 66 75 66 15 88 97 75 27 10 7 56 21 61 
41 71 33 32 65 26 75 48 7 58 81 15 65 62 37 91 83 17 85 86 
80 27 66 16 94 66 65 63 63 34 11 61 62 66 3 86 76 82 32 4 
56 29 49 88 86 68 10 42 91 80 76 20 38 98 8 89 21 92 52 40 
42 88 1 53 49 52 78 53 50 91 24 51 86 64 94 92 50 99 33 80 
27 97 34 28 70 96 17 61 11 20 28 20 95 18 86 31 63 89 42 64 
44 15 33 17 1 50 82 11 18 98 56 90 3 88 13 69 93 67 23 41 
1 60 57 68 85 51 25 60 13 29 24 2 43 90 99 85 43 93 59 68 
66 35 33 4 30 10 84 81 58 83 52 32 58 37 70 92 37 71 98 70 
6 80 66 60 21 16 86 80 86 59 14 74 70 83 89 42 42 35 32 43 
15 47 65 76 49 89 82 88 11 67 28 28 21 97 72 81 52 61 21 36 
93 39 68 92 35 8 91 99 79 44 52 29 4 46 45 24 35 87 51 93 
32 63 53 90 9 63 17 32 74 65 12 90 31 57 26 72 28 4 8 84 
84 86 46 31 70 1 88 12 51 90 29 84 95 4 87 59 55 81 65 43 
96 26 32 70 11 32 60 34 44 57 27 82 42 75 76 15 18 31 65 48 
1 84 76 95 16 92 14 76 40 27 58 45 93 89 13 33 19 68 42 79 
15 14 54 84 26 44 26 22 25 52 40 96 12 88 84 16 76 99 99 89 
2 33 32 25 68 4 72 57 90 59 27 11 19 55 47 69 32 44 17 55 
25 51 19 14 71 44 82 48 56 68 29 91 81 90 31 78 63 73 18 58 
48 96 65 40 52 27 12 29 64 96 4 9 84 38 83 9 37 27 16 31 
87 16 32 95 74 16 16 46 16 66 76 21 84 94 76 74 75 30 31 93 
44 39 62 34 50 64 31 14 52 37 94 8 89 89 58 51 38 49 37 50 
13 81 67 48 75 82 34 95 17 60 46 55 27 92 97 7 40 93 2 66 
98 64 87 63 83 43 73 41 30 73 23 1 93 21 58 11 94 26 81 52 
91 42 72 82 81 25 49 81 65 51 25 92 94 78 77 26 72 88 83 90 
16 88 94 3 65 81 45 29 57 81 24 61 21 81 82 90 73 12 8 91 
5 91 55 96 47 97 16 26 59 45 34 11 33 61 4 35 67 37 73 35 
63 5 86 73 14 44 48 74 54 38 56 9 47 14 57 61 68 95 31 65 
51 52 91 25 81 91 34 11 91 65 67 29 44 72 56 48 14 57 92 99 
49 82 58 74 52 71 59 94 29 95 68 82 82 33 45 6 51 48 82 27 
10 85 72 83 11 27 64 48 53 43 75 38 93 43 78 18 45 69 87 84 
50 77 90 29 2 43 39 6 26 22 23 2 36 37 41 52 51 38 42 89 
8 42 56 58 33 11 61 51 67 43 73 93 94 7 62 84 73 90 87 50 
59 1 47 75 47 25 44 26 22 75 18 83 91 72 5 5 36 49 65 40 
91 87 50 98 53 56 19 53 43 24 96 38 7 22 56 26 25 69 61 55 
42 62 67 59 86 33 82 43 21 98 17 65 89 97 22 86 91 28 14 56 
90 69 18 28 23 83 45 83 64 25 52 25 37 71 6 20 96 3 86 67 
20 56 5 31 6 71 79 11 24 81 63 27 5 81 44 12 53 96 26 57 
72 16 69 27 35 4 24 57 19 14 51 20 18 18 97 72 37 49 15 26 
1 56 62 78 97 51 45 13 76 68 93 99 74 26 22 91 47 68 8 80 
78 35 64 44 14 86 99 59 12 65 23 64 20 22 57 37 26 96 3 74 
47 16 32 77 15 33 86 64 63 40 87 12 88 39 27 60 60 1 98 26 
72 5 5 25 88 31 75 56 59 91 99 94 45 15 5 14 73 14 72 16 
6 97 26 63 30 67 81 8 96 12 5 33 49 58 55 43 45 61 84 99 
26 10 27 44 8 93 67 48 18 38 27 86 85 94 17 29 29 10 83 35 
51 31 51 50 18 92 1 37 17 17 38 21 31 62 59 97 94 81 37 18 
14 35 51 76 85 5 72 74 9 85 18 39 42 27 78 32 8 11 41 46 
80 27 63 86 22 99 40 61 41 54 3 23 18 90 74 28 96 45 39 60 
82 51 85 29 80 87 94 18 68 58 33 66 55 30 13 49 56 53 38 14 
90 87 98 73 72 53 52 58 3 80 99 91 79 30 36 51 93 18 91 81 
38 26 62 74 46 31 13 6 41 29 45 15 77 71 93 50 52 6 76 6 
44 34 2 21 30 80 22 52 70 27 11 13 54 90 91 4 76 29 91 43 
63 61 56 59 70 53 17 90 12 29 12 32 40 45 92 94 21 79 6 35 
39 54 54 74 62 12 75 81 66 20 53 73 35 60 66 52 84 89 95 23 
41 36 1 17 15 65 29 57 58 68 48 73 51 82 61 57 12 82 65 43 
7 32 42 55 53 26 32 52 8 62 1 70 95 58 65 75 85 7 42 39 
85 59 28 11 79 52 62 97 21 69 97 86 53 94 41 59 99 14 28 9 
73 1 52 54 4 15 23 14 85 69 88 11 3 40 3 5 92 52 49 83 
64 49 97 39 8 3 31 95 13 82 90 11 13 13 79 36 41 33 59 58 
73 82 64 46 5 19 16 53 55 68 12 20 86 45 9 63 91 51 82 84 
80 74 76 46 39 98 17 10 9 64 73 57 39 88 7 72 89 59 91 55 
53 56 87 87 48 26 47 80 3 8 42 12 2 96 25 65 19 10 52 86 
22 7 19 24 86 5 7 65 57 47 60 60 19 89 60 37 43 74 17 87 
59 23 19 81 47 62 68 43 88 63 14 26 13 24 20 45 60 56 31 42 
51 45 94 67 45 44 94 85 19 46 12 86 86 25 30 20 97 94 43 60 
3 47 91 91 53 92 97 54 7 86 30 1 40 55 5 64 99 86 40 56 
88 37 72 33 61 19 68 5 70 84 91 13 52 62 1 84 82 84 50 74 
89 91 85 65 5 74 13 32 46 41 63 3 55 55 52 68 8 68 81 11 
23 99 36 26 88 44 59 51 65 43 58 85 59 4 36 10 64 15 44 20 
4 51 95 91 91 27 70 40 45 35 73 72 91 90 89 87 88 28 86 41 
59 16 45 16 22 83 32 77 87 52 46 90 99 64 81 18 11 10 89 75 
47 2 50 51 73 87 44 36 35 85 91 16 33 63 29 61 88 52 84 4 
80 50 3 56 67 96 68 84 86 36 65 52 1 5 82 64 28 58 62 20 
20 22 35 41 65 98 57 16 15 11 37 68 55 93 43 32 43 50 54 40 
90 7 97 25 65 12 70 88 71 22 46 10 1 38 20 69 41 47 17 57 
69 8 45 52 96 23 4 59 45 30 65 50 11 96 2 57 83 95 38 26 
86 29 17 16 56 40 26 70 80 14 21 99 27 8 85 10 13 80 15 37 
16 35 53 70 51 56 89 73 98 83 18 28 77 71 79 91 53 2 76 89 
9 57 24 20 12 11 76 43 1 45 10 67 42 16 69 76 66 44 63 64 
49 10 47 67 40 64 92 93 30 90 8 24 23 6 42 51 36 52 24 81 
23 99 12 12 57 18 54 64 76 36 74 86 82 90 10 66 57 77 50 78 
58 76 44 44 42 27 3 19 3 38 9 26 46 99 45 93 70 82 82 74 
47 78 79 28 95 98 59 30 43 48 3 62 73 28 3 14 4 9 11 99 
75 76 39 66 9 21 46 57 47 25 94 15 79 50 52 70 18 73 19 16 
30 78 91 63 48 46 50 64 26 9 25 14 23 15 78 33 93 55 66 57 
27 95 35 23 37 19 13 49 45 84 50 7 55 73 96 79 10 74 48 69 
25 19 31 70 29 14 2 45 67 31 4 32 1 48 82 1 63 89 10 38 
31 46 48 84 39 7 5 9 22 23 76 32 70 37 19 35 5 98 73 96 
49 45 44 36 77 88 63 88 40 35 74 57 2 27 82 8 29 81 55 62 
96 38 17 86 93 27 33 7 25 19 85 94 11 17 31 92 12 79 88 47 
26 3 92 62 72 10 26 35 7 10 90 70 43 84 45 65 33 45 33 69 
69 97 5 20 59 3 88 88 10 88 42 85 63 41 97 31 87 43 60 89 
20 71 21 57 77 15 5 98 56 41 60 76 29 44 94 85 51 41 24 58 
99 92 42 9 6 98 28 92 96 13 1 81 52 61 27 90 21 85 22 80 
50 24 66 76 52 76 96 41 81 21 88 94 65 56 69 2 39 28 26 97 
92 68 61 30 69 75 19 47 10 66 83 61 86 91 66 92 37 88 33 20 
26 29 28 99 50 95 11 17 55 28 71 16 17 84 88 29 82 88 61 28 
8 70 24 78 41 82 27 18 34 80 57 54 64 78 70 1 86 36 91 37 
48 20 72 88 20 60 59 43 85 23 11 90 76 9 69 51 88 47 5 59 
33 1 63 73 26 27 39 38 88 34 92 28 87 42 9 84 70 9 84 4 
1 94 26 68 65 74 92 34 46 17 7 9 98 16 30 58 56 79 65 14 
9 47 91 77 1 39 85 70 88 39 46 14 7 26 66 91 47 42 1 61 
50 42 94 64 76 28 64 65 77 55 59 24 92 10 31 52 5 5 45 43 
77 24 15 27 69 68 85 78 74 3 80 90 44 85 54 92 65 14 92 37 
99 11 95 88 57 16 23 72 42 45 60 70 28 63 48 45 23 67 26 85 
90 85 68 7 53 59 35 79 90 87 63 92 94 97 80 61 65 42 36 15 
18 54 52 70 70 13 56 53 49 76 16 58 77 7 90 22 84 68 29 72 
42 22 88 29 23 63 10 68 43 42 71 37 46 99 68 69 80 75 92 25 
10 91 77 1 81 50 26 64 8 21 56 80 48 17 32 1 54 35 26 6 
5 79 75 74 71 40 70 55 16 34 85 13 3 47 96 23 71 21 93 5 
12 97 48 94 89 48 26 46 71 41 81 44 35 98 50 80 69 32 33 19 
48 42 45 88 89 61 43 52 95 47 62 59 51 86 19 32 57 42 55 38 
50 80 87 15 60 80 26 89 43 57 11 37 10 9 6 95 46 81 41 29 
7 76 71 21 53 95 9 72 19 23 20 94 3 89 54 67 54 66 62 35 
32 69 11 97 64 90 6 68 56 72 2 64 30 85 27 15 2 29 31 65 
43 64 19 41 83 65 25 10 25 96 69 92 14 16 33 28 20 26 16 17 
6 42 5 81 62 10 21 92 88 21 24 31 46 92 48 20 99 24 28 76 
97 58 56 15 28 41 37 32 1 16 65 32 3 87 62 64 1 58 6 79 
28 8 43 8 36 48 76 49 47 78 17 44 5 43 78 2 99 97 99 54 
60 42 57 1 70 95 99 2 85 55 70 96 74 17 81 19 90 88 14 98 
21 14 73 64 12 28 32 53 56 43 29 21 56 62 41 40 52 32 39 61 
61 10 41 29 61 40 40 28 2 17 65 74 83 60 35 28 10 32 79 91 
77 34 18 78 49 6 43 45 63 13 90 4 64 1 13 38 33 75 59 18 
32 24 24 42 69 59 33 19 58 15 79 1 2 30 32 27 53 62 2 71 
4 24 16 89 80 50 92 99 99 82 4 32 39 42 63 96 5 70 26 67 
2 11 56 45 16 57 40 71 19 38 26 91 30 16 77 49 58 54 54 65 
57 47 45 76 37 69 15 83 14 30 35 79 86 89 78 24 40 49 27 42 
66 83 8 52 87 59 81 10 47 27 65 73 51 96 86 78 55 87 98 60 
57 86 1 20 80 73 97 84 84 24 99 83 80 59 89 50 37 67 12 84 
27 44 22 1 12 24 77 65 26 64 90 54 95 72 47 43 6 64 67 8 
87 89 31 65 28 44 12 66 45 17 40 64 42 4 87 66 10 77 72 89 
77 8 53 15 74 6 41 22 78 18 82 22 73 59 5 51 68 90 26 51 
15 49 25 66 60 18 3 92 92 93 61 80 90 61 86 47 37 75 5 99 
89 45 97 8 35 33 62 2 8 7 14 2 38 44 30 62 35 82 81 37 
99 28 59 84 95 93 49 50 89 99 32 1 47 74 87 77 3 18 97 30 
68 40 14 69 62 84 64 2 35 81 57 80 12 87 68 16 4 60 52 44 
41 7 51 24 88 13 94 29 56 68 50 65 78 52 63 68 20 27 33 53 
76 10 15 35 8 77 23 3 15 90 47 73 51 87 37 94 67 43 19 10 
24 97 42 32 98 14 23 72 57 77 35 42 26 19 30 93 84 34 93 63 
1 35 40 51 68 95 69 67 10 13 45 10 9 78 40 49 43 49 54 32 
30 62 25 34 81 36 17 55 9 82 25 77 19 77 17 69 12 11 15 45 
42 74 35 92 60 81 12 95 47 36 11 93 54 15 18 90 24 16 53 17 
45 53 27 56 62 68 46 12 93 40 37 65 60 16 4 65 88 28 86 64 
29 55 3 23 23 82 46 84 51 25 59 47 29 69 27 25 52 17 52 23 
8 81 98 74 91 65 26 85 56 57 43 63 36 44 44 45 73 38 72 93 
30 82 39 80 95 62 83 21 65 5 71 50 3 44 3 70 57 22 25 85 
71 50 47 79 9 40 13 56 92 27 7 75 48 5 45 1 54 92 27 17 
86 6 10 40 42 22 97 4 3 89 80 72 17 19 20 34 91 87 19 97 
93 9 32 9 59 75 13 14 82 47 77 79 21 98 95 61 81 65 36 99 
10 49 64 35 10 52 26 25 73 88 92 52 25 13 81 59 59 43 66 21 
67 61 89 81 82 58 42 89 88 53 9 36 75 51 1 82 4 77 56 10 
7 91 34 49 97 10 36 93 73 17 37 60 61 30 89 60 23 23 92 43 
35 1 71 84 55 96 77 25 77 48 5 11 66 93 66 98 23 87 4 43 
89 86 4 80 74 32 4 76 7 91 93 76 13 36 37 29 25 49 23 12 
67 91 41 20 91 56 44 42 32 56 58 59 28 53 45 33 1 54 61 21 
33 82 69 63 52 12 57 9 19 6 99 1 45 23 77 11 36 71 95 70 
27 63 11 20 56 4 50 59 79 15 23 85 88 7 24 21 67 99 39 33 
93 57 18 71 5 61 71 49 72 25 87 17 68 49 27 53 15 78 67 5 
87 88 3 36 36 68 81 24 32 67 85 27 9 8 53 25 49 29 19 45 
63 59 53 28 48 61 50 47 35 77 42 78 19 30 61 3 80 10 30 15 
5 66 57 73 59 75 52 30 56 52 4 21 99 36 94 82 84 75 56 31 
80 73 99 97 1 84 12 20 52 26 17 60 99 33 82 33 85 83 53 62 
45 4 51 78 34 86 69 50 60 94 21 10 65 5 50 15 77 95 26 81 
55 85 79 96 11 79 35 73 7 33 41 4 47 87 22 48 89 56 40 79 
37 14 94 51 44 27 99 31 59 2 97 3 83 98 93 89 30 40 63 19 
7 79 86 81 4 85 4 35 68 25 26 88 39 53 10 61 97 37 94 86 
97 99 74 7 13 9 82 91 21 15 90 83 74 16 39 24 61 83 19 1 
64 60 10 41 3 83 26 12 5 10 71 19 91 89 78 68 64 24 18 29 
81 35 97 74 86 17 79 85 43 17 75 5 11 72 48 52 34 67 49 24 
16 56 21 45 83 3 57 67 11 73 75 24 32 79 54 42 33 65 61 36 
14 34 91 90 63 48 50 74 3 19 33 50 23 29 77 62 94 92 87 19 
70 53 84 17 63 29 18 21 71 89 11 65 68 75 6 28 79 54 12 15 
43 26 82 42 6 23 23 79 63 2 66 92 95 79 19 44 77 15 97 65 
21 61 59 43 80 26 64 69 81 37 30 18 64 61 34 38 40 84 73 12 
93 11 85 10 78 43 68 34 22 25 78 22 97 88 37 31 20 32 87 12 
70 71 61 91 49 48 70 1 6 1 49 33 51 16 61 81 83 10 27 79 
56 30 4 64 47 75 11 85 57 65 69 74 38 7 78 66 8 86 98 41 
10 34 85 71 9 55 25 83 97 55 30 59 43 31 5 2 59 84 12 2 
44 9 16 94 68 15 48 49 53 95 9 56 70 14 45 76 11 92 55 82 
95 97 64 68 86 48 56 7 48 6 61 74 69 79 34 72 78 39 2 4 
26 54 35 51 3 24 31 39 65 19 71 10 89 66 97 16 31 51 30 85 
66 15 55 47 12 75 23 17 45 69 28 10 42 40 15 81 42 79 53 68 
97 61 8 77 33 68 21 73 21 23 22 22 55 6 42 94 28 48 47 67 
59 7 65 23 50 59 2 9 93 97 57 28 43 92 22 28 41 96 24 12 
28 40 96 54 90 69 17 3 70 79 75 80 99 23 23 42 74 56 47 41 
59 31 15 56 9 6 88 77 25 20 3 99 52 80 79 78 50 16 70 96 
44 73 76 46 55 47 72 81 73 73 47 99 71 86 52 59 71 72 10 43 
55 86 25 34 98 98 89 22 48 73 31 24 90 17 74 86 20 58 13 18 
28 50 10 9 53 24 33 70 38 57 43 5 47 14 36 83 66 58 50 42 
70 73 89 67 5 12 79 56 31 37 58 5 45 31 30 94 62 52 98 66 
92 38 50 5 58 29 81 25 50 18 49 99 68 28 98 17 3 44 92 75 
14 25 27 81 99 44 20 14 22 62 70 34 38 6 34 49 7 74 93 89 
52 89 14 46 25 68 22 90 10 60 23 6 35 74 97 98 96 4 60 51 
65 16 56 12 81 64 66 19 52 76 49 96 6 32 9 32 22 23 81 28 
13 91 81 66 90 52 44 95 1 42 3 84 70 60 86 63 67 72 80 99 
7 52 33 58 57 64 96 98 95 24 57 17 66 55 49 91 51 96 57 15 
87 47 42 48 55 62 34 52 63 58 97 33 62 57 3 72 70 60 16 94 
40 4 17 95 50 94 14 41 71 7 39 50 10 68 65 71 79 90 9 99 
71 18 61 83 66 84 78 85 26 56 85 7 57 83 53 26 85 79 53 63 
90 33 90 69 41 87 25 41 99 72 1 52 96 62 90 85 68 88 34 78 
40 48 10 9 6 82 16 6 97 22 65 37 66 61 65 27 1 11 12 47 
77 34 78 71 56 19 36 21 78 87 39 59 22 53 40 52 52 3 64 73 
23 50 21 69 66 42 40 39 2 6 2 60 95 72 55 92 19 33 95 14 
53 80 59 88 3 77 24 44 97 41 14 46 41 96 90 47 96 3 66 64 
26 96 34 86 1 50 4 18 19 11 74 47 34 12 32 96 40 81 79 23 
81 49 63 15 5 82 18 76 25 45 81 41 2 88 36 74 9 30 31 36 
99 73 18 16 68 77 80 5 39 9 76 80 3 62 24 1 29 44 45 36 
97 67 33 68 49 75 31 45 92 25 88 95 76 25 62 12 75 28 55 7 
83 88 76 66 77 95 81 88 41 9 15 11 69 5 99 82 88 15 87 58 
25 9 69 17 22 3 38 74 80 52 26 24 93 71 65 19 67 20 6 47 
71 96 96 97 79 29 63 90 29 92 59 25 42 23 79 17 13 31 22 4 
85 45 35 15 27 46 70 92 66 88 75 99 49 63 92 98 29 10 67 72 
6 26 16 47 75 18 52 88 20 16 3 72 66 62 58 92 20 35 71 9 
42 21 29 78 57 3 25 28 93 70 31 80 56 86 87 69 18 42 13 21 
68 86 82 56 41 48 83 44 37 62 17 60 62 7 12 80 6 1 31 65 
55 46 65 42 88 82 49 40 51 73 25 74 22 22 53 81 28 50 23 81 
32 39 71 31 94 16 66 90 25 86 85 40 36 41 44 81 35 86 27 85 
94 81 14 16 30 77 54 30 67 19 42 25 59 16 68 66 34 41 96 78 
28 80 6 43 38 70 94 47 37 65 16 80 12 52 93 87 25 64 61 83 
50 58 17 55 25 3 84 89 2 88 47 79 78 39 14 76 26 35 4 72 
84 33 58 14 52 81 93 85 17 76 54 71 2 22 60 64 66 14 29 49 
98 22 88 53 22 51 43 78 90 98 38 26 4 76 59 15 67 75 8 82 
27 76 90 47 68 17 58 28 83 92 86 13 9 85 3 87 56 15 78 95 
28 26 10 21 42 80 83 60 85 28 4 15 14 87 99 71 90 98 66 38 
89 73 18 35 10 87 83 56 18 93 13 3 83 35 67 74 77 42 31 80 
85 17 17 95 39 57 35 24 30 8 30 87 4 86 78 63 21 83 52 40 
31 19 91 71 24 33 98 88 63 37 38 36 34 83 68 65 90 92 94 23 
87 42 18 82 68 43 37 14 52 52 53 92 76 72 28 97 3 15 2 16 
62 77 55 89 88 97 46 84 16 70 95 83 23 99 66 41 8 46 54 43 
31 31 45 34 21 58 43 82 59 84 23 12 18 43 76 19 86 33 64 16 
46 62 54 99 58 65 90 34 28 4 54 10 6 3 18 45 26 7 88 42 
18 69 44 26 2 71 85 64 6 78 72 97 87 68 90 45 46 5 32 13 
65 8 99 62 62 74 90 53 22 86 84 26 99 23 84 32 47 95 30 95 
97 93 80 73 89 67 22 80 62 26 67 34 61 45 75 29 45 68 60 39 
73 73 12 8 46 35 5 18 77 6 60 98 99 47 20 13 33 55 33 68 
94 49 25 33 49 46 58 48 18 30 21 75 12 58 76 10 81 67 6 28 
15 54 87 19 88 64 22 28 7 69 50 15 3 95 69 16 71 88 93 37 