20 382
51 60 63 95 21 93 46 89 77 93 45 18 89 61 61 76 66 3 14 93 
61 89 36 66 71 4 32 70 26 69 41 74 15 6 25 11 8 22 85 45 
57 8 80 49 5 66 1 25 5 34 16 2 81 35 59 39 81 90 26 71 
27 67 42 64 43 27 77 9 89 13 53 39 63 53 1 91 11 75 69 62 
41 65 89 74 15 46 24 44 97 90 66 77 12 55 65 49 84 75 96 69 
36 7 55 53 65 55 37 89 28 40 56 68 95 69 88 46 45 60 87 36 
77 22 53 89 27 60 46 33 26 60 3 34 32 24 65 29 89 97 24 64 
45 99 94 61 10 68 5 28 17 17 47 46 87 63 36 8 76 76 43 89 
16 76 68 45 11 21 44 65 63 69 51 29 46 63 74 55 22 33 73 1 
54 51 45 67 95 90 17 5 79 71 40 36 83 1 86 76 65 73 60 18 
36 75 77 90 17 96 32 58 86 13 22 75 9 72 40 31 64 22 48 50 
14 40 41 9 36 12 15 28 55 90 32 57 4 28 16 4 95 87 77 3 
52 83 17 8 34 45 91 33 88 13 8 25 42 56 4 93 4 59 34 99 
44 96 9 56 6 22 69 23 21 52 20 53 71 52 94 94 48 23 56 31 
43 40 64 48 43 84 80 7 54 31 88 83 55 19 48 2 39 11 83 31 
15 65 57 23 60 27 88 65 73 7 52 64 18 99 66 69 6 96 43 79 
88 51 89 73 85 86 88 8 58 19 69 48 42 28 90 97 81 68 78 28 
1 70 81 46 55 47 92 4 17 80 48 80 85 90 77 1 43 52 74 73 
84 59 40 44 54 56 83 7 8 58 70 3 70 33 70 22 88 73 65 63 
49 2 47 58 16 20 8 98 61 27 87 77 40 46 34 55 9 20 85 49 
68 62 38 80 99 59 75 37 40 56 23 40 56 65 46 40 75 15 30 20 
7 43 61 8 20 6 92 9 31 98 99 96 59 52 97 90 64 53 74 56 
38 31 97 49 27 24 57 51 35 85 82 86 61 9 18 94 73 54 10 24 
63 81 60 57 76 51 11 95 89 47 62 73 41 88 12 16 30 20 37 5 
7 15 82 24 22 39 78 87 23 30 10 77 23 69 95 42 10 91 44 28 
85 31 88 35 33 17 81 79 50 67 71 30 78 51 75 54 11 69 96 14 
62 4 13 19 16 16 76 15 79 33 71 55 88 70 1 1 33 8 61 77 
83 86 67 91 28 60 4 5 43 20 49 84 71 1 1 16 46 15 54 13 
61 11 91 2 63 50 77 91 11 21 2 62 33 63 90 72 86 81 89 83 
64 51 83 30 62 3 32 46 6 54 96 23 10 10 2 21 42 43 53 67 
84 72 79 28 75 37 49 63 99 8 45 78 2 33 99 22 8 31 84 6 
7 99 5 74 26 53 90 90 69 53 36 84 67 32 15 33 65 96 23 64 
50 11 7 91 59 88 19 81 48 8 92 1 10 73 82 32 30 35 53 77 
53 72 95 42 21 77 87 81 68 66 56 31 38 99 70 57 10 46 83 19 
35 94 65 81 33 84 67 22 11 19 15 34 17 67 5 17 69 48 85 79 
75 83 50 17 99 50 42 62 94 38 28 79 5 35 30 87 45 5 88 20 
59 64 21 76 82 8 96 73 4 7 13 37 18 58 49 54 74 55 49 86 
99 19 30 41 40 56 47 71 54 71 95 88 8 39 51 23 31 93 17 51 
26 57 50 80 7 13 22 67 39 64 67 38 49 14 71 79 64 10 29 83 
69 90 36 14 65 83 11 60 46 41 77 59 6 59 93 9 70 17 65 66 
38 34 71 17 50 44 42 97 54 87 45 79 10 24 3 70 93 42 18 66 
41 85 44 89 49 90 95 69 91 76 44 60 67 49 79 93 1 62 69 42 
7 29 81 82 24 85 46 81 15 39 21 72 25 36 73 36 84 9 22 38 
64 79 3 47 99 81 9 6 30 27 96 82 3 19 50 31 48 27 88 18 
60 35 83 80 85 23 18 34 65 79 50 29 24 29 7 72 27 38 95 17 
28 10 12 83 31 78 64 8 79 50 9 33 62 29 94 18 10 19 72 83 
50 95 12 97 79 68 35 14 25 23 38 89 7 12 35 68 95 33 54 83 
27 56 28 50 47 17 36 51 27 37 54 32 80 36 38 41 17 39 93 69 
71 17 30 39 35 59 14 9 45 88 43 23 11 28 81 65 83 47 59 51 
18 39 53 30 7 39 14 42 95 62 50 94 70 54 25 17 31 7 76 6 
91 39 68 24 31 99 55 70 90 2 4 24 5 33 6 94 50 23 61 7 
18 56 46 42 86 70 97 99 10 97 99 55 91 95 61 61 91 84 4 17 
5 89 95 16 8 12 17 62 55 28 90 38 18 4 21 90 33 38 63 83 
54 40 80 89 52 38 68 49 90 93 1 45 88 4 95 63 69 56 52 85 
81 86 56 49 97 61 59 73 15 32 7 76 86 55 40 24 53 34 49 78 
69 76 61 16 60 57 90 56 53 31 47 7 6 90 44 82 11 54 74 72 
15 32 86 29 68 7 13 35 16 43 74 5 45 21 52 29 95 17 31 42 
83 46 74 24 78 17 21 17 14 36 36 24 82 50 66 35 91 86 38 72 
69 83 76 11 41 16 70 38 53 11 26 11 56 4 81 66 61 23 2 85 
98 86 98 26 61 52 70 41 64 12 28 34 16 48 60 22 45 29 68 18 
55 47 55 25 9 28 94 60 92 31 92 17 79 95 95 78 82 43 16 10 
94 27 76 28 78 37 29 82 76 67 6 12 72 36 49 75 98 40 5 22 
21 47 68 95 49 12 85 50 28 8 37 4 27 81 33 10 99 58 42 64 
91 56 24 99 28 60 29 86 43 28 93 64 60 38 73 69 25 27 24 22 
55 24 64 56 53 87 94 47 18 84 73 90 75 90 57 3 61 5 35 19 
68 13 66 38 46 16 65 38 39 50 90 38 9 33 95 35 74 77 52 60 
73 56 40 51 77 61 60 32 81 99 48 48 51 3 90 99 79 80 87 82 
54 31 58 65 32 52 56 93 59 31 88 96 91 80 29 79 79 66 52 41 
18 28 99 86 38 36 1 23 33 63 82 9 3 29 84 37 14 68 65 27 
84 99 50 12 98 89 16 2 90 73 87 49 23 64 24 85 54 88 97 91 
61 33 12 14 52 49 63 78 32 69 28 9 14 39 60 36 63 59 26 46 
12 39 29 94 91 82 18 79 41 52 65 29 75 68 44 42 98 77 9 13 
11 41 85 44 71 90 67 31 23 42 12 96 89 61 7 77 99 43 79 90 
51 76 84 20 6 91 30 82 60 12 65 76 36 57 71 43 33 87 39 65 
14 66 2 9 13 35 9 37 27 86 56 56 64 55 35 47 46 71 68 69 
28 24 56 92 59 24 58 16 56 52 76 29 79 15 80 35 93 95 17 95 
72 30 26 41 3 25 91 81 12 72 91 72 47 42 75 54 19 98 57 99 
81 45 51 86 19 32 64 84 18 67 50 77 46 74 17 88 94 66 14 83 
81 41 12 75 89 88 63 89 99 90 50 85 71 29 19 34 97 39 1 76 
41 81 46 63 93 86 73 3 74 3 1 7 94 10 78 74 29 66 44 66 
99 95 24 39 17 22 6 96 21 29 40 30 70 28 99 29 98 21 68 25 
53 99 95 60 61 37 2 78 1 28 95 39 21 94 77 42 74 31 76 48 
32 62 98 21 81 39 88 83 70 53 32 2 61 92 48 77 90 89 49 73 
22 63 89 89 87 42 47 68 85 93 1 34 40 51 63 69 14 47 15 93 
38 86 24 74 92 91 68 3 32 93 18 72 70 89 55 58 82 59 89 82 
16 38 16 21 68 20 24 37 69 14 47 48 32 91 97 38 99 82 89 9 
96 51 23 96 7 15 93 25 27 3 52 21 14 67 57 34 18 23 59 99 
25 95 9 27 75 24 27 46 61 90 43 35 23 48 36 44 28 11 2 62 
2 98 30 63 43 15 10 74 15 26 64 38 91 72 95 51 1 11 4 45 
78 54 9 85 63 88 73 67 36 24 96 96 20 9 40 37 52 89 70 50 
29 85 78 86 79 92 27 56 76 14 61 19 16 41 52 90 44 59 90 43 
61 1 50 92 91 14 17 97 1 36 58 98 58 51 99 71 89 92 28 48 
21 32 61 64 54 50 32 26 64 84 15 30 83 18 78 62 14 65 8 11 
14 26 75 63 70 15 67 25 86 35 6 17 42 83 2 4 49 73 61 2 
2 22 62 17 87 71 91 70 39 4 45 11 59 5 88 63 58 94 5 66 
24 36 67 99 35 11 32 83 16 84 40 23 94 79 2 85 2 43 44 7 
58 52 57 7 16 4 31 5 47 96 77 53 63 35 38 62 84 88 23 64 
82 68 16 18 65 56 66 61 24 83 48 55 24 27 12 71 31 21 69 72 
41 44 85 86 44 77 3 75 85 76 98 74 39 97 8 68 15 20 19 93 
35 54 38 46 81 30 87 70 60 47 26 91 36 88 38 42 1 79 7 81 
81 85 46 26 97 99 19 21 78 36 45 89 57 16 83 87 80 17 71 62 
94 33 35 99 81 73 64 51 57 15 93 44 48 18 96 36 62 41 93 53 
37 23 79 77 25 63 98 34 1 19 42 84 89 48 65 68 25 32 49 66 
35 40 47 87 58 2 36 30 12 28 63 17 60 39 91 76 8 28 20 47 
53 25 6 91 6 49 98 81 95 62 66 65 68 90 36 92 76 72 12 51 
68 43 46 93 46 33 69 4 85 5 52 64 50 23 78 68 71 87 7 97 
94 65 51 31 49 12 85 25 34 62 39 88 33 58 1 39 29 11 15 30 
29 8 48 51 52 32 3 35 63 4 93 9 94 62 82 50 23 21 35 8 
86 20 36 24 54 64 93 28 23 9 65 23 93 57 77 51 19 67 63 81 
90 40 80 88 85 46 34 71 94 85 66 90 55 94 33 33 62 92 51 41 
67 44 13 88 51 54 96 6 18 83 9 55 79 63 31 98 28 45 26 23 
56 58 37 17 33 77 31 26 60 33 17 8 54 63 85 66 64 6 41 99 
84 66 89 29 50 86 45 34 96 95 25 81 87 77 30 83 17 2 17 69 
31 99 93 63 12 28 74 4 78 93 67 16 84 86 89 62 88 54 23 5 
28 4 33 73 59 12 73 21 21 93 77 97 11 83 50 44 45 77 75 48 
30 94 43 70 3 33 6 84 38 85 71 37 60 11 2 46 68 5 28 62 
30 98 30 13 2 49 58 89 90 39 1 83 67 65 31 4 66 18 14 18 
97 85 46 97 11 89 9 29 97 1 76 42 69 12 41 10 55 92 70 26 
14 55 65 11 30 2 73 41 30 68 85 80 46 54 69 70 84 2 68 25 
66 94 38 75 89 58 35 72 98 4 46 37 44 89 56 94 62 90 43 56 
49 4 98 17 99 15 21 65 72 47 81 47 67 46 46 89 96 87 91 96 
70 3 91 68 75 50 15 12 93 84 26 57 50 73 27 80 24 4 33 95 
77 34 85 79 77 83 59 40 96 87 55 79 69 83 30 79 15 35 99 49 
71 85 8 42 78 62 94 46 49 46 57 12 53 25 45 46 63 46 50 20 
72 66 32 47 24 93 64 92 53 82 41 1 70 44 66 34 4 16 23 95 
95 10 69 46 8 96 33 96 51 41 27 78 69 53 84 62 78 77 99 43 
6 6 78 55 62 81 73 26 25 75 47 54 10 71 55 72 48 43 21 55 
93 84 36 7 76 6 45 22 83 67 4 40 21 61 30 55 70 10 68 55 
17 11 2 25 1 95 28 73 90 27 21 83 80 61 45 13 89 43 43 12 
50 98 66 15 74 46 43 19 24 26 67 66 62 49 36 28 58 65 68 72 
71 53 83 99 18 20 51 97 3 32 74 38 19 74 30 89 19 1 14 76 
42 18 27 57 27 25 87 85 33 73 18 69 29 75 41 41 18 74 46 11 
15 2 32 55 12 23 5 28 32 57 57 19 25 1 20 71 41 19 31 10 
56 65 92 32 83 15 34 8 95 12 34 54 23 34 28 63 20 74 67 67 
56 34 11 82 94 19 9 87 82 68 82 24 81 91 67 61 42 60 30 62 
95 60 99 29 61 57 41 79 26 44 58 40 50 58 22 65 66 3 73 16 
98 19 41 97 41 81 31 53 35 43 54 68 97 19 76 63 13 75 43 91 
62 46 97 18 37 91 11 41 84 53 65 82 98 41 43 58 89 37 62 86 
62 60 68 85 86 88 35 15 17 84 18 82 18 90 80 58 91 41 17 60 
67 82 40 34 27 12 68 72 22 47 38 27 46 96 38 66 35 86 81 89 
94 75 15 78 42 40 59 13 53 54 28 55 52 97 14 12 36 23 39 98 
42 26 71 89 49 75 24 35 69 32 43 77 98 3 80 42 42 77 55 6 
71 91 45 66 50 39 41 36 30 18 48 2 13 73 34 65 15 74 75 31 
30 28 77 82 15 84 69 2 34 58 70 9 23 75 36 86 78 6 13 75 
74 83 31 2 43 76 5 94 25 16 52 22 79 61 81 4 30 50 22 38 
32 81 50 1 58 91 40 9 50 35 19 44 95 96 81 49 60 94 53 68 
88 29 72 17 80 60 66 37 20 96 56 44 54 79 38 85 42 25 37 28 
61 31 46 94 87 69 71 82 27 45 25 6 82 18 20 17 47 5 97 56 
99 28 89 24 26 38 39 71 94 79 2 65 90 61 93 14 44 88 30 68 
89 25 65 98 63 64 27 50 43 9 98 48 8 87 63 66 99 4 39 21 
68 19 26 30 1 63 67 37 22 58 43 73 11 56 34 37 99 95 96 63 
58 33 24 57 70 91 76 2 61 32 52 73 51 79 67 24 36 15 28 6 
17 52 76 6 32 31 67 34 13 94 12 49 87 73 47 49 50 94 28 77 
7 99 78 59 91 1 86 83 83 19 32 30 68 86 53 7 30 17 93 27 
4 18 11 34 49 71 94 79 38 22 95 14 45 62 20 66 41 80 32 88 
47 34 90 76 29 28 88 2 60 53 84 7 31 45 46 15 65 80 57 63 
80 38 85 34 82 87 65 92 7 43 65 76 44 34 7 46 78 66 43 90 
5 8 67 76 28 31 79 17 53 56 26 29 26 90 29 77 76 73 19 82 
65 1 33 81 16 7 28 29 53 25 88 25 13 41 40 30 26 42 99 2 
86 31 18 46 63 2 1 92 36 93 64 54 4 70 89 18 78 22 87 21 
99 17 7 26 81 26 83 41 38 50 53 22 18 4 56 34 83 69 1 80 
18 59 93 66 81 54 8 53 19 14 2 39 38 13 73 17 10 25 35 2 
20 22 60 10 99 53 28 4 42 14 13 64 98 60 4 64 14 33 46 81 
16 13 61 47 61 33 83 77 11 6 58 19 12 49 3 18 36 25 10 30 
27 46 2 88 76 6 68 42 71 65 23 81 41 35 11 69 97 2 25 8 
75 56 77 43 62 92 33 91 12 79 66 81 18 94 82 9 12 98 52 11 
53 42 82 22 49 35 22 46 77 16 86 79 48 82 85 64 73 28 27 2 
95 66 5 40 90 3 56 52 25 35 8 93 80 53 70 95 47 90 28 68 
57 36 67 3 47 24 58 11 95 92 54 88 99 53 35 51 21 20 63 96 
95 83 19 61 16 35 29 51 14 20 94 16 78 44 23 8 36 10 40 40 
94 77 3 79 54 81 21 86 69 48 46 90 98 36 2 59 73 78 12 47 
24 14 15 87 52 63 43 88 76 6 30 37 80 78 36 44 23 48 5 7 
50 98 54 26 6 90 55 61 97 98 86 99 21 87 77 3 5 39 89 35 
43 80 69 81 41 23 1 4 47 21 40 82 2 88 75 56 44 67 24 79 
53 45 28 53 7 44 65 66 25 75 26 57 29 56 88 7 22 3 42 6 
75 60 8 92 61 47 18 77 22 54 14 90 98 84 41 76 1 10 17 33 
33 2 93 46 95 12 21 47 24 10 56 21 91 95 78 73 8 48 66 66 
17 63 63 28 25 12 92 75 61 69 42 43 57 83 1 79 97 1 5 95 
36 50 66 58 66 68 8 52 56 93 6 68 73 35 89 29 46 98 91 88 
53 83 6 11 39 57 71 79 5 50 39 18 97 74 17 86 59 40 28 35 
99 42 53 71 34 17 83 72 70 78 1 34 67 32 28 14 84 98 70 73 
14 86 61 14 86 31 90 87 66 31 25 55 30 75 91 69 14 97 22 91 
39 74 93 26 63 50 27 33 71 83 15 88 28 42 11 54 44 26 6 83 
46 35 1 55 18 12 17 38 54 13 32 29 54 85 57 43 55 9 25 67 
3 78 38 17 98 35 48 48 59 99 10 36 18 59 15 73 42 70 74 87 
29 10 98 69 68 81 83 60 82 29 60 89 91 12 93 7 7 88 96 68 
69 64 25 82 80 43 78 37 14 68 94 65 28 6 27 4 76 32 31 90 
7 75 95 9 90 79 14 98 99 63 86 57 63 41 77 3 41 77 18 91 
92 69 17 30 90 85 90 69 19 46 48 1 38 10 86 27 19 58 46 17 
46 37 42 54 45 46 23 87 52 35 88 70 81 65 31 46 44 83 78 34 
4 25 75 99 11 97 67 67 14 44 83 40 73 89 5 96 96 19 4 78 
92 1 82 45 88 17 93 99 11 72 31 31 11 17 76 85 65 76 76 51 
8 1 7 4 51 18 86 43 45 12 43 77 59 89 71 82 89 23 3 87 
89 55 76 81 16 6 45 38 50 46 57 60 26 93 31 1 14 78 82 26 
80 61 92 85 10 48 5 23 59 12 23 96 54 46 26 10 24 79 23 97 
45 47 63 29 9 8 32 88 99 71 88 82 79 66 61 22 85 97 14 91 
64 31 84 52 69 36 10 69 24 10 18 31 11 75 31 50 96 41 69 14 
39 29 10 89 9 54 42 40 67 54 67 79 91 16 77 2 99 84 62 61 
17 1 8 62 92 24 62 45 94 62 76 55 88 21 68 59 25 73 98 87 
27 62 54 70 90 7 54 49 29 50 14 23 60 30 39 18 87 69 66 46 
40 22 15 85 9 81 49 43 21 88 78 20 59 94 73 40 35 43 82 36 
12 1 74 79 78 80 30 94 3 8 9 55 20 33 51 71 87 94 66 93 
82 82 67 62 80 89 9 81 62 45 74 23 21 89 63 64 23 5 75 52 
89 73 64 26 43 8 44 79 80 39 64 43 53 44 4 54 9 62 35 19 
65 69 9 13 17 20 43 50 50 13 68 21 51 97 82 6 2 96 18 35 
54 83 62 93 52 35 12 57 93 93 8 50 17 46 48 37 40 9 15 60 
4 44 54 62 57 73 49 74 64 23 16 63 24 38 75 70 83 59 65 22 
85 23 42 32 85 38 82 52 90 47 53 73 38 63 96 31 45 99 38 5 
19 48 12 29 34 97 6 27 2 23 1 13 33 83 71 26 82 40 35 45 
87 90 99 31 35 24 14 18 86 22 86 85 64 29 37 42 76 2 5 17 
26 36 43 92 82 72 54 9 75 24 40 84 65 48 87 36 35 7 95 64 
94 95 63 37 45 96 87 51 76 5 8 57 59 8 82 67 68 21 23 23 
46 6 82 17 70 79 10 87 76 14 7 28 34 67 63 24 94 42 34 92 
89 9 64 72 49 11 30 12 92 48 20 42 49 75 59 70 79 54 71 12 
64 71 79 47 39 98 85 21 54 63 89 27 80 30 31 62 60 98 17 57 
13 52 39 73 42 82 35 85 84 37 41 93 35 22 92 4 81 52 90 52 
68 13 83 78 99 7 57 25 91 78 52 14 34 62 49 6 40 73 66 73 
7 39 48 54 73 19 82 70 75 41 22 78 56 55 96 11 63 62 75 32 
88 42 40 11 37 69 54 30 61 88 70 41 16 2 73 63 86 85 63 22 
6 6 60 82 16 18 47 14 34 91 91 25 53 19 32 60 73 83 23 47 
28 8 38 30 67 55 40 63 20 11 7 16 96 69 16 75 15 3 61 18 
35 39 4 45 33 15 95 67 19 46 65 75 64 43 9 88 20 73 46 98 
62 30 82 78 67 68 82 89 38 72 48 91 14 72 74 94 13 30 29 5 
59 26 99 99 35 29 20 18 36 48 76 32 9 24 2 66 86 5 34 60 
79 64 30 63 2 98 94 3 28 59 95 30 1 4 4 15 14 77 96 96 
52 80 21 51 60 46 38 65 25 91 9 4 24 50 66 12 19 53 90 95 
22 92 85 51 79 13 73 88 46 81 67 44 13 62 22 55 58 50 45 59 
20 97 42 65 75 40 43 33 35 32 17 80 37 75 62 1 48 52 17 45 
74 77 9 68 63 99 22 9 16 9 81 76 79 2 65 25 51 52 58 46 
74 56 3 60 48 69 50 8 17 72 53 24 78 25 9 54 31 3 99 95 
66 78 17 4 17 31 33 72 12 85 48 95 68 76 98 27 76 80 41 35 
19 16 57 96 63 38 44 7 8 91 82 82 72 93 9 65 60 28 84 30 
39 5 17 91 8 36 28 25 85 85 51 52 31 53 12 65 56 82 21 11 
50 87 97 56 80 31 81 66 11 97 16 37 51 78 32 64 24 63 79 56 
39 9 53 13 71 6 17 54 56 53 85 67 42 4 56 80 64 51 56 60 
51 56 43 93 97 14 32 44 16 50 53 19 6 80 28 29 24 79 52 28 
40 16 49 39 85 38 12 72 20 97 72 20 65 44 92 88 94 22 63 34 
6 46 43 1 71 43 89 51 12 13 27 89 16 63 93 6 23 84 81 20 
1 13 44 54 70 33 20 53 25 39 90 46 50 81 73 40 65 36 26 58 
78 62 31 81 40 14 40 69 70 7 18 35 60 55 35 55 49 96 53 28 
27 41 57 51 5 5 62 79 61 50 82 7 51 19 53 99 68 50 32 40 
27 18 59 7 89 53 91 78 9 34 55 77 72 54 50 77 9 95 19 61 
54 46 94 32 29 55 69 63 79 41 86 11 57 95 73 50 92 22 25 26 
30 94 30 53 80 6 89 34 81 40 4 15 33 58 6 56 81 26 80 15 
62 52 80 28 70 99 42 39 98 37 6 4 89 65 64 66 5 43 7 80 
96 28 18 44 86 46 90 21 64 74 63 40 86 9 49 65 25 81 39 7 
11 5 55 73 99 82 26 51 17 61 22 32 91 60 34 79 78 29 78 13 
49 45 50 41 48 88 42 78 65 38 92 51 30 22 10 90 74 8 31 60 
28 41 25 14 42 76 56 8 53 32 81 41 13 97 70 79 11 37 37 3 
22 87 4 68 99 17 78 90 15 47 60 25 14 82 3 12 20 81 4 63 
14 58 51 99 6 94 95 30 56 74 85 82 89 57 61 80 43 34 98 34 
72 11 12 51 47 98 25 29 22 32 4 34 14 98 79 20 86 80 44 40 
62 92 52 29 35 24 26 39 97 63 25 28 88 26 80 93 56 54 36 89 
12 5 6 32 47 39 68 81 96 57 77 52 27 86 6 51 49 83 16 39 
93 69 10 32 50 36 79 16 72 14 14 26 11 75 38 1 17 51 57 67 
82 79 90 41 37 97 78 2 41 20 14 60 51 47 15 59 24 8 77 72 
39 12 81 16 97 42 23 91 90 47 1 12 44 11 24 91 53 62 18 86 
80 78 74 80 7 61 48 82 45 59 79 87 8 15 36 48 96 30 27 18 
37 73 78 67 98 19 45 47 36 47 2 31 45 70 74 15 17 58 89 26 
88 55 85 65 44 97 57 46 35 27 22 49 88 53 53 76 33 81 48 29 
12 40 2 13 34 30 92 32 99 26 90 21 35 56 38 5 31 84 33 54 
30 69 10 93 43 80 41 88 97 28 41 55 46 27 42 57 2 87 65 48 
28 72 26 65 75 35 70 5 53 42 65 69 25 98 34 1 22 8 80 13 
15 68 88 9 96 28 52 52 28 70 8 42 82 29 66 4 72 39 64 52 
54 37 29 40 60 11 35 67 26 33 70 53 83 27 15 56 87 59 46 83 
62 49 41 99 98 97 16 9 90 7 41 39 58 70 38 32 98 59 68 49 
80 77 36 24 13 65 7 20 57 93 1 76 11 23 53 24 3 94 66 17 
72 1 42 59 91 36 94 12 74 75 8 33 92 33 62 38 66 46 62 19 
98 55 33 95 74 47 48 9 56 13 15 24 78 11 25 91 33 72 15 71 
62 20 32 52 19 28 21 87 9 51 6 75 49 75 70 88 40 62 45 78 
2 42 16 24 28 79 56 87 68 68 7 3 52 8 66 37 7 78 74 85 
33 32 18 19 59 58 96 26 40 52 26 83 21 49 49 56 92 3 14 97 
29 21 36 41 64 14 71 91 66 95 45 80 75 29 33 88 87 82 60 24 
24 46 59 44 41 5 34 62 45 41 41 89 74 29 10 19 64 88 60 80 
17 21 41 99 18 26 28 14 38 31 75 37 4 82 16 26 69 36 92 96 
90 51 23 88 78 36 59 46 97 8 81 6 54 47 28 31 40 42 39 86 
16 22 22 56 23 99 61 69 54 69 26 53 82 74 66 37 45 89 62 83 
14 43 34 52 49 46 91 63 34 9 70 14 47 25 80 86 77 94 47 34 
3 88 19 37 41 16 20 93 34 44 5 27 85 44 29 23 48 46 73 27 
68 98 65 81 74 38 54 55 34 35 44 14 33 98 13 73 72 34 23 34 
23 8 88 18 91 57 48 43 76 9 22 58 90 25 17 39 36 51 84 42 
51 73 76 54 68 93 66 70 58 89 96 19 31 90 2 46 10 92 56 65 
17 53 18 95 3 63 97 3 39 60 89 53 71 67 36 39 62 52 60 42 
18 75 16 12 51 92 89 33 44 91 63 51 3 86 5 71 28 93 38 32 
30 11 63 9 52 68 40 83 29 52 46 7 73 57 45 66 22 68 17 39 
20 90 47 60 35 70 35 49 82 83 85 28 50 65 15 55 40 50 66 90 
22 34 94 27 17 82 54 85 3 53 86 91 99 66 14 97 17 73 27 9 
4 14 26 53 6 4 98 89 47 35 53 29 97 28 24 24 13 99 8 25 
78 49 6 27 83 74 2 4 5 80 92 80 19 1 61 25 47 98 28 78 
96 23 23 18 10 95 19 77 94 8 21 91 57 5 6 51 74 38 32 31 
21 56 69 75 22 60 90 67 32 75 55 72 82 1 39 26 97 69 64 79 
86 19 90 44 20 86 62 62 62 77 27 64 38 44 70 63 60 54 39 69 
76 78 21 99 65 21 59 52 90 18 42 49 44 70 67 61 22 41 88 88 
74 92 34 9 80 33 64 53 49 48 62 99 52 67 47 55 85 24 20 95 
36 14 19 65 92 60 77 54 74 35 91 20 58 39 37 35 79 96 66 65 
67 85 4 4 21 49 43 12 33 22 46 35 74 64 7 50 17 39 90 87 
34 74 77 22 76 19 13 20 82 9 48 24 4 56 63 70 65 81 62 10 
53 82 19 51 61 44 29 90 23 10 29 93 63 1 82 77 33 54 79 7 
15 7 59 1 85 36 32 10 65 85 96 54 11 69 70 94 6 79 18 62 
29 5 17 30 81 69 81 48 3 14 57 45 70 36 35 39 62 36 37 43 
65 36 75 98 5 94 45 83 4 26 12 69 7 2 19 73 57 12 11 88 
18 77 17 2 26 98 45 44 79 77 64 43 44 84 68 95 59 68 77 98 
94 63 3 6 42 54 37 32 55 56 65 24 84 50 73 13 58 6 36 29 
2 22 94 35 38 7 82 46 51 59 6 17 67 7 22 20 17 27 34 10 
98 74 9 91 10 38 59 53 13 97 57 67 66 67 73 49 19 43 19 28 
37 17 64 77 38 95 96 80 3 22 13 62 31 47 65 28 15 88 16 95 
43 51 52 45 77 74 91 4 87 92 71 63 84 82 4 82 36 21 8 39 
53 39 90 76 5 92 89 12 36 18 93 68 2 81 43 42 46 97 62 53 
22 12 76 58 84 38 10 87 66 8 96 19 66 87 18 39 85 65 58 4 
47 59 28 79 91 99 11 89 42 95 88 64 97 89 65 9 76 68 7 42 
81 48 97 12 37 98 21 72 82 4 68 28 36 96 3 38 3 87 69 51 
23 2 82 97 78 71 51 58 31 59 58 61 58 49 19 17 38 55 83 58 
85 40 58 71 87 19 48 25 51 64 18 54 11 30 22 71 54 45 95 73 
35 4 80 98 88 58 18 35 52 22 72 86 86 6 78 65 8 80 21 86 
15 36 11 24 76 28 25 79 93 26 9 73 67 80 36 83 73 68 22 90 
53 85 66 23 30 42 23 85 38 29 65 17 26 47 47 52 2 78 94 60 
47 32 64 93 19 56 22 67 91 39 53 16 18 55 96 28 17 89 81 54 
13 15 45 94 65 13 21 1 27 25 46 62 88 43 97 41 16 68 10 54 
91 85 40 68 37 15 17 1 84 30 24 28 72 32 96 35 91 17 71 32 
79 61 80 66 66 19 26 58 32 97 36 6 99 5 46 61 85 1 72 40 
55 46 14 69 8 46 4 40 6 16 8 94 33 78 61 53 9 99 97 64 
54 30 94 91 99 4 1 72 24 58 95 75 39 40 29 8 45 44 99 50 
74 85 22 7 33 55 49 69 9 9 10 1 29 92 41 17 45 24 9 83 
97 95 48 88 49 80 79 5 22 13 84 90 55 50 51 55 85 99 22 47 
52 59 1 34 86 10 55 52 5 64 61 67 28 86 71 26 15 50 79 69 
24 11 62 88 7 21 74 85 17 24 83 68 50 93 6 72 45 45 75 25 
60 51 54 29 33 27 5 32 60 24 83 79 16 96 74 11 3 53 94 99 
32 30 73 86 14 38 31 62 14 32 33 78 93 93 61 65 15 89 91 97 
87 7 31 3 20 61 85 33 93 79 80 22 72 97 11 87 51 80 19 84 
46 2 36 4 96 14 18 84 82 20 48 61 12 52 57 61 90 13 13 91 
77 64 33 23 87 47 46 18 54 70 83 99 7 26 78 46 3 95 30 24 
10 61 70 94 85 23 32 87 85 61 29 99 35 95 34 79 80 38 32 1 
47 73 60 95 46 17 21 47 22 48 80 31 61 76 3 45 97 96 82 1 
97 51 72 8 79 69 24 90 16 19 85 73 22 37 52 95 48 32 89 22 
38 13 94 18 5 95 88 13 99 77 91 67 37 31 65 92 78 15 53 18 
52 51 29 55 15 3 50 94 54 24 26 46 68 41 8 74 55 62 94 88 
25 64 40 67 8 81 75 3 66 33 19 81 51 66 84 3 78 49 66 97 
93 69 25 60 57 14 68 20 40 17 9 20 63 34 20 93 59 61 36 85 
8 32 58 48 80 57 93 16 86 43 24 63 78 28 59 73 44 14 1 35 
34 34 42 70 29 86 7 9 70 14 63 3 32 46 54 63 46 3 95 77 
38 27 93 96 4 20 89 41 75 76 98 64 72 26 85 35 16 33 13 29 
72 22 66 69 66 39 36 52 71 27 82 34 95 81 57 76 5 90 91 65 
64 92 97 73 95 14 19 1 99 82 49 73 85 91 71 69 72 57 58 45 
3 98 79 49 73 3 72 51 92 61 44 1 2 37 50 23 78 22 11 73 
21 13 95 5 92 57 99 34 77 94 32 39 66 3 6 57 26 13 80 70 
34 7 68 97 14 41 13 80 63 99 82 17 42 15 47 17 63 53 94 66 
62 68 97 37 22 42 32 8 40 8 11 81 34 44 94 14 62 38 53 31 
66 92 1 43 4 57 27 2 42 62 22 14 27 95 40 71 26 36 98 70 
27 66 56 46 5 27 22 11 42 71 98 5 30 41 78 67 42 47 1 9 
69 62 91 52 42 58 17 49 26 71 26 66 55 73 34 91 8 25 93 85 
82 9 65 93 52 31 56 87 83 55 58 84 95 27 90 52 30 62 8 53 
33 7 91 16 44 34 2 6 1 33 81 84 4 9 65 19 18 10 16 42 
46 97 67 28 60 78 37 27 11 86 39 72 33 99 51 6 80 25 95 51 
36 90 42 49 94 34 3 48 92 57 8 18 10 24 1 62 38 96 18 46 
26 23 20 35 55 69 4 72 36 23 73 45 53 11 17 82 16 9 81 42 
42 54 6 40 80 36 33 76 28 23 63 77 14 15 36 44 68 65 99 13 
71 45 30 39 64 19 91 66 65 47 49 92 16 76 89 23 90 94 10 57 
76 27 14 79 41 28 10 52 45 14 69 50 59 22 37 44 80 44 70 72 
60 18 59 87 88 17 33 20 96 61 23 47 98 41 8 9 58 20 43 20 
63 71 86 97 10 13 85 93 46 8 24 54 74 74 32 95 38 96 24 44 
11 27 42 56 50 65 27 2 67 82 50 83 27 7 16 8 42 53 26 95 
46 10 23 80 87 46 36 96 61 24 90 62 20 59 81 43 13 71 86 19 
10 98 38 36 76 40 5 41 16 64 58 98 52 42 33 94 2 97 49 9 
60 22 69 16 15 81 46 97 21 54 61 45 91 20 11 20 95 70 33 93 
17 99 9 56 13 31 72 19 35 33 29 12 66 7 61 2 15 18 83 50 
17 99 85 73 1 61 81 55 33 33 74 93 95 32 9 63 18 83 86 49 
72 70 88 75 41 38 90 61 21 25 20 98 45 92 58 97 7 21 79 2 
39 61 12 42 9 96 5 72 87 41 72 69 48 51 12 8 20 91 10 4 
7 28 8 49 37 12 97 94 25 26 12 36 58 39 7 52 30 7 8 81 
49 63 90 35 25 40 15 3 10 53 86 81 36 36 64 31 61 73 53 70 
85 52 96 37 71 35 47 11 31 17 25 59 33 49 33 8 13 99 20 99 
49 32 63 82 62 1 57 72 63 91 57 98 60 91 11 8 2 4 18 95 
85 84 67 89 8 84 63 76 31 33 48 69 45 48 43 65 8 62 51 60 
4 81 97 71 97 22 61 85 31 7 77 79 96 64 7 34 52 56 69 92 
63 74 27 87 93 67 63 4 32 19 23 94 40 91 31 19 93 14 37 77 
67 44 15 14 22 44 49 31 75 39 61 27 49 83 76 15 80 84 69 56 
7 69 36 71 90 69 71 68 24 13 43 80 75 25 58 13 83 11 47 72 
14 58 28 76 55 2 54 17 62 97 5 32 91 14 4 73 30 59 65 8 
89 53 8 84 88 43 91 92 45 19 8 22 42 16 54 89 79 81 17 14 
32 19 48 42 65 9 86 76 75 66 27 39 58 64 75 87 39 9 64 25 
30 97 81 57 41 34 54 49 72 12 50 72 45 93 5 98 65 82 58 97 
45 34 20 67 59 51 6 50 82 15 48 40 30 73 61 72 81 57 46 89 