20 397
74 90 14 42 78 50 98 37 96 19 89 14 10 25 98 7 90 75 27 61 
2 40 30 97 93 57 73 76 37 49 21 36 60 52 80 34 13 56 95 32 
27 72 66 67 84 5 47 6 25 77 21 85 3 81 11 36 91 77 61 46 
76 55 53 55 96 95 32 34 87 70 70 8 51 74 85 63 94 42 69 35 
93 18 38 14 94 70 72 38 15 23 6 38 69 9 61 60 80 49 23 51 
42 38 92 91 91 23 60 69 85 18 82 27 34 94 96 79 7 53 77 3 
47 87 77 4 21 87 81 22 51 41 76 7 9 83 15 83 46 68 19 50 
71 98 91 81 73 22 55 10 64 86 43 68 51 7 36 18 49 14 47 30 
58 72 9 62 80 74 83 5 92 66 5 42 67 50 93 4 11 36 66 32 
23 39 50 62 23 34 82 55 53 65 72 93 87 85 66 10 7 94 4 18 
27 34 43 14 90 77 81 44 52 55 5 49 57 74 65 24 37 85 94 1 
21 90 96 86 51 73 54 42 44 68 3 31 63 71 15 67 2 92 16 90 
27 79 26 37 52 59 83 57 79 25 27 62 22 98 67 5 91 46 24 73 
68 8 16 1 44 94 20 87 96 33 31 81 16 71 85 63 43 73 80 97 
69 17 52 23 2 29 22 56 59 38 62 30 13 44 85 46 21 84 53 81 
86 11 86 56 71 67 86 85 99 64 85 10 53 49 20 86 39 10 56 34 
45 41 5 42 88 57 42 74 19 37 55 3 70 92 83 81 80 6 10 58 
81 57 24 31 78 95 40 10 67 27 13 96 22 20 67 1 55 8 1 30 
82 77 36 72 60 91 34 35 65 38 62 82 38 36 59 15 88 98 20 54 
22 79 63 51 9 66 51 63 33 22 85 70 83 74 32 16 11 79 10 40 
93 17 11 16 5 67 36 59 28 45 77 42 78 1 89 55 38 50 39 12 
71 10 75 84 47 59 92 5 57 18 30 6 7 60 72 7 10 55 11 65 
96 65 60 81 96 58 23 46 96 58 89 48 43 48 57 9 77 58 45 8 
57 32 15 96 80 82 94 80 40 18 80 84 17 31 15 58 79 43 74 73 
90 44 69 8 93 84 36 11 56 70 26 31 55 53 36 67 68 8 58 6 
15 54 1 80 69 36 32 76 89 30 21 19 24 65 65 28 54 52 48 72 
31 76 48 35 17 50 24 55 34 47 81 13 9 31 47 15 1 99 63 74 
10 82 8 99 94 71 72 40 97 47 77 18 10 16 34 52 24 31 57 32 
29 79 37 68 13 35 4 47 80 45 19 51 82 8 81 60 6 76 11 31 
96 30 90 42 55 1 13 38 63 94 45 11 43 95 60 66 83 46 46 41 
97 48 54 79 14 18 2 50 76 21 53 91 99 40 33 63 56 6 84 13 
9 83 8 5 39 24 72 58 8 66 29 55 56 48 65 81 52 14 86 85 
13 65 35 34 96 33 15 27 33 72 59 61 22 92 89 8 89 96 26 10 
88 27 99 63 21 15 92 91 46 83 59 80 55 82 20 76 48 93 29 78 
50 72 2 87 45 56 90 78 81 85 80 76 21 14 8 56 79 33 40 25 
22 73 2 26 79 23 5 28 28 2 34 43 26 60 27 20 60 89 49 50 
65 55 57 97 43 76 69 73 4 98 80 13 17 1 47 84 93 97 17 43 
94 25 97 46 43 23 50 92 99 65 20 21 45 35 39 31 23 29 65 64 
77 2 84 86 15 82 99 10 75 42 82 17 45 79 6 96 67 52 44 67 
75 5 83 81 4 85 38 93 34 96 94 33 91 63 16 20 19 43 83 42 
45 64 89 5 79 36 22 35 72 62 95 92 9 67 79 39 79 31 40 91 
78 23 32 27 90 98 90 28 43 55 22 7 75 80 60 56 64 89 62 90 
99 30 74 27 82 71 14 25 89 92 29 77 48 9 55 4 71 17 69 78 
28 64 30 59 1 43 76 51 21 53 26 13 93 8 79 50 93 11 86 68 
30 56 61 78 58 50 47 55 40 14 23 31 41 87 14 82 72 83 19 15 
99 18 41 81 27 31 62 7 12 9 68 24 70 72 60 43 61 34 47 65 
58 44 37 86 43 43 49 74 91 95 27 93 94 54 78 1 42 66 85 20 
91 16 29 88 89 30 36 87 3 16 6 86 30 78 49 14 67 64 57 30 
99 6 77 52 79 88 40 7 87 89 37 89 77 66 27 38 2 93 36 31 
56 32 60 62 95 92 64 11 85 9 30 31 22 98 50 26 24 69 56 24 
93 11 21 10 75 76 69 26 25 85 63 43 33 58 24 10 16 78 19 97 
58 23 35 50 72 82 72 8 36 16 42 74 23 44 3 29 47 51 2 39 
62 33 73 21 71 33 8 3 11 44 77 83 90 18 52 45 69 99 86 84 
17 20 93 19 37 30 78 82 56 85 1 60 67 6 34 57 88 40 32 98 
14 28 79 9 89 23 28 72 98 38 37 9 71 76 33 34 22 80 51 27 
60 10 48 15 62 19 41 75 58 4 60 77 35 67 79 26 95 97 26 2 
25 41 83 7 49 78 15 31 38 18 68 60 42 74 35 29 14 85 67 43 
57 21 64 8 31 89 20 77 96 72 96 44 3 19 5 31 89 63 18 15 
92 84 91 46 80 57 78 22 62 50 88 72 78 33 9 95 41 83 54 41 
14 21 15 28 35 10 16 69 33 96 42 66 47 32 81 63 4 59 80 61 
14 42 79 43 94 37 61 26 58 24 67 44 26 46 96 42 96 35 38 74 
57 82 95 90 4 12 61 31 68 77 44 7 8 85 48 63 4 47 38 11 
38 36 25 3 88 63 59 98 50 58 81 79 59 6 74 31 58 81 58 40 
67 44 90 35 98 37 10 83 85 79 69 80 55 45 11 20 32 95 51 69 
48 61 64 49 69 7 55 91 35 86 73 65 50 80 2 82 99 33 54 70 
38 46 75 25 86 2 80 43 92 33 86 77 88 59 6 38 64 94 80 73 
92 87 49 6 18 94 86 26 10 53 49 43 55 62 54 76 61 8 82 47 
57 44 15 42 75 35 57 74 10 45 98 91 75 41 67 4 51 58 58 29 
26 93 57 48 11 98 24 32 67 26 52 47 12 60 53 75 6 10 8 95 
94 8 78 2 94 98 8 39 22 7 56 83 74 74 65 75 90 58 4 7 
82 73 75 27 68 81 81 26 65 20 14 59 81 80 6 12 68 46 36 86 
95 84 25 45 18 44 16 19 69 37 68 8 66 72 45 10 81 39 9 59 
19 68 88 32 48 37 41 85 89 81 90 1 68 4 14 71 40 59 90 72 
27 40 50 42 83 56 18 62 8 78 68 44 97 82 14 92 85 62 35 75 
42 20 24 76 81 42 18 33 68 29 95 17 29 21 72 85 30 95 60 31 
47 50 43 9 40 17 84 86 47 69 20 92 25 31 18 92 83 63 75 55 
20 41 49 13 67 28 88 81 25 66 22 77 30 88 55 20 2 80 65 91 
59 86 21 3 87 26 40 76 37 58 2 37 92 15 68 69 9 43 54 17 
14 65 76 41 42 77 71 17 26 93 93 9 61 51 8 23 39 29 19 99 
94 74 22 34 65 32 12 3 8 61 69 81 88 88 69 89 38 35 44 7 
43 9 51 14 67 71 44 59 32 56 72 98 71 40 85 36 45 83 79 35 
99 71 90 83 87 94 11 88 99 72 73 6 44 59 94 74 94 85 66 23 
83 12 35 7 8 12 46 33 32 14 89 14 37 41 76 13 12 33 93 39 
19 5 57 14 73 31 68 89 52 34 45 33 13 47 71 45 21 71 37 12 
18 98 65 99 13 93 90 67 5 99 56 34 42 39 71 99 15 68 64 47 
81 63 2 93 92 19 7 91 36 68 16 40 68 35 22 67 54 17 56 20 
44 46 98 50 39 42 5 60 7 76 64 76 26 49 59 48 84 84 45 72 
17 60 60 70 86 76 48 98 2 76 57 67 28 57 9 17 65 70 33 1 
36 46 5 81 74 70 69 92 17 83 2 35 48 31 61 27 32 46 98 80 
36 13 85 37 76 54 8 72 8 88 79 41 58 26 76 24 26 86 43 64 
67 30 64 47 92 95 87 85 82 25 98 47 4 36 97 66 64 9 5 77 
47 13 21 80 50 53 71 67 8 21 27 39 23 63 28 62 97 89 41 17 
56 98 42 1 35 82 68 24 82 55 99 10 19 51 76 52 41 96 78 57 
33 20 63 96 24 75 96 5 36 57 40 66 36 58 93 54 93 11 79 75 
9 17 16 37 30 87 63 70 28 41 96 11 32 67 10 60 70 57 70 59 
3 96 73 66 98 61 71 75 54 82 15 36 17 24 91 26 83 50 85 69 
50 82 89 90 96 10 34 17 22 28 98 29 44 15 47 67 2 30 27 39 
85 61 52 1 68 53 9 26 53 7 99 34 20 37 7 28 61 68 64 41 
33 52 55 19 62 62 73 45 78 40 42 63 98 46 85 43 46 97 98 3 
53 83 88 26 60 24 95 63 94 14 5 96 85 37 5 94 1 40 49 77 
64 35 72 75 72 53 10 9 3 99 23 81 17 62 51 11 43 89 48 52 
9 56 47 63 87 98 5 68 52 95 78 24 86 93 21 76 71 99 13 16 
26 52 87 4 28 14 65 41 23 70 45 55 22 18 14 93 44 3 9 7 
61 69 60 19 94 13 25 43 91 51 4 92 24 23 17 40 19 12 85 81 
54 26 74 7 8 37 99 59 80 19 99 34 34 15 65 15 7 23 20 26 
47 85 40 9 16 42 84 51 34 67 94 9 31 93 13 91 77 77 58 75 
7 25 8 50 9 65 46 34 1 32 93 57 87 49 55 76 16 8 18 25 
87 92 7 79 24 11 23 66 4 62 48 51 65 12 31 32 10 32 22 97 
36 80 49 11 94 5 30 56 2 31 66 45 84 34 90 15 74 30 24 29 
15 9 99 49 43 10 13 87 78 24 50 99 12 2 65 24 32 70 46 42 
37 62 44 4 62 1 52 44 57 90 42 35 62 76 68 69 62 59 92 70 
19 15 11 18 30 11 90 44 90 79 50 61 86 38 42 79 31 54 53 98 
28 19 52 78 89 8 55 69 53 18 4 13 47 54 39 43 94 30 68 86 
72 39 71 81 55 53 97 59 1 57 94 74 75 95 79 95 13 35 82 19 
83 23 30 33 1 81 54 43 63 77 4 21 29 11 18 79 29 68 35 38 
95 9 18 44 10 78 79 77 10 85 95 23 38 54 10 70 68 89 26 96 
54 11 88 76 84 6 61 80 32 19 52 48 57 53 22 92 99 99 44 38 
15 24 45 92 47 10 4 65 44 1 91 24 9 21 40 91 36 24 89 63 
8 30 44 6 17 96 24 3 6 40 31 96 47 29 69 17 70 46 35 28 
58 14 85 89 87 56 81 19 65 67 10 72 44 68 73 42 70 44 76 60 
18 77 92 74 3 42 92 39 59 21 80 52 60 40 1 39 78 81 92 66 
47 88 76 1 46 91 92 28 87 62 98 84 98 30 94 71 32 36 73 73 
54 7 85 40 83 46 33 51 27 25 12 18 15 31 42 67 35 77 18 61 
43 21 72 17 9 96 61 60 82 30 74 92 33 94 93 7 82 48 40 36 
79 54 54 36 77 35 31 39 99 71 72 16 86 40 34 72 53 82 34 73 
93 88 97 24 9 11 36 14 41 49 45 61 19 63 44 83 94 96 93 42 
89 39 65 34 48 51 14 63 68 40 93 55 56 78 77 29 34 97 40 13 
34 97 26 18 31 24 62 49 10 74 36 36 25 68 81 88 5 28 21 70 
50 61 46 13 44 25 77 15 70 37 88 4 67 78 67 37 16 9 42 23 
21 14 77 51 99 47 94 20 5 85 68 30 99 11 7 22 47 19 35 41 
65 1 52 33 93 58 29 29 89 75 24 69 33 53 31 43 26 48 36 33 
31 50 37 80 51 86 83 31 57 97 19 92 44 46 16 62 36 79 62 52 
31 80 82 83 39 81 39 73 9 93 36 39 2 18 46 54 12 95 10 19 
12 3 62 45 63 50 29 68 67 28 6 2 4 14 25 92 51 7 6 91 
95 80 68 65 85 23 76 22 71 71 12 8 82 57 36 14 41 40 94 93 
70 5 20 24 19 34 32 99 7 68 42 25 2 34 81 61 15 94 84 10 
45 7 76 70 83 69 35 56 19 21 40 97 61 42 11 63 21 10 52 47 
60 12 33 64 87 27 45 48 17 31 54 19 10 35 81 23 82 74 64 44 
84 6 83 19 48 89 80 58 5 46 32 81 84 10 77 69 39 89 40 15 
35 25 51 32 47 32 86 43 27 87 73 52 60 21 92 95 32 98 17 2 
17 12 20 49 4 11 81 13 32 27 31 18 20 32 87 40 30 73 46 33 
32 25 61 41 31 93 55 6 72 36 91 65 78 47 28 6 68 70 74 45 
96 12 65 26 29 54 99 56 46 57 34 84 5 50 1 13 5 42 3 72 
7 8 66 23 83 14 21 83 83 6 30 45 94 37 53 3 81 50 25 62 
97 43 76 12 58 7 95 88 50 49 8 35 31 18 46 9 75 48 55 21 
60 17 93 28 99 75 75 43 95 39 94 8 53 81 5 85 65 70 12 17 
25 74 13 19 69 53 2 61 78 61 9 63 34 8 67 46 17 88 24 76 
29 4 89 19 92 44 50 21 83 45 78 18 94 45 7 4 99 39 54 28 
68 35 17 28 70 69 59 10 32 74 46 40 70 93 39 62 90 96 22 48 
38 74 37 56 99 83 36 93 23 82 12 70 80 42 63 41 99 1 36 52 
84 10 11 69 42 94 18 55 91 23 12 54 35 29 85 8 49 52 96 58 
28 46 46 36 18 45 81 88 55 65 38 94 64 45 78 83 69 90 43 75 
87 13 98 91 84 16 52 47 10 44 31 25 86 79 23 6 11 48 31 25 
12 19 89 59 38 68 41 20 98 90 55 8 89 36 47 18 14 77 77 81 
17 52 62 23 53 45 56 59 35 32 61 31 48 61 83 11 5 14 38 75 
83 30 51 66 7 92 45 85 3 50 6 62 62 75 25 97 97 89 72 12 
20 14 29 45 2 96 36 87 32 44 13 70 3 46 41 92 12 47 41 93 
67 50 58 20 39 21 63 32 19 53 38 74 58 61 32 21 11 88 11 92 
20 66 62 79 92 32 19 79 63 42 35 9 83 7 31 86 27 76 25 50 
74 17 50 74 86 9 76 38 18 60 23 71 12 92 99 51 58 54 43 82 
44 11 75 15 63 23 6 77 73 2 74 66 72 84 6 82 79 9 74 97 
55 5 33 67 35 83 40 10 71 74 81 19 79 31 77 8 53 81 26 48 
73 86 17 92 10 38 95 73 35 41 30 54 73 82 75 14 81 93 61 40 
17 21 44 56 49 73 55 19 94 55 6 60 49 8 22 88 7 13 25 59 
20 20 62 18 67 63 9 48 24 28 87 40 77 11 87 94 7 31 53 90 
43 16 72 80 7 26 98 1 31 52 25 57 97 91 19 51 10 95 37 71 
64 41 92 55 35 4 16 75 38 41 44 85 77 28 92 45 67 46 33 83 
1 2 83 60 90 21 76 1 87 61 55 40 28 11 46 7 94 36 9 39 
71 5 52 48 28 53 37 65 16 51 57 39 71 14 30 76 78 39 41 28 
36 50 89 33 26 44 62 25 61 42 63 36 41 27 77 33 24 61 67 60 
44 94 14 8 3 54 83 50 98 90 24 8 13 41 21 30 43 33 38 73 
61 44 23 62 3 57 44 7 61 73 24 36 64 38 90 1 97 58 97 65 
11 38 51 29 39 87 34 95 10 80 16 92 58 52 78 40 65 59 31 67 
38 57 95 27 14 61 93 11 73 79 95 35 99 99 54 12 52 61 92 69 
18 41 94 78 24 37 95 11 71 51 16 25 86 47 81 36 74 87 80 43 
56 3 87 91 2 90 83 49 61 74 35 68 41 95 92 9 96 96 1 45 
90 31 81 25 81 91 40 78 18 97 9 37 48 7 13 2 49 77 73 79 
64 1 61 36 9 4 76 3 57 37 27 77 7 58 55 90 83 84 27 88 
36 87 80 37 26 12 53 30 40 40 23 48 29 42 76 91 29 38 5 61 
43 54 11 50 32 48 18 74 99 39 59 7 81 29 12 78 26 87 96 57 
10 79 33 82 16 8 26 85 48 47 32 89 66 45 19 92 70 65 67 69 
29 90 15 87 41 26 97 52 43 5 3 61 17 65 33 36 11 66 88 97 
95 33 18 12 6 99 79 58 58 77 61 22 90 19 6 80 48 7 31 14 
4 25 27 40 58 95 58 99 93 68 4 23 71 37 32 78 31 58 3 81 
13 39 89 2 28 68 36 23 34 68 15 54 75 7 76 75 62 26 81 48 
18 25 12 85 91 14 38 38 61 95 74 4 30 51 30 70 48 97 17 47 
19 17 62 99 34 25 58 55 11 80 47 20 36 74 89 10 73 62 14 41 
50 62 61 45 41 44 24 43 53 98 20 28 34 40 60 6 5 53 75 49 
35 64 73 92 77 46 13 59 93 2 52 11 80 16 10 12 10 51 8 8 
54 31 22 52 29 46 62 62 19 71 58 81 20 67 99 33 10 97 14 91 
39 38 31 17 7 1 23 16 38 36 60 58 11 26 28 96 26 46 53 55 
9 96 41 10 13 98 30 88 26 10 89 3 54 12 77 81 10 70 12 62 
30 89 72 45 27 42 95 46 25 58 20 92 98 11 57 89 77 47 66 8 
64 5 8 33 59 38 88 17 71 76 23 59 60 48 39 99 28 4 5 2 
35 68 8 88 92 28 72 35 75 41 48 35 51 39 56 69 36 4 44 1 
28 82 46 80 3 4 98 8 46 90 97 95 92 58 4 98 14 39 26 99 
14 61 76 85 53 73 9 76 94 84 37 23 19 99 97 14 31 51 86 59 
77 47 33 77 69 94 28 88 69 39 31 68 19 43 69 71 8 38 99 48 
69 43 53 62 59 28 76 75 99 50 11 72 83 6 5 60 10 78 8 72 
92 59 58 92 83 2 26 53 77 2 60 29 74 96 28 69 58 83 91 37 
45 30 48 39 44 6 40 85 70 85 10 58 71 67 73 44 22 15 34 58 
7 28 36 89 17 64 40 97 8 88 63 71 63 48 21 1 56 41 17 62 
5 44 19 11 99 97 13 89 76 48 67 23 10 12 78 52 49 38 50 56 
8 75 39 45 92 83 99 13 66 59 46 99 37 35 79 4 78 99 85 75 
69 92 74 75 87 90 96 7 60 53 80 57 65 68 18 61 86 84 33 92 
13 69 56 71 85 6 68 72 63 6 97 43 46 94 27 70 72 16 69 19 
11 21 97 33 18 65 59 67 82 81 32 53 34 77 27 63 22 40 79 76 
65 50 48 64 87 72 74 9 30 5 64 78 46 38 65 71 46 11 90 23 
11 28 91 15 10 19 1 62 70 52 37 29 83 28 16 13 44 60 76 80 
11 2 39 53 93 53 98 4 5 3 6 95 11 86 44 4 93 8 21 56 
20 28 72 70 13 25 92 23 22 36 88 95 95 18 92 59 82 97 19 61 
93 25 47 6 31 48 88 13 26 60 35 65 26 59 43 92 83 87 16 82 
25 76 36 38 45 43 98 63 51 78 69 43 67 29 75 92 68 56 6 99 
16 90 2 40 13 86 85 2 35 26 61 33 92 25 2 90 70 41 69 36 
28 53 24 62 39 46 87 75 49 33 56 18 99 3 48 94 81 74 2 48 
54 61 19 49 60 8 30 55 61 29 7 97 77 63 88 2 71 47 82 15 
10 67 63 91 78 52 72 34 81 18 52 71 7 46 66 49 57 99 44 58 
19 43 96 89 97 39 2 5 52 57 68 91 65 46 45 89 55 26 65 75 
16 26 27 56 5 99 7 43 76 19 50 24 17 39 71 5 10 86 85 55 
81 81 45 54 33 1 58 14 84 96 7 16 6 20 53 98 67 20 47 54 
2 81 20 47 92 17 83 51 54 59 74 25 64 47 48 11 30 28 73 75 
64 78 84 38 42 17 57 98 84 20 74 20 2 91 11 11 3 35 52 91 
37 14 72 46 90 2 20 58 18 4 58 64 47 43 15 73 32 15 51 92 
13 49 75 92 96 53 78 36 55 99 66 37 53 98 57 87 60 28 41 25 
10 39 45 96 60 24 73 4 18 86 19 28 16 95 37 14 65 50 31 37 
73 11 63 77 42 28 25 79 77 7 46 54 24 30 74 23 6 85 82 3 
54 79 8 50 54 28 51 94 76 89 70 80 87 39 52 43 57 28 16 90 
59 68 31 13 59 29 89 94 36 5 8 29 73 31 5 39 21 74 78 55 
43 31 47 93 2 43 25 63 69 93 11 74 79 67 20 96 37 6 23 87 
20 69 1 3 10 52 84 47 91 51 69 2 9 60 10 64 68 51 66 91 
26 28 71 57 89 90 45 32 80 20 62 92 67 13 65 20 50 91 2 81 
49 89 77 77 12 55 91 2 91 64 92 84 97 73 22 22 70 92 28 69 
11 68 50 96 81 60 98 94 90 91 10 2 13 49 19 74 46 53 27 4 
76 51 90 92 61 56 48 13 91 13 94 7 56 17 5 87 13 24 37 97 
39 75 15 56 65 54 97 91 90 8 53 58 2 83 34 25 61 55 48 20 
71 94 28 32 81 24 80 21 39 63 91 30 95 49 4 26 40 50 21 72 
52 9 63 84 19 77 59 32 47 56 38 86 98 3 14 56 60 29 29 92 
8 52 84 7 1 54 33 45 52 47 74 40 95 65 35 54 82 89 27 64 
71 70 95 82 19 17 83 84 34 46 23 20 83 15 73 15 3 83 1 61 
59 67 29 63 80 65 93 14 41 83 12 80 65 41 27 82 32 46 31 43 
18 29 80 28 16 81 46 42 31 97 7 55 39 33 41 71 85 41 35 81 
39 60 8 84 86 98 24 84 71 99 76 22 57 15 98 56 25 74 7 47 
73 41 30 53 76 90 18 78 45 24 84 8 27 73 40 99 36 31 36 95 
57 36 38 95 49 42 66 36 91 40 61 63 43 31 93 19 72 42 86 58 
68 67 31 23 11 25 99 9 66 13 47 68 37 82 14 36 75 96 84 25 
4 82 74 37 83 60 42 66 44 57 30 99 63 76 54 31 37 40 25 24 
69 82 11 97 73 52 2 43 77 26 35 1 21 17 65 16 58 4 10 85 
79 80 71 29 12 3 87 27 80 56 93 54 44 93 21 28 81 31 57 54 
11 28 88 8 61 63 76 25 35 81 6 89 38 45 25 36 49 23 51 54 
11 38 75 86 73 95 84 53 49 45 65 9 8 11 30 8 24 38 83 29 
65 20 20 68 63 80 93 68 14 85 44 13 72 65 51 84 98 50 18 72 
54 7 68 18 5 78 48 93 78 12 88 41 4 69 5 6 77 20 32 11 
65 70 71 72 77 9 25 71 45 67 38 36 67 20 75 3 61 13 61 75 
84 9 17 44 8 62 83 25 1 9 20 54 57 88 36 95 20 33 35 92 
17 96 23 67 83 41 92 50 63 10 62 67 4 75 23 64 93 28 66 68 
44 95 16 64 65 98 75 37 51 8 73 11 19 86 60 53 32 85 31 88 
1 25 36 37 78 49 91 9 33 38 99 20 42 57 91 39 1 38 62 63 
50 68 63 25 12 72 22 4 51 72 52 14 6 42 47 56 77 37 85 79 
9 51 97 21 24 48 63 53 38 67 74 41 65 72 32 12 3 75 68 90 
42 55 90 73 95 8 52 85 64 4 51 90 97 62 54 38 61 12 94 59 
27 93 12 76 47 56 39 41 14 84 53 57 55 6 48 20 82 3 71 36 
33 35 56 97 80 59 33 54 27 77 39 94 77 14 87 25 65 2 89 20 
18 36 33 7 96 70 23 12 48 21 58 62 3 87 68 98 4 11 32 96 
22 13 31 2 14 49 91 47 7 31 35 65 82 28 28 74 89 44 20 81 
18 60 64 54 87 75 40 75 4 91 43 58 64 20 36 86 93 86 62 23 
10 19 98 66 53 48 63 33 57 27 12 57 55 47 68 91 29 73 75 98 
12 24 83 11 94 6 41 19 97 94 82 8 21 67 22 39 40 22 34 54 
82 80 90 2 71 64 90 36 1 25 1 59 59 32 37 59 57 56 61 27 
61 86 22 83 25 90 59 48 17 93 11 86 86 30 23 13 92 7 83 69 
67 42 3 76 1 40 95 26 83 38 13 55 27 98 90 21 49 73 18 66 
27 62 25 51 84 85 89 50 13 66 57 68 23 32 75 45 57 82 60 11 
19 77 5 34 80 92 41 21 36 62 82 81 86 64 4 87 83 32 24 24 
60 17 62 89 64 55 23 74 43 19 67 51 8 19 65 31 13 83 40 11 
57 28 56 99 37 53 16 60 93 73 89 77 6 94 64 95 44 95 82 21 
36 87 91 26 48 46 55 54 30 78 8 69 96 89 47 82 70 98 55 11 
80 52 12 58 53 44 6 45 40 45 33 81 5 49 22 65 98 76 53 77 
55 1 1 4 57 92 82 32 77 41 11 21 87 38 12 9 49 45 47 82 
24 8 76 13 83 13 1 19 31 88 40 83 89 41 36 94 8 50 12 79 
91 59 86 97 58 71 72 28 43 5 80 81 63 84 92 43 83 11 53 1 
50 19 64 14 24 53 44 99 26 99 61 28 50 18 68 52 53 98 92 43 
76 63 36 29 26 67 57 88 22 80 97 17 34 51 80 71 65 35 41 32 
3 80 97 26 77 91 58 55 85 78 50 24 16 39 35 90 49 7 46 79 
47 82 76 71 48 38 29 75 16 3 80 92 78 64 33 36 25 26 30 35 
44 4 56 33 99 19 4 94 73 79 81 77 35 92 68 20 5 33 38 33 
12 30 83 23 90 38 40 92 11 64 18 89 43 96 73 99 24 21 6 64 
54 59 91 11 87 63 53 71 66 62 16 99 58 84 55 27 37 26 42 83 
32 74 72 26 4 2 80 47 15 12 40 62 44 88 21 83 92 92 51 7 
44 75 60 59 62 29 39 12 98 12 6 71 16 94 91 11 33 85 22 41 
87 30 94 30 45 27 40 67 45 81 79 92 54 65 60 21 92 23 82 65 
3 59 20 95 64 23 3 5 2 84 93 31 61 29 50 6 43 95 94 85 
40 3 18 49 67 74 5 95 62 3 91 95 40 18 84 51 85 79 91 84 
63 48 99 80 33 85 2 88 33 57 15 1 19 39 47 17 35 1 79 90 
5 31 54 93 93 58 46 24 45 50 20 17 62 71 52 45 25 37 94 68 
37 47 91 65 5 35 32 94 99 32 5 19 12 37 42 53 63 5 43 46 
45 13 94 30 11 43 86 7 97 62 52 83 81 69 28 43 40 69 44 90 
25 84 14 16 15 36 91 98 4 20 34 67 60 74 5 35 86 38 27 41 
10 2 26 64 94 63 89 17 39 71 51 33 86 80 59 32 2 26 18 65 
76 21 59 17 7 63 82 84 87 80 59 45 77 40 83 82 83 15 43 24 
13 79 61 76 20 5 3 59 37 51 36 74 69 50 76 84 46 80 91 26 
9 53 80 25 26 47 32 81 62 61 99 68 15 86 93 69 28 94 58 36 
44 72 76 85 41 32 81 3 63 89 90 68 90 23 57 22 40 67 13 23 
82 25 45 11 2 17 40 93 35 18 34 36 49 27 9 94 65 9 93 25 
90 3 7 35 5 13 40 46 92 85 4 39 5 20 63 38 36 58 34 31 
61 51 58 18 80 10 74 31 67 37 3 73 53 51 17 39 71 88 31 67 
23 93 63 32 3 32 45 83 83 79 76 94 27 26 5 63 15 9 3 9 
63 43 1 14 97 87 65 9 13 48 55 96 30 37 50 25 77 44 1 10 
28 83 19 78 52 39 47 30 47 3 97 57 15 98 74 52 72 3 20 78 
86 34 26 91 6 18 53 24 68 3 68 11 97 33 83 20 62 64 76 55 
30 80 43 32 34 5 21 2 32 55 19 17 26 53 48 41 27 25 60 8 
69 88 64 15 74 99 75 20 59 33 30 61 44 77 88 23 41 25 85 45 
47 48 47 89 75 90 22 41 72 5 85 84 72 58 50 37 30 1 7 90 
39 41 2 38 60 39 17 33 80 46 20 52 81 4 11 60 12 18 68 75 
22 87 33 98 60 70 11 80 88 75 6 76 81 50 67 41 24 2 51 43 
22 96 65 78 4 20 18 48 85 37 47 30 73 81 3 86 69 25 3 61 
95 53 42 96 7 84 10 45 50 70 64 5 17 96 45 34 73 90 87 95 
99 88 31 95 73 41 72 87 24 91 39 38 83 94 14 40 23 42 44 60 
53 33 64 27 53 59 57 61 15 15 21 82 78 15 25 4 89 81 93 72 
10 69 76 67 92 76 82 47 79 39 9 7 2 17 77 18 21 69 50 45 
5 29 70 11 36 95 6 82 99 10 80 57 51 36 72 14 40 41 40 11 
49 19 57 99 94 28 11 18 20 31 52 59 69 1 22 10 4 50 86 75 
10 11 23 73 20 38 10 44 41 59 79 32 34 31 51 20 15 93 1 23 
86 7 84 66 13 14 33 85 81 16 43 78 17 92 62 57 72 69 13 31 
14 12 86 79 91 51 66 18 69 61 82 5 68 94 83 47 5 45 35 77 
94 89 52 37 58 89 1 5 55 24 25 43 30 50 86 3 32 90 64 13 
65 45 42 7 37 84 10 3 19 75 77 2 13 32 35 53 93 52 53 9 
51 30 53 84 40 77 33 67 85 2 8 76 69 20 56 86 65 57 42 37 
66 27 32 1 67 74 60 18 34 22 46 69 43 93 4 39 28 56 57 94 
57 87 72 4 27 81 91 87 47 47 84 71 76 87 42 47 1 66 45 60 
80 62 30 45 6 71 64 89 6 77 93 25 59 54 69 3 32 31 87 55 
77 40 62 17 11 28 24 70 62 6 80 81 61 89 86 2 27 61 94 7 
57 91 37 43 17 40 5 34 28 81 24 12 47 95 29 61 92 45 30 96 
8 7 72 3 23 7 71 56 21 33 80 55 33 19 31 36 39 56 20 1 
94 82 5 79 12 68 40 82 78 41 67 61 32 76 78 7 64 59 87 94 
48 98 13 55 33 17 52 98 48 62 34 64 46 15 77 22 9 93 62 95 
31 97 27 33 2 12 44 12 40 83 11 56 32 54 77 98 99 49 77 56 
12 42 11 97 32 46 34 28 74 20 87 78 41 55 20 5 37 52 34 38 
97 78 88 47 45 44 89 25 71 11 1 84 59 41 81 28 46 22 67 38 
28 25 36 47 19 48 33 18 95 64 73 73 89 32 74 89 17 92 65 97 
17 88 82 99 95 92 44 74 47 52 97 48 49 21 78 42 97 81 54 10 
27 68 55 53 34 69 68 56 14 77 71 98 99 77 9 62 14 18 25 27 
71 59 59 64 93 86 31 73 80 75 72 55 71 22 14 81 59 70 55 84 
57 4 96 65 95 68 5 47 77 51 97 19 85 87 3 14 81 12 16 15 
22 58 46 93 17 2 1 7 28 48 90 41 36 97 33 59 57 67 78 72 
72 76 3 84 20 85 35 68 16 33 11 33 59 42 59 62 25 59 50 63 
75 79 28 84 9 57 48 62 38 42 61 24 59 7 36 9 95 60 63 28 
29 4 65 23 98 48 79 71 84 64 13 7 26 74 50 57 40 75 98 33 
43 76 44 75 24 14 59 21 87 96 95 2 84 68 3 62 80 43 26 13 
58 19 34 29 22 92 71 17 85 36 36 78 91 40 90 32 88 73 94 79 
8 95 13 35 77 74 40 72 67 85 75 40 27 40 94 72 86 92 31 9 
70 39 82 26 19 87 33 36 99 24 82 64 8 44 8 70 75 92 82 11 
26 23 32 27 76 97 57 53 92 54 84 34 31 47 64 11 53 65 44 28 
32 18 51 13 47 57 81 62 72 91 23 84 43 54 14 93 86 29 22 71 
12 7 54 12 96 31 16 5 77 86 10 98 74 73 24 93 6 86 93 70 
71 8 46 5 51 3 81 55 33 9 50 85 29 65 7 93 76 54 45 67 
12 75 45 34 38 33 8 37 36 85 78 8 73 29 42 38 32 1 8 1 
1 62 67 73 34 90 34 9 60 18 88 3 62 14 8 70 48 13 83 84 
87 23 40 38 26 59 70 92 95 50 67 44 80 86 12 18 22 22 2 93 
35 76 75 45 96 47 66 81 71 75 40 25 1 73 33 56 71 20 28 9 
6 20 73 56 41 75 83 40 85 68 61 77 32 32 87 13 92 29 76 44 
13 35 47 24 49 47 14 82 6 14 7 16 30 26 3 24 96 10 23 67 
35 54 70 45 20 62 13 2 84 23 14 28 79 18 31 99 41 15 81 3 
32 34 71 67 16 18 11 58 55 32 54 79 8 74 21 79 46 90 34 23 
52 47 22 81 81 43 99 69 60 89 11 50 30 72 10 30 20 32 75 33 
4 58 24 57 1 15 17 29 37 15 50 9 77 91 67 9 6 41 83 18 
61 22 10 83 38 14 71 80 39 20 14 15 17 52 41 82 79 86 9 5 
39 30 4 90 92 14 46 63 25 89 70 80 29 20 35 77 5 45 17 68 
96 85 13 25 3 14 44 59 3 15 95 33 88 4 68 16 35 45 77 36 
55 12 57 34 32 25 84 92 83 1 72 8 4 9 94 8 44 98 24 7 
6 85 96 22 7 92 48 51 47 2 66 71 71 35 55 64 64 81 27 90 
44 66 18 88 59 69 50 77 91 37 71 43 24 62 97 1 26 74 22 25 
41 75 23 77 47 77 40 31 86 9 33 80 45 59 40 19 87 31 72 95 
79 95 91 49 62 43 29 41 58 44 94 42 42 31 38 43 8 47 15 96 
3 39 60 40 29 39 40 15 12 43 17 51 75 45 61 68 15 66 30 8 
71 6 28 8 69 54 12 55 1 24 93 70 74 42 17 76 68 14 93 7 
63 2 84 40 4 87 54 86 59 69 18 14 54 12 60 80 82 64 51 30 
25 99 56 66 89 72 91 56 64 18 22 30 84 52 30 29 50 69 86 24 
54 82 79 10 90 1 7 13 57 41 24 54 79 12 87 56 63 53 1 59 
41 42 28 27 82 52 68 67 27 69 28 15 86 44 10 34 99 59 46 62 
68 11 77 89 67 60 71 91 58 64 23 42 82 25 17 47 48 88 25 21 
97 19 44 79 76 26 54 59 59 84 22 38 23 5 21 67 70 60 62 7 
76 54 90 71 34 49 93 31 79 97 80 23 14 23 46 74 67 26 54 19 
15 7 26 74 81 4 74 85 94 28 59 27 66 66 58 40 63 66 50 16 
55 74 3 33 84 40 88 60 57 61 49 23 14 69 93 99 46 89 26 42 
4 65 46 31 20 8 41 21 25 21 44 78 67 56 5 43 46 12 54 37 
7 58 87 29 43 65 2 64 93 74 65 61 27 38 87 86 31 45 4 68 
90 50 2 66 94 2 79 28 38 42 84 38 72 13 47 58 55 84 90 56 
31 52 43 76 78 21 62 2 98 79 76 15 91 71 49 64 97 75 95 37 
8 78 18 68 41 35 49 19 62 90 85 97 41 58 83 20 79 12 84 83 
4 12 7 36 56 21 4 69 89 13 69 68 45 91 25 89 39 48 38 88 
27 68 69 33 52 60 50 90 60 1 51 19 50 19 30 93 74 78 62 35 
94 32 38 96 88 97 46 22 69 43 28 69 76 40 8 73 15 49 74 62 
46 3 70 62 20 73 61 80 30 83 66 3 85 51 23 29 43 46 97 27 
23 87 90 27 14 25 91 40 30 24 31 67 53 88 54 84 35 94 2 57 
92 77 93 8 95 39 82 39 2 83 95 96 37 51 60 69 77 81 37 31 
97 21 14 44 87 10 96 65 6 88 38 54 19 47 80 88 63 94 2 23 
2 56 12 67 11 32 1 35 43 81 1 9 13 49 48 7 31 52 21 95 
19 93 34 81 17 13 72 72 92 63 2 32 7 47 93 14 51 98 21 87 