20 449
84 84 13 21 13 56 27 42 92 60 87 11 35 24 69 94 39 86 45 59 
26 33 5 19 34 23 26 48 28 61 30 19 29 19 59 20 47 43 96 32 
85 5 75 60 66 84 5 46 49 91 20 9 9 23 99 68 16 89 85 1 
58 21 68 54 22 52 17 2 5 78 58 51 33 89 28 32 88 51 34 53 
57 8 49 7 15 51 52 49 83 68 15 24 47 22 37 38 88 6 13 55 
83 18 61 42 25 45 28 32 55 41 29 24 21 72 26 39 2 62 47 11 
2 58 11 79 52 34 84 70 35 93 47 80 5 71 84 23 38 60 65 42 
73 78 74 70 8 84 19 82 78 66 24 82 13 78 47 31 97 11 91 57 
48 79 20 2 54 6 92 56 83 29 68 49 28 73 56 34 55 83 49 8 
11 85 80 2 32 49 90 14 5 27 29 4 44 47 13 21 57 31 20 25 
74 91 93 45 18 78 1 70 18 48 77 2 7 2 6 89 29 81 16 29 
89 41 79 15 17 35 40 12 78 67 26 51 29 60 90 24 37 11 19 48 
21 13 60 52 78 88 11 87 66 78 35 40 34 74 54 81 72 86 74 24 
77 18 57 65 71 47 61 14 44 36 23 22 97 40 86 24 28 15 2 80 
45 1 14 38 83 60 60 61 75 4 7 88 81 65 42 30 73 93 95 59 
63 38 42 81 18 1 49 96 54 58 3 90 63 54 14 83 2 33 91 13 
86 9 42 88 44 82 33 28 21 44 13 34 85 2 67 19 69 66 60 1 
44 99 92 82 62 16 88 45 85 4 30 68 69 63 9 97 5 65 19 89 
1 87 82 60 1 90 31 84 2 46 32 54 98 44 4 42 82 45 61 88 
53 25 24 40 60 4 31 49 16 83 59 59 73 67 2 74 21 99 10 28 
51 62 36 75 47 54 78 2 46 51 53 25 79 70 71 4 73 91 51 87 
37 11 85 9 71 63 52 71 35 77 36 19 82 13 69 58 43 40 91 89 
69 30 18 15 80 52 83 70 8 69 36 60 73 57 86 62 36 78 68 57 
94 2 37 17 8 96 58 56 65 99 3 31 7 55 1 83 65 11 25 27 
5 24 42 19 89 30 25 79 83 41 60 77 81 17 63 13 86 92 39 89 
37 92 38 81 56 77 15 38 11 76 69 47 69 45 63 58 77 40 34 4 
52 60 73 97 68 97 1 55 19 31 9 42 55 65 93 58 5 95 98 89 
36 58 34 62 75 49 91 29 80 51 60 39 96 27 96 69 47 87 85 23 
41 23 14 77 53 88 94 35 98 75 9 40 30 16 14 23 76 63 18 64 
60 21 18 65 56 52 43 57 22 71 57 58 46 4 17 97 6 71 62 72 
10 24 26 51 77 17 15 20 92 35 45 15 64 47 42 23 24 67 53 16 
72 81 83 73 76 67 91 29 7 46 61 20 20 99 73 83 41 99 10 30 
28 91 7 87 4 38 10 28 82 91 91 33 80 80 20 3 13 1 10 51 
53 84 83 22 72 59 76 9 4 14 43 58 43 29 96 60 23 72 64 39 
44 29 34 3 16 75 64 56 6 26 32 73 32 97 65 69 12 50 13 81 
53 91 77 88 2 60 62 86 23 98 8 47 81 41 90 4 35 13 94 12 
79 9 49 53 95 31 48 95 18 43 31 78 73 30 25 40 49 67 53 21 
71 31 91 95 56 66 77 59 15 72 35 57 16 93 16 29 82 36 59 45 
66 1 17 76 77 98 37 37 74 35 43 32 96 7 57 61 10 64 11 41 
80 99 41 11 26 42 92 61 85 30 74 85 45 53 96 28 60 42 86 68 
6 96 94 47 11 33 38 18 92 85 39 53 68 20 66 30 95 73 73 67 
38 14 97 14 5 36 65 6 89 63 76 12 19 5 45 64 75 53 39 17 
23 70 86 40 1 99 12 49 26 66 77 3 34 71 41 75 49 14 19 63 
46 20 84 88 6 77 44 20 14 13 99 15 88 39 86 63 97 28 54 45 
45 63 20 66 94 92 18 37 98 6 25 66 68 59 17 3 96 20 77 82 
23 48 92 84 88 72 5 44 16 80 87 29 36 29 54 19 43 47 30 24 
63 45 69 17 79 30 50 43 8 39 2 79 95 79 37 88 64 45 54 62 
92 77 19 60 8 12 31 96 56 46 87 77 23 41 44 2 85 99 83 28 
18 38 31 66 48 72 98 46 56 93 64 57 69 59 9 39 20 86 51 47 
36 88 4 26 45 22 27 61 59 11 44 60 31 58 48 79 28 31 42 22 
94 29 7 53 12 58 79 97 63 74 57 79 24 86 46 31 7 21 90 17 
18 61 28 12 43 44 56 44 97 33 83 25 15 13 78 94 92 53 92 51 
89 95 98 26 7 4 61 71 67 22 34 34 22 57 45 11 53 31 10 75 
14 15 55 53 60 58 16 85 78 63 18 47 95 38 44 99 40 54 30 76 
96 37 6 25 64 22 80 39 7 70 29 75 28 66 12 99 70 28 20 80 
26 20 26 64 9 96 88 28 7 44 18 37 12 49 70 12 7 81 82 54 
96 36 38 82 7 79 97 12 92 91 89 40 7 46 1 6 39 15 63 6 
65 93 61 97 38 5 68 9 27 45 39 50 68 16 93 46 82 26 37 21 
99 65 95 99 10 99 32 82 44 5 39 14 32 19 44 58 95 27 17 40 
54 13 12 38 94 48 87 99 31 97 46 43 24 21 20 92 57 88 32 17 
76 52 51 81 8 97 33 45 2 76 92 12 63 41 41 77 98 18 7 30 
67 64 36 45 47 11 51 10 34 62 91 93 17 70 59 69 92 95 29 69 
13 48 44 58 10 74 26 78 97 59 19 81 7 86 22 5 11 93 64 77 
31 48 33 20 43 78 62 20 75 9 15 44 82 82 14 35 55 57 67 64 
37 49 36 5 55 29 27 49 45 37 35 56 93 29 9 30 29 4 20 17 
48 91 36 44 35 67 43 66 77 67 37 3 14 49 97 15 10 18 71 84 
3 47 51 16 80 13 43 97 47 16 42 84 76 1 38 65 99 59 97 27 
90 85 30 21 93 24 48 52 37 33 99 45 69 87 47 65 70 53 19 30 
21 1 62 95 57 46 96 56 60 81 88 39 89 38 43 17 38 92 41 22 
47 58 30 32 80 87 15 61 4 46 13 96 13 66 76 55 74 98 29 21 
25 97 25 3 9 36 3 87 78 90 59 71 16 15 22 22 4 5 28 26 
3 77 21 85 24 57 60 86 24 44 40 19 70 60 26 30 43 90 72 2 
17 53 49 91 66 15 10 74 21 55 43 47 16 68 5 87 42 52 30 4 
13 62 29 42 74 53 13 32 28 51 32 3 79 8 49 73 94 66 52 74 
67 7 66 94 22 28 40 77 7 27 10 16 30 82 69 81 87 51 44 73 
79 55 18 12 95 72 25 57 27 71 15 91 4 32 45 25 47 94 56 86 
48 11 61 35 56 37 93 38 92 79 77 33 5 79 90 62 31 32 55 14 
22 66 24 53 54 4 15 88 62 45 80 16 38 58 23 50 11 56 47 3 
35 93 48 75 1 45 81 47 23 37 46 83 74 64 78 6 1 64 5 7 
60 17 5 18 18 69 47 88 51 58 93 65 13 53 64 47 79 17 36 6 
88 27 83 97 23 28 40 44 37 18 48 75 73 24 85 54 60 99 23 17 
85 4 23 1 72 97 57 79 17 27 83 32 44 3 8 28 27 75 43 6 
8 37 65 37 42 32 66 79 26 29 75 72 10 57 98 82 44 83 75 50 
30 99 5 1 40 60 71 59 95 87 18 19 60 29 53 51 31 71 82 61 
97 94 95 58 8 50 26 20 60 61 35 45 27 91 35 47 5 6 55 41 
14 67 90 24 61 31 52 98 1 70 37 45 82 82 45 27 16 45 18 67 
54 92 99 94 46 69 17 43 15 38 70 65 50 56 86 5 78 66 84 86 
83 73 99 69 22 9 24 1 52 36 65 77 68 92 7 6 46 39 22 53 
90 72 24 84 65 25 8 10 42 12 13 85 6 92 92 42 38 42 95 54 
87 96 20 14 22 69 70 36 20 52 85 31 37 65 22 48 87 56 54 52 
51 29 26 2 59 8 34 50 5 87 35 91 24 32 91 7 14 41 27 6 
28 31 48 77 55 26 72 80 17 32 43 88 59 90 2 62 94 80 27 57 
32 9 57 28 78 43 30 66 51 87 20 52 75 39 6 21 25 7 5 60 
75 11 28 16 70 3 40 67 86 48 80 66 61 49 32 58 6 20 83 55 
59 36 42 48 4 29 32 18 79 73 77 24 9 87 58 73 22 60 17 66 
5 78 56 68 18 70 4 45 3 12 69 57 51 37 92 20 2 18 77 36 
32 83 12 14 45 70 50 2 13 48 27 78 93 26 17 93 23 12 13 36 
4 17 17 23 26 68 96 37 8 32 17 50 18 20 34 2 64 32 34 45 
49 55 58 42 42 28 35 35 22 47 39 37 74 70 76 68 30 68 72 15 
23 19 23 44 72 26 21 83 6 92 32 79 64 99 32 18 6 50 62 67 
51 19 80 80 78 98 66 74 83 75 22 53 31 17 25 25 5 78 83 17 
39 74 13 39 86 2 37 44 26 24 29 61 6 25 22 9 88 2 94 73 
14 14 39 23 24 81 97 24 81 65 71 57 55 61 10 15 2 57 84 43 
16 38 17 92 56 3 1 82 32 44 63 5 47 8 46 3 26 67 31 61 
40 40 36 54 40 41 19 99 99 83 12 78 9 68 20 39 1 61 93 29 
35 6 96 88 25 84 79 7 67 43 47 16 93 66 99 33 95 1 84 94 
88 17 73 23 13 34 22 91 28 83 47 87 66 45 69 43 18 24 35 43 
58 63 3 72 76 13 18 31 3 53 61 35 59 1 38 23 61 76 27 11 
56 13 86 96 78 68 45 10 53 47 37 69 84 2 86 48 1 51 72 8 
41 6 83 64 24 13 27 69 29 47 98 73 36 27 87 10 13 31 84 67 
15 22 39 21 92 94 21 37 98 79 20 89 69 48 33 2 11 36 29 16 
24 49 22 98 17 51 59 13 92 74 65 3 2 6 81 90 13 98 1 35 
21 14 4 69 59 64 6 70 67 99 7 37 41 17 28 54 7 46 50 73 
28 27 46 71 52 24 96 41 31 14 58 73 78 86 41 65 21 48 48 22 
49 66 75 50 15 37 56 20 81 28 70 5 23 6 72 38 61 32 54 11 
7 72 16 26 79 44 48 35 64 71 9 81 76 79 82 66 49 91 13 88 
64 57 78 39 58 73 96 30 39 44 42 64 29 61 40 54 69 33 37 66 
77 37 31 69 75 36 46 28 60 97 92 58 65 68 15 14 46 97 60 73 
64 50 55 72 40 5 23 75 72 29 44 83 61 30 3 21 51 75 43 47 
37 31 30 81 3 69 83 19 97 41 96 25 59 72 86 6 64 28 62 72 
91 77 81 43 5 41 5 74 2 53 56 98 95 1 75 30 4 87 73 92 
17 33 82 66 7 91 52 91 56 1 80 38 97 93 86 91 11 8 84 55 
7 20 83 87 53 81 16 32 43 57 65 94 86 24 79 59 37 68 54 12 
74 7 80 37 85 11 5 33 80 36 28 97 3 3 25 53 7 97 43 81 
70 72 98 18 34 90 1 5 67 11 13 4 94 44 27 49 48 49 31 60 
10 74 99 93 66 76 35 32 91 9 53 99 51 77 44 87 16 2 55 22 
63 28 60 59 14 68 14 94 96 5 39 38 36 64 71 4 81 98 99 10 
67 43 59 76 77 27 7 75 75 31 2 93 43 71 32 69 88 98 37 33 
20 90 93 71 6 4 57 33 53 17 60 28 32 25 67 5 99 50 4 9 
27 42 24 48 75 97 53 55 85 94 1 91 15 47 73 30 80 2 20 75 
89 75 71 9 27 33 85 18 3 46 85 79 76 14 43 12 89 77 19 51 
30 46 8 44 4 29 8 68 59 8 4 1 90 21 59 95 23 25 98 52 
21 83 89 23 80 55 66 60 37 52 66 5 87 12 76 44 44 39 85 49 
6 9 97 33 77 11 10 71 31 97 98 72 40 88 26 37 6 18 84 87 
99 56 13 85 12 38 18 27 15 36 70 39 80 54 77 14 31 18 6 32 
32 21 37 92 84 20 2 27 41 75 73 38 13 1 94 75 98 54 70 66 
7 51 38 72 31 12 61 13 71 40 48 70 41 5 13 31 43 51 56 54 
15 60 77 82 12 37 34 60 51 38 53 2 70 40 98 36 20 99 57 57 
88 61 30 18 19 32 18 64 95 25 39 86 26 19 88 83 95 46 44 64 
2 39 85 56 89 89 29 90 45 35 42 20 11 20 69 35 94 14 13 97 
3 12 12 86 98 31 7 43 32 31 15 72 18 32 46 97 26 60 63 78 
7 89 45 41 67 85 21 83 5 57 40 92 83 23 96 21 26 98 61 9 
96 54 94 15 50 19 32 34 29 15 36 81 35 8 56 54 55 84 69 96 
11 13 30 55 99 91 19 38 57 71 70 73 99 26 38 45 99 14 76 19 
65 8 29 29 58 96 93 58 8 40 13 16 48 91 48 44 7 32 2 60 
81 96 68 97 7 59 46 3 90 54 99 43 99 65 56 96 32 77 74 89 
22 31 11 28 41 3 22 9 81 94 71 15 59 4 76 39 19 5 24 20 
80 33 80 65 34 41 16 18 55 17 5 3 61 4 52 11 70 11 15 33 
82 67 45 13 98 58 16 79 40 19 57 63 41 23 29 19 18 74 18 95 
43 48 33 70 92 49 96 93 94 72 98 68 8 30 59 73 2 20 1 91 
38 32 38 19 30 80 71 20 48 14 42 20 54 17 13 76 86 90 44 26 
83 91 58 9 8 75 86 31 35 63 70 77 90 55 80 59 3 61 63 42 
24 54 21 55 99 90 76 19 23 54 15 48 34 42 15 47 75 21 12 8 
25 28 65 68 31 85 56 90 75 30 80 92 61 18 34 90 33 59 53 52 
10 18 81 96 22 18 14 8 86 96 99 3 36 44 26 51 27 45 56 18 
64 38 75 33 56 33 47 54 82 5 12 53 8 86 12 50 37 79 94 62 
77 30 94 18 98 72 87 29 61 53 87 35 85 25 17 30 20 87 50 81 
22 94 98 30 46 16 45 10 94 23 16 82 10 84 11 20 2 14 7 9 
72 19 54 60 92 69 49 92 89 55 18 97 39 9 15 78 12 39 83 49 
68 46 15 76 35 98 87 75 3 78 94 52 15 75 42 61 45 38 61 28 
40 43 4 70 56 47 35 77 18 64 25 63 36 74 38 34 16 69 89 40 
6 20 97 32 34 93 73 69 48 77 16 76 25 47 4 6 84 95 39 35 
39 46 95 53 31 11 55 81 14 39 28 8 25 7 71 59 4 62 86 5 
98 77 82 32 68 55 90 26 41 86 69 97 88 71 46 87 63 5 7 89 
72 30 36 52 15 22 79 6 98 58 60 79 63 52 53 74 25 42 19 91 
95 11 9 78 5 32 56 43 14 63 73 35 35 96 56 55 16 19 26 99 
68 34 83 28 74 55 38 57 91 8 27 55 80 17 38 53 9 99 36 17 
23 98 51 9 44 1 45 22 61 27 22 58 54 34 46 3 23 60 47 77 
7 55 45 86 45 63 9 87 61 92 36 43 89 40 89 7 62 17 87 9 
88 92 67 42 38 80 19 62 9 95 97 36 90 78 51 55 92 34 84 18 
4 62 80 1 92 43 79 72 9 67 83 78 67 30 34 29 94 8 60 22 
49 2 17 65 81 72 97 41 35 7 43 85 51 77 48 91 26 85 57 98 
49 43 39 19 10 76 25 24 54 90 20 84 29 4 78 92 47 84 88 78 
77 7 52 46 10 83 81 60 98 92 97 44 47 72 69 37 48 9 16 7 
60 99 98 88 58 93 2 99 27 37 79 25 38 85 19 61 40 81 68 28 
42 33 20 25 32 11 49 83 6 82 84 46 22 44 65 96 87 46 43 70 
74 98 13 12 23 39 41 86 42 31 14 80 12 20 42 64 12 51 36 31 
41 96 89 51 55 91 36 19 74 50 51 32 14 71 68 16 41 25 8 81 
77 94 16 56 80 74 43 81 80 19 34 57 88 90 48 56 2 95 20 24 
74 88 67 74 92 26 20 26 79 99 41 72 63 56 10 41 29 83 77 23 
61 2 42 35 87 72 61 16 78 11 77 91 76 20 65 98 21 57 87 25 
26 53 96 78 11 86 11 36 3 77 63 65 19 64 42 4 42 15 59 84 
74 33 71 40 38 83 16 69 46 93 92 56 23 70 99 50 22 60 64 92 
60 51 29 14 66 75 23 59 56 69 12 4 85 4 52 77 97 6 3 48 
46 73 44 55 91 7 73 66 76 10 48 13 17 87 26 55 26 87 38 88 
58 57 18 30 1 24 34 29 18 36 42 75 28 75 39 3 61 80 41 5 
18 76 24 14 10 69 32 66 32 21 95 96 25 4 32 38 63 47 30 92 
56 94 34 88 29 63 51 93 13 1 40 9 44 4 76 83 34 53 52 6 
9 82 84 89 65 45 57 38 58 59 15 30 71 34 37 38 14 10 96 63 
57 73 73 63 20 73 55 72 70 99 57 9 40 47 66 32 57 8 32 22 
90 88 61 50 23 8 4 97 82 11 26 49 66 20 22 40 22 95 77 65 
91 35 74 1 29 90 43 16 62 97 32 82 88 27 47 67 61 65 95 48 
79 28 9 41 7 73 75 44 15 42 47 65 71 24 91 50 84 9 29 52 
53 98 67 52 41 25 68 55 90 77 19 78 85 39 20 65 65 44 87 58 
82 19 66 7 21 2 88 13 46 45 44 75 51 68 92 63 65 39 57 58 
11 45 48 54 54 43 96 63 74 64 92 58 92 44 54 69 78 31 45 34 
55 20 76 52 58 54 69 95 48 98 55 71 30 99 16 42 57 88 61 45 
4 43 37 41 43 75 51 62 61 24 49 81 62 98 1 8 85 2 80 34 
76 54 32 99 35 53 74 45 62 51 6 78 4 86 72 17 79 64 49 29 
38 51 3 15 24 14 37 53 72 88 75 68 82 40 54 10 94 42 21 64 
86 52 96 29 37 73 17 79 10 60 64 89 86 9 40 83 91 71 58 99 
5 1 77 22 25 79 29 91 43 7 73 25 60 72 40 36 19 52 13 50 
81 42 89 5 85 46 98 22 58 31 48 47 9 27 90 11 61 24 11 26 
68 63 33 72 33 29 25 75 8 25 27 13 93 47 94 18 92 97 39 55 
43 37 31 35 22 87 50 9 20 47 33 41 17 94 69 88 13 49 49 70 
43 22 55 42 7 23 77 6 66 57 84 25 91 73 98 20 99 47 27 24 
12 41 3 50 33 4 37 79 4 11 97 53 45 97 6 88 67 13 92 61 
13 57 15 82 59 94 54 71 99 17 20 26 99 69 4 7 50 11 36 51 
72 9 39 92 23 50 10 50 62 89 53 15 61 90 28 71 12 16 33 1 
95 86 8 55 67 66 59 94 79 40 71 92 87 31 79 35 2 2 10 53 
78 73 66 56 90 69 16 28 46 80 20 82 71 64 16 5 18 56 60 39 
99 27 42 41 77 23 57 1 84 93 10 50 68 67 46 94 61 3 2 38 
79 39 75 29 44 78 58 46 47 11 51 22 67 11 74 15 96 79 21 78 
78 81 41 9 40 63 26 30 25 63 79 21 53 22 98 44 65 76 65 15 
63 40 94 37 63 36 95 34 82 66 70 80 70 93 85 75 5 87 59 8 
98 87 43 39 60 16 54 30 89 39 88 84 12 43 53 94 79 73 32 51 
67 97 5 99 45 18 51 40 37 4 58 71 59 65 23 71 26 34 22 42 
76 99 54 30 12 17 45 67 97 53 20 70 50 85 35 23 91 53 79 72 
28 53 64 10 34 41 39 57 20 1 21 27 60 92 41 28 9 57 53 21 
80 61 94 87 83 98 57 37 22 98 45 16 53 38 9 97 98 64 49 64 
62 75 92 23 14 56 80 63 87 66 76 99 87 62 9 2 95 89 92 42 
59 9 50 61 94 47 4 96 55 52 66 62 31 35 81 42 91 28 73 99 
49 69 29 83 84 17 8 58 23 10 47 3 54 72 79 38 6 76 33 55 
65 46 21 24 7 32 13 24 51 73 83 22 46 91 50 95 8 44 88 14 
51 35 40 57 2 64 82 54 47 78 94 92 58 97 21 92 5 38 12 62 
10 93 87 31 54 3 28 1 44 37 55 60 20 89 40 44 89 57 98 14 
8 51 45 9 76 29 34 63 51 4 52 87 73 52 29 22 71 33 59 85 
28 87 72 40 13 7 59 94 34 2 64 34 25 48 43 35 16 32 31 8 
2 46 88 99 91 22 9 68 2 70 75 34 26 36 50 88 1 61 86 80 
7 95 12 60 46 82 15 93 9 60 75 95 76 58 91 57 23 10 32 61 
85 69 89 34 74 68 61 70 25 11 95 25 79 78 7 37 83 32 59 76 
58 20 68 2 31 72 23 14 14 23 17 98 7 92 98 63 80 83 19 3 
24 45 14 34 26 80 44 35 12 27 76 7 85 38 92 86 59 5 26 17 
17 39 28 93 62 96 12 10 44 57 90 26 4 69 79 86 40 73 74 41 
54 79 88 4 45 97 99 80 71 87 49 77 12 28 91 1 91 56 24 12 
60 93 86 54 26 75 12 46 34 39 31 76 41 37 93 56 92 16 60 43 
8 5 49 43 51 80 6 67 37 34 22 83 76 6 39 20 9 23 65 63 
24 57 77 71 28 42 46 50 53 71 63 50 86 31 79 71 75 61 32 82 
97 5 21 47 18 77 80 11 98 1 40 81 44 14 60 9 43 32 26 32 
16 25 5 39 30 56 76 34 27 32 32 4 99 43 69 90 4 50 99 73 
30 86 74 19 32 17 80 83 23 78 55 31 84 39 89 69 7 58 27 56 
94 6 92 82 10 47 2 40 82 72 78 30 49 87 6 96 45 32 45 39 
54 68 45 28 47 96 26 90 75 88 70 60 43 79 80 43 88 78 28 38 
47 65 66 98 99 60 52 56 77 60 20 56 77 96 75 35 43 49 40 39 
24 75 85 95 49 97 4 58 30 98 84 24 62 58 76 68 96 39 83 94 
16 33 37 76 26 43 27 46 9 89 70 97 32 97 47 92 46 55 78 42 
74 63 59 7 76 86 61 11 4 46 87 62 61 60 91 52 88 66 9 90 
33 15 73 75 52 4 36 22 21 35 65 23 40 34 82 83 42 65 56 36 
79 34 53 44 4 55 91 34 23 65 86 17 19 15 89 3 26 37 73 97 
83 5 47 56 58 60 9 1 11 70 86 76 67 23 90 48 39 53 4 24 
80 59 23 53 62 70 90 55 35 6 81 56 3 52 75 62 21 93 53 15 
38 98 44 85 62 75 68 60 77 84 33 23 22 67 69 98 62 44 71 23 
82 19 69 87 4 11 4 1 89 94 28 61 45 53 88 42 57 67 63 4 
54 21 69 12 19 6 9 59 87 46 68 13 47 37 9 76 36 74 77 71 
36 56 46 56 11 3 7 79 28 74 81 16 80 4 24 40 61 17 91 11 
94 70 89 65 68 22 49 11 13 91 19 56 50 15 92 8 36 84 94 75 
66 85 50 59 36 11 48 68 41 32 35 85 42 28 36 15 40 38 80 25 
47 64 54 68 83 53 40 4 62 97 71 45 76 1 61 27 53 7 14 34 
61 79 71 19 49 63 36 95 60 47 76 82 16 36 90 76 6 86 59 96 
65 43 13 44 23 50 10 14 82 22 1 93 29 62 15 90 67 4 97 49 
83 53 47 34 12 63 29 56 3 87 29 87 97 37 83 21 21 68 27 46 
73 53 99 86 95 8 63 21 92 41 16 71 8 81 99 73 10 73 75 71 
94 7 49 28 25 33 77 87 2 69 51 6 43 79 27 39 32 31 84 97 
52 96 99 76 67 23 90 7 63 67 44 74 5 3 94 70 20 82 95 88 
51 24 86 5 97 78 78 78 75 32 44 14 31 12 47 58 67 82 69 37 
31 91 44 47 56 89 42 44 90 97 92 32 21 74 34 36 80 72 5 5 
49 53 4 52 27 96 3 65 94 71 29 79 83 38 28 82 35 73 18 4 
67 85 75 13 33 20 52 59 90 58 17 29 48 96 91 34 52 75 51 21 
43 20 17 11 4 8 47 13 3 47 88 58 55 40 38 30 54 38 34 56 
97 9 75 21 26 6 46 6 70 90 9 12 16 5 61 82 30 86 25 42 
41 77 91 46 27 59 55 91 70 22 95 28 23 75 90 1 44 53 13 52 
19 26 19 46 48 19 41 14 84 71 50 16 79 28 35 47 97 54 23 59 
21 52 11 8 34 99 61 45 85 96 22 8 55 21 76 79 59 19 10 59 
68 56 47 45 95 20 68 76 29 63 25 51 54 12 66 42 74 79 42 89 
49 88 40 77 46 52 61 31 56 73 55 53 45 24 53 69 60 39 93 96 
4 94 25 3 13 73 58 39 54 7 4 21 29 90 77 38 20 86 69 59 
85 92 84 12 17 68 73 87 54 1 88 85 48 84 72 63 53 93 18 33 
39 97 68 35 79 88 91 11 59 5 50 34 35 94 43 84 79 38 25 23 
51 28 18 93 13 28 30 24 39 69 86 6 54 62 90 90 17 24 60 87 
69 47 42 55 86 8 74 90 40 50 42 2 1 32 85 17 99 19 64 95 
92 66 29 37 26 81 66 89 90 44 26 96 16 27 62 70 88 49 77 31 
75 60 30 92 94 11 75 94 99 29 13 10 43 1 83 69 37 67 80 96 
89 10 47 18 68 39 50 39 29 88 20 3 81 78 88 17 24 3 12 48 
32 78 39 35 80 13 86 80 91 96 83 95 28 51 68 68 44 84 32 29 
92 99 11 6 14 86 22 50 39 62 30 11 1 20 89 8 42 58 20 94 
25 18 5 26 66 36 26 59 93 77 93 46 10 42 9 61 39 19 93 96 
69 72 74 9 97 44 4 67 22 88 82 24 91 54 3 16 52 16 84 83 
44 79 9 11 97 93 66 49 13 53 94 5 12 79 72 80 34 4 73 3 
83 54 37 63 5 57 35 85 50 1 20 46 8 4 91 9 41 44 43 1 
48 19 34 95 16 70 78 70 21 99 40 2 17 6 51 87 31 6 36 7 
62 11 11 12 25 37 43 45 38 62 94 77 79 13 98 62 36 16 92 50 
59 22 26 6 32 10 90 67 70 73 76 49 44 58 43 9 24 13 18 34 
11 5 76 21 19 94 36 83 82 83 65 82 89 18 97 66 9 72 78 91 
86 96 87 29 99 74 17 25 91 22 44 21 73 91 20 71 54 29 75 17 
59 39 45 40 84 10 78 1 37 84 73 77 58 13 78 15 20 54 3 66 
42 53 80 78 47 69 27 87 1 15 68 2 74 88 41 22 61 63 11 57 
78 45 1 84 8 94 11 90 68 5 37 45 65 74 70 24 53 56 10 22 
18 38 94 46 48 81 69 19 53 96 54 71 68 82 56 9 23 52 48 23 
30 82 25 57 11 5 77 19 79 25 35 9 3 51 77 9 92 79 44 78 
57 58 92 35 47 30 80 11 19 16 19 89 78 18 10 84 44 54 63 85 
45 79 67 41 15 17 51 27 84 47 56 93 8 45 18 96 11 73 27 26 
28 70 57 5 83 47 28 67 7 41 83 56 42 34 56 6 17 93 35 25 
58 94 16 3 68 26 53 27 90 70 49 73 76 11 33 99 88 74 28 63 
84 75 20 28 35 94 56 61 58 56 52 3 22 4 23 19 74 49 56 73 
6 29 49 21 83 44 28 98 4 5 7 20 61 23 77 50 46 79 1 76 
89 77 85 76 14 99 46 42 76 16 17 15 95 90 49 46 11 54 12 91 
14 38 2 71 26 52 27 11 2 98 72 89 11 20 8 15 35 34 90 54 
31 84 87 10 20 38 4 31 63 78 26 48 57 36 59 60 68 42 16 32 
30 46 9 66 81 99 40 37 90 21 31 69 54 97 47 65 99 47 6 58 
12 65 84 58 71 50 43 95 61 81 34 53 39 27 32 91 25 58 31 53 
28 17 91 70 30 50 69 75 53 75 43 67 78 67 78 3 81 28 11 74 
18 52 84 22 22 76 7 95 91 10 94 51 77 31 25 28 36 36 60 58 
67 3 13 44 2 20 11 77 58 51 71 91 38 79 63 16 55 18 39 76 
56 50 97 7 2 90 86 30 58 77 30 13 19 28 82 10 43 82 4 51 
89 96 59 35 7 15 21 99 89 1 37 88 26 88 85 17 94 98 67 47 
98 39 71 84 8 49 31 94 90 21 39 57 60 2 95 29 23 58 25 20 
63 97 39 48 54 93 68 13 44 33 49 66 27 30 69 46 99 80 26 43 
36 78 72 9 12 54 96 68 59 18 92 57 29 81 83 10 81 20 4 10 
4 80 6 57 69 68 4 17 71 49 94 2 13 59 84 77 67 23 70 67 
47 66 90 29 23 53 54 43 39 19 57 23 1 92 97 92 20 63 88 52 
33 46 66 79 63 12 56 16 96 52 51 86 39 12 42 32 21 20 71 66 
18 32 19 23 91 70 88 28 40 25 57 54 53 43 96 79 89 35 48 54 
4 33 20 94 62 18 64 92 91 25 13 16 27 2 91 82 96 91 2 42 
55 27 64 29 36 12 17 70 28 80 20 87 51 60 79 68 54 88 92 12 
29 32 89 67 28 86 11 8 95 75 57 84 7 20 27 5 31 14 80 88 
63 40 80 88 42 68 87 55 8 70 31 97 89 28 47 82 51 9 18 87 
44 39 96 77 7 11 83 54 76 91 69 36 3 99 4 8 68 13 2 60 
42 35 98 44 16 47 92 64 10 77 82 32 62 33 77 84 70 94 93 16 
39 28 32 34 59 79 83 61 99 72 65 92 24 97 78 16 85 23 52 90 
49 56 77 64 78 16 25 25 97 31 58 26 29 22 29 85 30 97 53 64 
75 44 56 69 27 68 10 87 36 3 9 48 21 89 74 12 57 37 22 69 
20 19 23 97 80 25 57 32 30 16 95 16 68 37 51 84 67 14 29 67 
31 67 76 59 4 67 4 81 40 2 10 16 38 50 68 74 53 64 62 74 
1 40 38 76 9 65 72 44 81 48 73 64 15 74 92 99 12 32 29 56 
86 20 55 53 98 15 17 87 56 54 28 21 38 92 10 77 49 43 68 7 
90 42 17 38 99 67 36 50 16 89 64 42 37 97 59 25 35 93 82 43 
41 35 89 2 8 98 35 61 90 39 1 84 60 93 51 95 10 96 65 48 
43 86 45 20 89 47 67 88 16 5 68 3 25 32 6 82 27 69 45 25 
34 70 17 23 82 88 89 61 61 18 68 67 72 87 82 28 6 63 40 82 
6 94 45 1 98 62 87 43 26 35 54 25 74 59 96 28 58 27 48 50 
24 74 69 40 19 76 37 57 99 3 3 37 25 86 67 1 45 10 37 22 
64 50 33 99 89 96 46 92 2 4 99 24 29 28 49 61 67 25 8 92 
2 73 52 15 67 8 12 81 56 78 98 27 86 78 46 43 1 1 44 69 
13 36 49 9 25 76 58 35 99 55 62 29 13 79 85 14 49 4 92 43 
88 53 35 39 69 84 72 6 3 70 52 16 40 4 20 51 20 57 86 44 
18 60 73 35 29 49 4 44 68 70 97 47 13 97 67 82 89 69 12 96 
4 8 96 98 8 48 88 94 60 64 70 45 20 52 88 38 56 90 40 49 
62 43 96 99 68 1 37 33 91 40 87 53 28 50 66 36 15 50 23 83 
55 59 6 49 84 60 12 56 59 23 32 89 25 83 21 68 56 90 22 2 
49 61 19 68 51 56 75 83 11 22 28 28 38 79 78 65 25 57 63 74 
75 80 89 20 66 41 76 87 61 8 28 75 51 75 79 49 42 12 59 86 
78 14 84 2 9 29 52 63 22 61 37 44 72 26 74 38 12 38 30 47 
20 75 85 46 18 9 1 43 64 94 71 76 81 12 2 85 83 46 70 24 
92 71 84 76 98 91 60 65 20 10 78 90 91 78 87 94 3 32 20 84 
41 29 13 18 23 13 3 13 69 13 23 73 45 27 18 58 84 54 62 83 
8 39 66 76 5 87 78 83 46 50 51 96 89 30 34 77 72 28 70 88 
62 1 12 60 90 46 25 31 37 53 15 66 19 39 54 4 80 83 74 33 
92 44 23 34 31 16 47 70 73 33 76 59 23 6 54 48 8 33 9 77 
85 30 61 86 89 24 65 62 52 80 17 30 18 15 60 65 93 22 45 2 
24 38 36 82 11 18 62 18 68 9 58 94 83 94 9 29 84 30 35 72 
44 94 25 28 79 58 59 48 50 94 75 61 27 75 85 59 65 34 58 86 
1 6 34 65 70 4 80 37 73 15 15 63 64 17 34 54 4 50 88 71 
19 90 81 2 20 73 56 58 62 64 53 81 82 85 16 59 3 78 88 45 
55 28 9 85 35 37 96 38 35 97 27 14 63 3 19 64 84 27 17 63 
32 12 1 93 76 61 92 85 81 28 56 84 91 42 99 37 20 56 2 8 
63 53 32 20 39 22 9 61 97 90 22 91 28 29 74 58 32 70 16 48 
36 58 83 36 92 92 22 62 6 28 41 34 52 25 4 56 85 64 16 42 
18 45 17 63 85 13 39 34 40 11 34 20 55 79 52 56 22 82 83 90 
19 19 72 79 99 36 66 20 51 61 94 6 94 56 2 25 91 43 50 48 
53 18 48 73 79 12 72 12 3 22 11 18 43 92 93 78 52 97 49 68 
23 78 72 2 97 7 24 2 58 63 10 46 69 88 9 77 92 59 22 25 
37 74 81 75 87 98 81 16 58 27 36 96 73 68 50 5 50 81 46 19 
44 9 59 98 77 16 74 60 78 9 77 4 27 73 96 78 6 42 77 75 
22 18 74 73 56 34 80 30 70 95 14 82 91 5 63 7 76 52 10 20 
59 17 51 48 69 15 12 16 42 86 22 31 95 96 21 24 15 38 7 56 
70 5 74 34 51 74 71 64 75 67 71 94 22 34 8 1 77 4 61 10 
67 23 79 74 38 72 84 71 84 97 11 22 73 65 74 81 6 34 46 71 
46 91 12 84 62 37 87 58 28 90 78 33 75 85 1 31 33 77 21 32 
10 31 94 35 91 72 19 19 3 79 85 95 96 63 75 45 51 84 44 10 
44 27 24 46 78 90 78 95 91 89 29 77 4 76 85 6 97 89 60 36 
94 5 77 58 40 61 22 43 61 73 58 60 2 78 8 62 10 70 2 10 
64 70 11 85 18 57 69 23 67 53 41 46 73 3 80 85 68 12 19 91 
50 9 85 85 40 42 39 70 68 64 69 90 11 92 78 55 64 37 62 8 
49 6 48 32 81 68 28 43 20 21 89 82 76 31 48 55 50 59 77 24 
42 71 44 89 16 75 41 13 66 30 81 77 3 58 31 29 60 17 28 57 
12 67 21 75 27 62 9 29 53 18 27 84 74 1 75 13 95 41 56 30 
7 76 83 82 47 77 33 93 35 55 43 47 67 78 55 30 1 70 87 61 
3 7 92 66 13 57 68 73 47 71 69 67 18 20 96 70 47 22 25 44 
92 9 56 88 40 40 18 10 14 22 55 52 66 36 15 82 80 98 81 88 
7 67 25 75 37 85 59 81 60 47 46 91 54 54 29 41 62 4 41 99 
12 54 87 7 3 89 93 16 38 84 31 94 65 66 6 88 81 74 19 26 
47 89 60 52 58 20 23 86 70 39 63 86 45 52 16 37 21 28 17 51 
66 31 37 80 47 86 28 83 34 54 52 11 52 7 96 71 55 38 6 19 
57 54 5 53 19 43 14 93 22 78 80 3 91 39 75 39 99 75 58 21 
71 64 41 7 2 81 71 63 57 53 83 64 67 35 9 71 16 93 59 13 
61 5 12 25 64 83 53 72 19 12 9 53 77 74 99 27 53 8 33 58 
80 22 18 62 96 71 36 2 48 47 43 64 34 36 48 96 57 47 18 50 
23 40 87 66 7 13 61 75 75 42 11 12 26 2 89 55 65 55 74 3 
44 8 13 59 96 54 21 12 79 42 22 20 90 32 17 50 63 83 42 53 
6 90 17 87 84 78 33 5 81 1 7 55 97 73 13 30 34 72 46 99 
47 23 91 3 48 59 81 54 48 37 83 80 47 28 93 85 21 89 89 10 
25 98 38 36 8 64 93 7 85 16 52 20 4 65 94 6 10 86 20 22 
77 74 62 73 65 74 15 62 77 80 17 50 15 76 93 66 11 82 61 57 
92 78 15 4 59 45 6 76 70 37 76 62 16 39 43 89 67 55 90 5 
48 97 99 69 32 37 97 77 69 31 92 76 73 24 69 9 4 54 95 69 
49 58 43 84 84 41 88 1 16 28 6 39 16 63 60 44 76 21 12 50 
98 12 8 12 95 92 71 88 21 90 30 65 73 49 96 12 92 30 68 26 
36 23 98 57 50 52 98 58 29 15 58 43 80 1 90 78 85 80 15 34 
39 36 74 39 62 25 10 76 39 23 9 22 61 50 39 27 1 97 30 67 
44 23 28 6 91 92 27 54 88 8 80 89 79 50 41 3 54 36 12 13 
41 85 22 21 65 35 83 8 95 99 78 55 43 65 97 55 1 41 97 4 
80 56 28 3 72 51 2 45 66 87 20 58 80 20 85 32 59 42 21 93 
5 74 59 24 50 78 8 70 6 85 83 75 70 38 97 73 94 85 48 28 
8 8 48 93 75 75 64 67 71 84 41 26 76 66 66 76 53 2 2 96 
49 28 23 83 75 91 83 79 52 82 42 85 6 70 80 32 2 40 13 76 
7 30 43 31 56 13 76 59 9 82 16 79 61 7 82 16 6 69 99 44 
35 22 49 40 37 29 34 53 84 82 19 1 70 83 91 70 7 69 87 19 
13 95 8 93 85 30 90 41 93 97 60 3 69 38 48 38 57 42 19 87 
63 59 93 76 95 5 62 10 74 78 18 9 44 84 3 23 14 71 48 2 
38 47 66 88 2 89 91 82 67 31 72 96 50 61 6 30 22 34 40 50 
70 82 67 56 17 73 25 86 88 55 76 91 38 67 58 64 25 43 63 54 
64 70 53 40 85 87 93 84 29 9 52 57 18 17 82 20 74 52 26 99 
84 62 10 22 58 96 35 7 57 9 4 40 7 8 94 84 41 72 19 88 
71 89 33 51 31 96 55 86 24 2 80 94 2 12 78 46 38 91 10 36 
59 53 3 7 15 91 45 7 89 79 1 65 29 13 30 11 88 6 44 36 
77 59 38 57 40 36 26 59 18 99 42 40 23 23 27 43 28 84 25 64 
96 67 69 99 49 76 43 69 71 25 23 82 29 91 89 10 51 43 34 58 
60 91 92 50 40 32 18 66 3 44 80 86 30 72 32 93 8 38 37 3 
43 84 30 43 80 69 77 16 16 66 24 50 28 97 88 21 85 26 63 69 
36 38 79 47 5 38 12 23 13 30 49 15 93 79 12 35 33 37 20 41 
6 14 98 64 59 55 67 60 75 83 50 81 38 52 96 88 8 13 59 43 
14 3 16 79 35 81 35 50 34 78 62 84 93 92 55 28 85 32 14 54 
51 13 84 77 14 10 94 24 72 2 87 28 69 3 17 56 61 19 75 60 
34 64 2 29 37 23 21 32 47 26 33 65 19 73 45 90 77 17 43 35 
70 99 91 98 19 62 40 54 23 42 22 6 19 40 81 80 45 28 2 15 
11 85 57 34 71 83 36 71 64 23 22 6 87 27 20 2 77 21 38 30 
81 74 96 6 20 37 87 53 94 42 77 58 61 23 17 34 26 58 8 44 
76 18 10 5 32 54 22 6 85 96 76 95 16 27 61 95 95 96 76 66 
39 91 27 34 74 95 38 90 54 63 60 11 42 14 31 37 23 60 89 39 
6 72 9 37 49 88 27 24 32 10 55 80 73 79 98 83 50 28 8 18 
75 59 10 21 71 32 95 29 88 77 49 93 99 85 81 75 15 31 58 69 
2 27 28 19 2 94 19 99 87 93 74 44 95 90 74 74 80 48 31 82 
21 72 38 52 97 84 62 69 41 59 74 2 81 80 52 91 55 70 4 53 
35 53 54 21 73 52 34 75 88 81 95 7 89 66 1 2 64 49 51 56 
90 15 30 84 22 7 81 44 59 99 79 70 47 10 13 88 81 91 15 27 
72 67 70 74 38 23 51 36 79 94 11 11 99 62 39 16 8 42 31 45 
46 38 92 81 44 34 71 86 79 63 13 28 30 71 71 37 49 17 76 26 
34 43 79 76 85 75 28 25 72 27 64 77 87 38 77 87 73 24 60 53 
88 68 15 88 8 78 90 49 66 31 73 73 81 47 26 62 37 88 1 98 