16 40
12 65 18 20 91 2 8 19 17 78 50 17 22 39 94 91 
14 78 77 46 21 21 37 79 8 7 51 19 87 95 68 9 
92 65 98 24 47 62 3 43 86 20 24 23 69 19 11 12 
43 59 68 88 73 59 43 74 89 60 56 41 66 72 21 23 
70 47 5 10 52 46 54 27 29 96 91 83 93 73 32 38 
81 6 42 69 15 68 9 79 85 6 65 59 2 64 84 18 
46 56 62 44 75 73 54 44 68 38 78 32 2 41 64 31 
43 9 5 21 42 23 96 10 38 67 60 14 20 13 60 45 
62 85 35 10 74 91 24 97 69 37 19 32 12 19 35 80 
16 86 61 1 35 28 24 96 9 45 48 32 82 28 7 96 
89 22 54 63 4 20 74 79 14 64 38 99 19 2 71 70 
31 1 81 75 12 81 59 27 88 30 31 62 19 39 55 26 
16 4 28 25 94 5 51 70 51 44 36 99 45 81 63 1 
21 87 83 60 5 94 76 76 46 6 50 44 27 3 53 69 
57 30 77 33 25 35 88 47 18 20 9 39 4 77 1 18 
78 95 78 11 49 26 46 40 42 33 76 39 80 46 2 57 
82 59 62 93 49 80 10 46 86 73 28 79 62 74 46 81 
58 81 22 36 54 37 14 64 94 84 41 2 45 79 32 7 
12 92 9 66 37 81 63 78 43 88 9 18 88 14 6 21 
54 50 94 47 81 14 30 79 86 65 14 73 41 51 41 20 
61 7 26 9 46 3 63 99 89 37 39 25 23 56 4 76 
77 43 52 1 66 23 3 76 15 73 58 14 32 15 19 54 
87 86 36 65 27 70 87 34 31 30 1 9 21 24 18 83 
98 20 35 5 45 92 11 40 99 62 22 29 84 57 51 4 
43 65 4 77 48 59 43 41 85 84 65 40 40 94 79 93 
37 71 13 23 99 35 40 54 60 19 22 95 53 44 96 50 
31 12 83 51 79 99 11 12 13 40 94 93 73 66 76 51 
56 97 37 18 80 39 17 48 76 69 7 31 70 70 92 53 
3 84 84 61 48 86 96 63 83 4 21 15 22 7 43 83 
55 3 14 19 40 2 63 23 32 93 11 42 59 87 83 17 
33 51 71 17 73 37 34 75 91 4 68 60 42 82 3 64 
62 29 43 24 94 33 59 62 83 95 72 84 55 27 47 56 
22 63 13 81 70 70 74 87 45 21 26 31 27 29 73 5 
26 32 83 24 96 58 83 42 31 74 33 83 84 34 24 92 
76 61 36 17 75 71 47 14 50 91 54 8 23 67 17 81 
41 96 98 71 99 22 12 32 73 3 42 80 73 70 30 95 
4 9 56 59 31 4 62 26 67 99 97 52 87 80 99 54 
25 66 71 76 70 13 15 26 39 78 36 1 35 55 95 17 
83 19 86 81 52 48 17 83 65 47 29 70 1 25 77 18 
99 17 30 11 22 48 47 51 48 12 38 69 78 60 88 81 