47 40
90 99 67 29 29 37 80 32 7 15 15 18 94 72 18 74 23 80 85 56 53 51 62 46 77 12 75 55 40 6 11 62 21 64 39 75 69 72 10 71 8 71 86 89 40 7 95 
58 81 79 72 34 88 5 61 32 94 31 54 9 74 95 13 3 41 5 31 48 76 31 94 61 20 51 46 74 67 84 89 6 7 60 95 16 82 29 24 41 99 84 56 58 72 33 
86 62 89 38 29 63 30 23 43 35 91 98 56 2 83 96 57 48 93 22 95 57 88 48 38 20 2 17 45 46 80 8 95 23 88 67 42 41 28 26 33 57 17 18 62 86 42 
80 95 88 17 6 83 30 85 18 7 31 58 75 5 13 8 18 4 7 58 6 64 30 92 29 78 8 67 86 19 48 22 30 3 93 63 30 16 33 66 38 50 44 42 33 85 34 
31 69 86 39 92 34 29 54 54 79 15 43 52 49 18 59 92 39 66 25 70 88 60 63 26 2 63 51 12 89 43 69 81 10 80 71 31 5 49 33 11 75 30 67 75 58 36 
62 95 54 6 3 17 5 51 72 31 48 94 77 49 73 65 52 68 2 32 22 82 64 58 56 22 54 37 16 40 37 7 42 31 48 86 53 55 93 44 37 98 14 20 31 16 75 
24 16 94 48 93 39 55 8 38 81 21 99 31 12 16 18 38 43 67 57 46 46 23 49 79 3 33 99 25 7 66 11 26 90 37 33 31 46 95 41 10 94 99 45 10 92 10 
50 93 18 98 39 64 45 14 37 62 66 40 83 88 75 12 78 79 52 50 1 97 95 71 62 64 90 36 56 68 45 59 74 36 73 76 69 14 15 63 49 56 27 61 24 12 7 
90 11 76 79 85 4 83 24 76 73 8 30 80 89 11 55 17 75 84 66 39 13 8 29 37 23 95 16 18 78 88 13 31 14 21 83 62 2 93 38 59 63 59 91 88 18 11 
97 89 32 47 44 32 3 19 50 11 72 89 46 8 29 41 35 47 50 68 42 68 27 27 8 9 68 78 88 82 30 88 63 25 27 13 10 80 59 16 85 12 88 51 22 65 18 
21 77 25 3 7 70 91 83 10 84 13 47 95 78 89 75 57 25 95 19 99 80 60 86 6 51 73 85 15 11 46 4 58 75 52 56 18 44 52 92 37 10 19 50 15 29 29 
24 48 29 75 91 90 44 91 34 94 52 96 22 75 99 63 50 19 37 42 58 11 37 89 71 30 84 30 1 99 27 66 74 85 95 8 83 38 27 58 5 62 68 58 86 50 76 
31 58 85 46 73 8 78 83 56 65 59 6 24 55 8 22 83 61 95 82 88 15 31 64 33 3 25 86 11 36 4 71 59 87 16 69 31 36 20 35 34 65 93 68 53 88 59 
85 40 26 75 25 38 90 58 32 49 9 51 33 59 29 80 40 72 75 18 18 27 85 21 70 13 30 56 85 22 87 66 44 41 61 6 74 62 22 74 71 63 49 70 14 57 52 
85 72 20 45 56 8 99 5 52 30 4 8 40 70 7 8 60 57 33 9 16 45 22 16 20 77 70 83 35 35 83 90 53 80 2 95 71 46 35 57 23 43 39 43 56 45 62 
16 10 91 20 76 98 71 13 82 89 97 10 96 94 7 82 17 29 25 61 35 6 86 1 74 91 33 19 72 36 84 2 86 53 96 67 46 25 3 76 23 78 21 57 55 83 39 
88 13 44 33 63 28 18 64 67 34 16 40 59 2 68 63 78 43 57 81 41 69 11 38 3 28 99 1 52 9 95 97 2 18 29 24 6 24 23 60 47 41 93 31 39 35 75 
53 77 92 73 34 92 26 73 9 79 95 1 89 15 25 71 78 70 58 11 9 50 37 89 24 35 72 81 96 15 22 20 12 42 94 20 76 46 55 1 49 51 34 57 28 46 51 
74 55 67 74 54 94 16 21 90 97 97 53 36 47 68 81 35 94 76 30 82 48 41 23 41 80 94 77 65 66 15 80 57 45 3 89 99 68 53 9 69 35 48 88 19 83 94 
5 20 47 69 21 70 68 18 74 10 62 51 81 76 54 62 32 40 49 71 32 72 31 2 22 95 9 22 3 6 46 89 56 56 22 50 29 96 78 35 36 25 4 90 59 73 72 
45 21 30 15 15 82 16 66 19 8 28 81 42 93 8 97 44 1 52 30 73 55 25 99 52 35 80 13 16 27 72 87 64 71 36 98 22 72 80 27 22 11 63 69 87 87 56 
90 93 3 81 61 25 12 82 32 19 91 43 5 73 77 24 30 92 61 69 64 94 38 33 17 87 14 73 29 82 12 27 87 56 6 79 7 38 98 18 13 4 18 97 64 3 87 
49 32 72 97 48 96 37 74 19 20 41 44 16 29 90 21 94 12 45 70 86 70 55 90 69 12 4 32 35 24 42 21 84 89 98 78 17 66 67 30 19 10 62 14 81 47 45 
15 58 88 32 75 16 9 73 24 69 40 80 71 48 39 57 11 15 43 30 64 45 74 63 33 33 87 63 23 50 38 2 96 88 94 74 32 33 62 16 50 82 43 98 18 62 37 
97 70 28 54 58 25 87 47 98 65 86 10 90 85 2 66 35 45 22 46 54 72 22 48 25 71 57 72 59 59 43 96 39 24 54 19 8 32 92 46 20 64 94 1 29 40 23 
23 14 9 52 73 98 45 95 82 16 26 98 45 97 62 25 75 59 61 53 38 78 73 87 84 95 10 77 99 20 77 8 69 86 51 44 66 65 11 62 40 91 89 7 87 86 15 
61 60 91 5 46 96 1 14 45 16 62 6 67 23 75 45 15 61 39 43 52 61 52 29 57 83 18 72 19 17 57 5 79 18 99 57 44 82 76 5 13 84 31 28 9 81 66 
74 80 40 11 40 17 87 67 15 87 94 54 48 83 19 82 37 75 81 83 56 72 43 12 62 62 34 45 36 88 99 71 56 96 25 36 28 48 10 93 34 12 42 25 89 41 45 
27 23 14 91 17 10 33 61 17 75 10 68 17 17 96 71 98 30 44 99 29 41 50 26 47 38 80 92 40 40 73 20 22 32 89 18 48 86 77 95 28 83 1 66 91 16 35 
97 9 48 19 17 66 16 34 48 50 46 87 97 42 30 1 49 63 53 86 55 74 91 31 31 54 23 92 62 82 2 11 53 76 93 13 82 61 37 2 52 33 40 42 54 12 42 
83 35 25 1 70 57 45 14 85 86 47 21 12 45 90 53 59 54 79 8 56 70 71 89 26 31 3 96 79 61 48 87 3 23 14 2 77 11 91 75 86 42 7 61 40 11 2 
61 59 88 46 80 64 20 75 86 67 60 91 14 28 46 68 94 25 51 45 87 13 78 15 52 53 82 99 51 53 42 73 51 94 47 17 60 47 38 2 91 7 86 37 53 13 95 
57 71 57 68 83 39 82 12 1 14 36 5 24 42 65 41 63 34 35 96 93 51 27 60 69 65 9 56 15 7 44 53 93 51 41 32 87 46 27 98 74 77 78 49 29 49 92 
74 55 2 15 13 43 88 42 45 11 33 17 4 19 46 42 45 49 92 67 71 32 71 57 98 87 37 71 40 93 75 2 40 36 47 6 99 97 89 98 63 9 80 83 20 30 21 
47 85 85 71 98 50 10 94 1 86 52 55 60 97 64 56 82 33 90 96 48 10 75 21 21 62 67 93 45 99 65 30 84 17 56 11 25 82 88 78 96 68 9 12 35 26 34 
46 18 94 3 88 57 88 99 64 11 80 5 35 41 50 43 45 57 15 7 91 36 23 40 2 9 91 90 70 58 17 92 76 14 62 25 36 4 24 90 73 61 4 31 57 86 88 
16 56 54 34 57 21 75 4 51 61 86 69 13 28 88 4 34 28 44 77 90 61 38 78 5 65 47 15 32 62 41 20 54 47 41 34 35 39 89 54 5 7 45 47 81 77 83 
52 75 29 77 72 34 65 13 59 57 93 27 62 34 33 14 57 63 54 73 18 88 73 43 36 64 99 34 50 19 74 62 68 27 58 88 50 28 43 4 33 6 23 7 28 53 52 
21 91 45 76 55 51 78 36 95 8 71 95 87 29 76 60 10 59 17 19 68 54 29 8 24 85 20 11 43 68 29 65 51 90 49 33 25 22 4 26 98 84 14 95 93 49 1 
76 64 6 97 1 27 85 45 5 80 41 77 38 55 56 44 63 99 32 90 29 38 61 64 82 94 41 53 58 75 8 73 87 14 53 70 23 86 30 12 41 69 64 31 16 52 91 