36 40
41 12 55 12 41 2 79 23 19 73 61 33 15 5 40 94 99 66 97 34 54 80 38 73 52 66 81 25 21 98 91 14 25 63 33 81 
12 31 45 76 28 36 73 13 44 44 95 60 73 74 5 65 62 16 62 73 67 98 85 27 70 19 79 31 54 87 46 9 12 57 64 14 
89 63 13 32 30 73 90 45 91 77 68 28 53 45 13 52 92 80 6 59 55 84 57 65 40 59 45 52 27 53 81 55 76 15 11 38 
5 70 25 50 90 97 44 52 62 49 41 2 76 55 60 45 5 3 73 51 79 71 89 34 79 79 7 2 50 26 96 59 51 65 81 70 
64 31 53 84 57 41 47 12 26 69 74 52 34 28 27 23 13 8 1 20 26 90 93 70 89 93 99 78 88 49 4 43 75 42 56 45 
1 4 56 97 76 66 62 60 40 92 96 68 15 29 19 76 75 12 70 40 88 56 57 79 12 4 51 2 99 17 93 43 64 82 9 35 
98 26 45 55 17 9 15 61 51 11 50 58 93 37 89 51 31 96 58 38 1 37 42 34 68 50 76 64 8 50 56 57 92 63 97 27 
99 7 96 44 41 16 24 1 83 92 37 77 79 99 82 6 11 10 67 98 41 51 88 13 67 59 47 40 59 60 89 28 97 20 51 4 
2 16 40 42 34 74 84 3 85 86 30 79 90 99 20 49 34 31 65 68 98 41 36 90 19 35 88 30 58 15 37 88 75 1 96 16 
20 21 60 61 97 44 57 36 89 13 71 53 63 90 18 22 59 25 53 83 64 79 29 88 8 79 66 26 11 57 44 33 93 96 5 70 
86 2 36 70 81 95 39 12 24 29 22 3 29 68 71 46 61 93 80 64 25 40 70 24 86 47 47 96 49 5 83 94 78 24 88 86 
78 25 54 93 99 75 79 98 52 87 75 57 68 88 83 23 9 53 32 42 55 29 81 82 1 91 8 96 17 24 25 33 69 23 47 26 
8 62 86 11 28 89 58 95 59 63 81 61 96 50 3 66 25 15 20 88 50 30 84 5 16 25 11 78 96 45 68 56 49 1 48 12 
33 25 55 41 78 81 16 91 31 48 76 21 36 74 44 72 81 42 81 95 4 90 97 11 10 95 80 47 47 68 84 38 42 36 52 96 
50 79 44 43 74 59 1 37 65 86 83 32 4 5 76 16 43 16 74 91 99 94 52 57 64 35 64 33 98 51 99 34 51 67 36 93 
86 11 4 25 79 83 21 75 77 32 57 47 87 73 67 57 88 2 72 72 40 91 31 76 95 43 57 55 55 74 87 78 5 83 39 12 
20 79 45 88 77 68 69 91 94 79 59 65 30 83 56 6 61 32 23 92 54 96 18 50 72 9 82 1 77 50 99 88 70 83 82 25 
52 36 6 83 43 16 97 33 25 83 18 94 68 5 66 50 77 77 72 67 4 69 42 79 82 79 54 66 55 2 23 77 13 40 70 1 
27 24 2 47 89 9 84 52 23 33 47 40 89 32 84 63 47 7 53 8 78 56 18 55 38 79 15 93 55 18 83 73 64 63 54 78 
44 64 67 3 14 59 14 98 14 90 57 2 79 31 31 32 2 15 78 16 69 14 34 17 52 15 92 63 61 27 71 17 90 40 84 70 
81 2 37 30 34 90 39 81 51 89 98 77 96 80 96 17 13 19 24 30 67 40 50 36 37 68 98 71 18 86 46 99 18 1 83 32 
36 42 75 9 44 1 49 75 18 75 25 2 95 43 29 19 53 84 22 4 96 69 53 53 90 4 63 23 40 29 22 98 58 18 50 23 
34 80 78 58 11 80 64 24 84 59 11 69 44 38 29 81 47 27 99 60 75 11 61 67 20 40 45 90 83 57 10 61 4 2 12 92 
14 92 13 95 84 25 73 59 41 53 76 29 14 23 38 69 8 94 2 72 96 39 83 79 77 66 73 41 67 66 66 98 67 55 94 34 
24 17 19 67 63 10 55 39 66 66 58 33 99 8 35 5 84 12 82 31 91 11 57 5 33 27 7 97 84 72 24 51 6 58 86 44 
90 55 72 71 83 45 12 70 60 63 81 24 66 86 97 84 4 53 10 14 32 96 5 60 71 58 31 78 65 50 15 33 73 97 30 69 
44 73 41 53 81 8 73 40 3 89 39 69 34 86 98 77 41 70 63 23 16 82 42 11 92 34 82 38 45 49 71 69 39 3 28 10 
28 63 52 29 27 77 61 55 84 85 26 75 70 44 62 5 5 13 57 9 46 28 7 28 86 86 37 60 7 36 62 7 3 3 81 25 
53 74 79 36 3 26 73 82 5 36 62 21 34 39 87 26 72 70 11 3 56 40 38 25 58 27 77 57 74 69 10 86 44 98 52 84 
73 34 61 4 24 19 6 31 17 94 64 98 53 42 55 75 81 34 61 24 14 74 90 48 75 5 81 19 95 9 47 66 24 95 19 74 
80 67 75 10 15 1 71 96 63 87 89 88 98 78 26 26 91 53 23 29 61 24 88 80 74 31 65 12 90 28 79 99 38 8 64 80 
9 82 20 21 10 44 73 62 48 52 66 54 49 58 61 82 41 94 98 25 52 37 48 88 20 51 37 90 94 69 24 62 49 26 21 76 
38 30 30 86 20 73 41 97 59 78 84 56 55 22 14 13 42 72 77 23 20 27 48 13 20 32 48 55 56 8 47 29 94 98 45 63 
1 23 67 96 56 39 47 77 94 9 64 54 68 58 48 93 62 27 32 52 25 55 32 31 27 3 16 94 21 33 67 14 21 88 16 13 
65 66 20 98 17 47 38 53 56 94 22 61 75 30 40 7 60 30 99 66 1 87 2 32 70 94 36 28 57 26 21 22 1 32 71 92 
18 39 50 91 6 13 77 49 60 15 5 54 22 22 32 81 41 39 46 67 26 95 33 11 10 44 26 28 80 40 84 97 70 12 23 80 
67 96 94 2 22 94 48 77 9 7 98 28 46 64 2 5 73 4 49 61 40 19 86 86 77 63 65 77 5 10 23 43 2 41 27 14 
8 26 11 72 69 36 62 77 26 39 10 41 52 64 77 4 52 83 78 64 58 70 58 57 87 86 51 7 14 86 63 34 59 63 20 1 
25 92 72 41 57 47 55 73 20 38 37 67 48 45 24 99 47 50 15 53 11 89 42 36 82 30 5 89 65 77 90 68 90 2 39 48 
33 26 87 5 65 9 71 42 77 20 8 74 54 80 3 48 95 12 49 60 82 90 1 98 62 45 36 10 37 32 98 59 34 65 81 79 