49 40
20 9 3 82 13 46 62 71 66 16 35 98 30 78 94 29 87 41 81 62 60 79 93 44 42 32 34 36 41 51 32 35 22 94 71 43 71 33 25 70 18 16 43 24 71 54 44 59 3 
93 13 7 14 41 93 56 48 51 76 18 2 14 85 34 77 38 2 27 71 36 72 95 94 32 37 2 97 13 65 58 27 51 72 86 4 68 49 5 71 91 10 22 73 52 85 96 95 17 
62 7 73 47 18 10 40 7 75 83 15 25 89 86 90 84 82 8 84 31 10 83 7 80 92 18 63 63 4 92 72 31 71 67 65 65 94 69 37 32 87 82 47 94 72 53 63 99 3 
69 45 66 92 1 12 37 37 38 52 76 95 34 37 43 58 10 21 83 66 96 15 96 1 56 75 11 66 90 34 37 36 58 2 53 19 95 78 77 25 13 18 63 15 32 23 7 31 73 
69 74 74 35 91 68 14 10 21 48 81 30 66 69 73 45 58 47 21 3 59 11 16 8 91 58 60 40 68 25 11 8 61 14 27 30 31 84 2 91 17 75 17 5 95 75 13 97 57 
74 37 25 41 96 97 38 40 58 92 38 7 8 81 28 35 68 49 65 24 97 9 2 50 19 60 44 32 29 94 95 83 87 44 34 24 15 45 52 14 17 28 29 58 50 79 63 21 41 
42 53 44 74 14 36 24 25 98 64 96 83 23 40 82 88 44 38 99 51 41 21 42 57 76 38 76 1 41 89 28 20 2 19 84 63 94 14 41 10 73 90 47 59 13 11 82 85 48 
40 31 1 73 67 44 45 70 22 96 82 74 76 27 63 30 72 55 8 40 86 9 31 87 49 31 18 51 99 85 46 46 34 42 29 79 9 61 72 35 93 34 81 18 23 15 42 2 66 
36 10 99 16 11 15 63 70 8 84 60 42 14 34 8 46 62 76 15 95 12 9 38 72 9 13 6 37 51 65 62 6 79 41 15 5 42 18 75 18 78 6 47 8 82 90 50 72 57 
44 85 68 38 58 29 14 8 56 74 39 5 47 32 51 32 71 90 87 6 8 81 64 25 36 25 22 21 61 26 32 52 29 96 73 15 66 79 86 37 63 61 95 11 33 2 59 56 42 
15 12 93 39 41 3 98 30 80 97 33 63 24 51 53 73 57 14 60 44 45 57 3 90 22 82 65 44 71 38 90 76 71 81 21 47 53 32 65 95 64 60 9 39 58 27 38 69 28 
62 92 33 41 19 49 90 30 38 79 26 87 41 36 48 17 28 57 10 99 60 77 7 63 38 16 59 47 76 34 17 39 33 60 57 1 72 35 21 66 14 65 48 7 65 97 73 15 5 
64 11 65 84 43 34 62 47 9 45 58 87 29 30 34 55 16 63 20 98 13 52 87 10 96 62 3 58 34 88 18 55 79 20 99 63 18 5 98 48 88 55 32 57 44 14 43 86 91 
58 26 37 23 24 25 11 70 67 45 24 55 23 10 81 29 23 24 58 90 83 13 71 65 32 4 55 36 30 44 85 66 41 24 94 92 57 21 81 13 23 25 35 65 76 2 9 97 24 
93 66 3 46 60 17 28 99 65 53 17 20 67 70 65 92 25 13 61 42 21 88 65 65 72 9 44 64 17 37 7 18 33 1 32 72 65 95 84 45 46 41 45 26 57 90 52 71 27 
83 81 67 23 77 83 83 73 36 96 32 3 47 29 70 26 36 68 43 25 81 69 37 50 37 81 96 10 87 71 94 91 35 60 31 94 94 45 77 3 29 8 47 64 62 34 83 8 3 
68 26 24 18 24 46 82 65 19 51 68 29 37 45 30 10 15 68 89 84 7 69 86 9 89 74 81 56 38 55 12 67 82 64 63 78 53 5 84 12 99 65 60 37 21 3 73 28 87 
68 3 18 96 64 86 14 17 45 96 31 82 65 43 20 37 78 60 48 17 91 51 96 72 49 61 66 89 69 28 93 20 45 55 99 85 33 31 59 47 11 84 45 77 42 36 31 26 70 
88 4 93 11 60 23 50 57 33 63 34 30 57 5 57 62 17 60 96 92 54 71 48 9 69 17 48 93 34 66 96 13 88 29 58 50 93 51 58 97 8 1 10 93 60 1 56 40 32 
98 5 11 64 70 78 96 90 58 98 39 80 97 72 44 62 24 86 22 65 39 63 72 40 31 87 77 53 15 92 77 8 85 93 80 73 38 3 86 95 42 46 13 71 27 46 12 57 28 
30 49 98 46 20 63 60 45 4 28 92 9 75 36 47 12 38 13 31 91 30 8 54 78 35 83 85 67 24 29 82 66 11 13 23 85 53 90 40 64 74 55 39 62 19 64 58 50 31 
95 8 77 44 1 32 6 1 57 14 8 22 40 16 53 20 18 22 34 3 44 4 71 69 88 80 80 13 92 56 22 16 6 3 79 49 36 74 11 40 24 48 31 54 31 24 8 93 56 
73 98 22 77 98 27 5 50 88 63 1 33 58 79 95 24 66 10 28 3 36 34 94 86 48 41 32 17 32 5 45 8 91 18 62 55 61 30 95 96 88 20 23 7 99 95 15 94 61 
73 83 11 99 11 33 98 39 21 90 77 29 65 25 4 4 82 70 6 64 65 3 2 19 31 78 97 25 61 84 2 24 64 75 78 46 33 51 19 75 50 1 22 97 95 48 36 53 28 
29 35 4 38 70 69 47 98 14 17 10 39 46 37 47 69 76 99 34 23 24 24 44 53 76 30 38 84 78 50 33 29 5 76 19 88 53 90 6 73 66 83 47 31 89 68 27 48 68 
82 50 91 22 8 50 33 83 16 79 99 9 85 21 27 11 89 86 72 75 97 95 26 33 76 92 29 3 8 36 34 51 23 90 38 83 87 50 8 26 50 35 70 78 44 27 48 28 39 
1 36 66 95 97 63 21 60 62 2 78 35 32 19 48 75 28 27 86 86 61 68 90 79 2 20 76 13 6 97 33 16 38 84 35 45 26 80 29 85 8 35 45 90 12 70 17 94 87 
84 22 2 44 35 66 25 42 33 22 2 43 26 57 96 64 27 20 71 70 79 86 53 29 89 83 85 53 90 77 41 62 98 1 26 83 45 80 44 17 59 96 38 72 61 72 69 40 59 
87 14 18 67 63 79 43 15 87 72 72 66 97 31 41 1 89 23 69 1 89 15 33 41 38 85 89 8 80 52 84 57 83 77 94 69 9 4 95 14 34 47 83 75 98 34 24 19 69 
51 90 6 62 36 93 9 11 5 99 32 8 91 43 26 4 19 7 15 8 79 37 51 58 93 6 31 16 64 88 13 39 77 32 39 32 64 74 29 9 51 84 82 53 95 83 53 40 13 
7 41 44 87 38 42 80 31 47 70 37 79 28 35 20 33 84 29 69 76 57 41 18 32 78 82 62 38 33 40 70 30 31 12 34 8 21 51 44 19 10 51 12 95 26 26 30 2 37 
9 73 2 4 13 14 76 74 23 64 82 40 38 57 15 28 62 24 69 37 40 9 28 74 5 63 83 85 65 66 27 50 44 35 28 40 37 11 41 67 76 27 58 37 80 40 34 16 42 
43 68 68 27 1 95 43 87 70 66 87 57 36 49 42 87 21 59 36 34 98 41 44 31 78 82 7 46 47 41 76 4 92 75 95 81 69 88 74 66 64 71 52 98 43 65 48 58 83 
74 70 78 21 49 89 69 36 37 96 34 91 83 94 51 45 65 65 64 15 10 93 54 49 92 50 52 2 25 48 78 43 71 50 52 39 30 22 62 67 16 38 27 78 44 58 20 61 55 
68 24 71 7 97 86 50 89 88 28 93 73 93 36 79 51 62 34 16 12 54 86 74 54 88 94 76 82 66 58 96 61 5 64 97 64 55 63 79 65 84 8 46 52 61 52 82 21 95 
12 62 50 69 71 1 53 81 74 55 38 30 15 55 37 37 96 49 52 70 70 94 55 74 23 48 86 65 70 14 22 65 56 82 12 13 10 99 4 25 90 97 28 50 27 54 99 58 89 
65 92 52 69 56 36 17 84 48 79 80 21 77 31 32 22 32 89 94 54 3 36 74 39 53 5 50 20 29 11 4 64 46 88 3 94 8 3 79 32 75 91 6 15 63 30 40 5 47 
58 46 23 90 17 68 40 46 32 21 91 14 46 93 25 89 73 57 26 93 72 18 36 84 66 64 26 30 31 21 28 23 44 67 69 36 12 38 90 77 95 70 1 95 37 89 74 59 90 
18 69 9 96 27 40 33 33 82 56 84 6 39 69 10 59 95 1 35 43 23 87 79 15 34 6 92 90 54 37 71 40 88 24 40 51 65 51 68 13 61 11 42 2 67 4 9 34 55 
58 22 24 55 27 60 42 69 28 70 48 93 64 74 41 47 57 64 36 28 11 19 4 17 53 75 52 13 52 40 35 54 31 92 30 84 88 10 28 93 14 94 28 2 39 32 43 35 81 