20 40
14 98 78 11 40 40 36 53 97 64 98 34 56 44 30 3 35 53 76 28 
11 69 77 71 59 27 32 14 2 35 19 50 60 8 67 36 68 92 55 11 
58 41 21 19 49 22 70 7 64 90 87 51 45 24 40 70 98 21 82 56 
57 74 38 63 80 32 72 15 44 22 13 17 27 39 55 8 26 82 53 93 
36 16 65 66 18 21 89 69 23 44 87 88 67 54 64 51 68 78 13 49 
6 35 46 49 67 32 96 40 50 31 5 63 87 1 49 28 27 75 1 30 
12 81 68 62 60 13 9 17 4 42 86 28 45 54 22 48 72 35 80 50 
88 13 7 37 71 13 26 61 53 19 5 90 3 58 28 68 10 74 67 31 
97 19 6 55 8 86 45 66 16 2 46 72 30 17 15 88 78 39 47 25 
1 2 22 22 90 97 80 65 92 6 65 37 36 44 1 42 92 53 53 60 
15 38 93 63 20 56 43 37 70 53 69 81 85 45 11 11 38 31 88 44 
2 14 1 87 54 85 98 64 29 20 22 95 84 87 88 80 49 20 17 20 
79 60 88 94 18 82 15 82 77 21 73 82 46 80 52 22 7 45 71 5 
95 49 25 27 84 91 9 64 55 67 52 64 32 19 59 59 5 9 58 6 
17 60 37 40 1 58 38 65 12 93 16 45 67 32 74 73 10 69 26 88 
77 18 70 33 21 34 37 28 9 14 44 21 65 48 86 42 14 32 73 6 
33 95 28 1 73 58 96 24 86 37 87 79 18 18 69 93 39 31 73 47 
25 31 1 55 22 57 9 36 79 47 7 60 53 34 70 13 12 37 10 41 
48 91 4 67 71 16 40 22 3 15 32 95 78 19 99 14 19 68 99 87 
49 37 36 59 63 58 66 63 13 56 67 57 22 33 51 65 38 82 14 64 
10 89 76 58 14 43 93 14 4 55 76 46 9 8 80 25 85 84 78 48 
72 74 82 78 1 86 16 41 76 27 81 24 20 27 76 54 48 33 77 86 
8 76 8 81 94 28 7 7 71 46 34 7 19 37 91 82 49 35 92 89 
30 88 27 81 60 8 22 47 57 24 5 48 77 87 5 28 34 77 86 8 
71 92 73 44 49 48 56 50 61 62 6 50 15 91 15 28 98 60 55 26 
61 91 47 64 12 10 45 29 70 41 8 16 19 13 17 30 60 89 23 81 
45 35 13 8 80 23 13 25 43 23 66 4 76 84 78 64 51 47 79 65 
13 6 74 77 50 41 18 35 90 56 41 41 1 13 44 24 33 94 18 77 
72 56 47 85 9 38 71 13 49 80 69 63 74 56 32 41 30 88 84 72 
16 42 67 48 86 20 20 74 6 20 35 36 47 9 39 69 87 98 69 17 
31 39 29 20 6 87 22 20 96 60 62 69 14 39 30 62 61 79 44 13 
64 77 90 99 62 5 1 11 13 74 74 46 36 43 3 16 9 81 28 40 
11 52 62 34 40 22 29 13 8 21 85 59 73 47 15 92 7 23 17 57 
23 11 57 93 89 26 43 83 47 43 97 21 47 5 98 57 17 5 82 30 
46 13 65 6 92 1 37 29 86 24 5 46 30 84 60 61 90 10 27 49 
63 62 28 41 76 29 70 51 28 28 3 7 80 90 49 4 61 55 2 36 
43 28 57 1 46 97 56 6 79 99 82 16 81 41 76 50 68 51 55 91 
2 14 91 36 46 26 49 45 9 37 5 95 71 79 48 16 38 74 99 33 
30 52 67 64 2 90 70 90 35 34 76 50 26 31 75 30 77 90 40 54 
36 15 4 83 1 56 87 20 81 16 40 16 76 18 99 83 71 8 61 80 