29 40
86 56 91 64 53 21 18 81 24 57 65 78 69 32 12 57 68 53 4 54 31 33 47 75 2 98 88 9 37 
94 88 35 90 68 89 25 25 47 6 3 13 40 32 25 1 68 27 90 90 54 43 5 71 91 12 45 39 61 
37 18 56 58 16 54 35 85 16 82 48 43 90 94 41 17 49 41 28 82 25 3 31 91 50 98 87 83 26 
37 78 54 18 40 77 69 60 33 15 28 43 36 67 29 25 26 36 56 2 30 3 77 16 96 97 59 55 53 
92 7 40 5 38 69 70 25 43 83 25 14 28 46 79 85 68 72 76 83 11 59 31 84 23 52 83 80 21 
41 16 40 57 63 38 98 43 30 18 86 49 37 23 90 73 27 98 77 8 75 32 22 71 49 13 22 13 89 
85 38 62 28 6 6 25 75 68 19 5 95 20 14 91 37 72 49 99 75 17 41 82 16 21 54 94 88 28 
99 67 18 88 38 25 15 2 89 54 28 68 70 64 57 61 98 64 18 68 88 67 90 15 89 60 35 20 27 
36 23 29 93 8 64 67 66 13 60 53 25 96 30 19 47 92 36 17 29 28 84 85 35 21 31 77 50 51 
52 99 46 75 60 53 3 92 73 36 69 28 63 92 7 19 67 7 56 3 14 45 21 77 49 86 43 82 78 
2 94 81 60 43 15 29 72 31 76 54 21 28 15 63 92 13 68 24 63 62 55 99 78 37 56 76 80 52 
6 26 52 56 51 14 54 2 38 24 33 67 69 93 13 2 99 30 50 70 15 31 24 27 87 39 72 63 66 
51 53 21 21 46 81 99 65 96 85 54 81 27 87 22 87 9 66 44 7 10 59 60 88 39 76 46 68 96 
70 64 78 80 21 57 16 54 34 37 23 22 97 45 59 63 41 2 6 9 61 80 46 93 35 6 5 27 12 
46 15 55 63 15 82 91 97 95 92 81 75 22 23 39 72 8 65 84 37 34 83 59 34 51 43 31 80 38 
2 84 26 18 87 70 11 92 57 43 94 39 14 27 91 24 18 17 95 75 99 89 74 31 80 37 61 35 33 
18 36 10 38 53 81 46 25 39 54 66 28 36 26 16 8 89 59 71 24 89 42 95 59 47 71 13 24 19 
49 48 6 92 49 16 1 52 41 5 49 51 6 31 85 54 88 16 8 32 84 8 78 13 70 83 46 50 96 
86 36 90 7 7 12 21 41 53 59 5 89 84 26 72 73 29 55 79 94 64 31 90 97 34 29 94 89 24 
32 35 74 72 31 18 23 86 55 20 49 68 82 90 53 36 26 41 92 60 68 88 56 20 32 99 35 13 67 
27 11 23 39 35 25 14 40 91 38 65 33 41 87 81 66 41 24 3 50 57 11 26 79 66 72 98 46 69 
33 2 85 98 77 40 89 70 48 69 43 25 83 33 12 99 41 23 97 3 40 13 26 33 49 63 21 41 37 
5 66 71 39 11 22 92 8 67 54 54 6 42 63 49 18 50 77 75 7 14 28 30 80 28 26 76 83 84 
41 22 86 36 2 84 89 26 94 92 71 76 76 13 9 52 30 68 8 40 55 98 35 82 11 58 69 66 81 
42 98 92 33 10 50 58 92 85 97 38 7 43 38 19 3 56 92 65 14 42 41 37 68 31 57 75 32 52 
92 91 90 60 44 99 44 20 94 8 92 26 52 29 17 98 24 4 54 26 97 24 18 44 89 69 19 5 32 
78 52 75 11 55 22 37 1 93 35 77 39 15 55 53 2 9 3 47 66 67 4 83 15 80 47 96 99 40 
33 58 28 91 82 66 68 42 31 73 9 11 42 21 23 85 88 70 36 4 56 78 30 34 94 83 30 22 23 
4 79 97 74 63 43 7 63 44 85 94 8 19 40 31 32 89 70 22 20 92 87 11 67 45 28 38 28 69 
74 26 52 26 24 50 27 19 22 72 19 42 21 13 34 76 19 25 61 63 32 33 86 82 69 57 96 88 14 
79 83 62 38 59 71 98 97 61 51 38 15 89 22 42 57 67 3 10 82 84 70 91 28 28 6 60 22 88 
56 66 26 75 85 38 38 9 66 93 74 82 50 37 17 58 26 29 75 98 44 93 38 40 84 90 31 81 4 
21 63 95 3 13 58 17 51 3 39 34 8 67 92 34 94 79 52 31 30 12 77 6 58 23 55 79 96 4 
20 75 57 60 49 25 79 45 50 23 32 80 86 85 35 31 81 29 28 66 3 92 26 54 42 3 24 22 63 
65 67 43 32 4 81 15 15 81 3 63 66 80 5 16 60 30 43 81 27 60 17 2 86 50 53 95 11 98 
96 20 41 85 45 39 1 44 70 58 46 50 14 17 92 96 16 80 88 80 49 29 33 94 38 84 54 34 21 
43 17 57 39 62 69 45 96 64 80 25 68 13 95 6 14 38 67 73 21 28 6 4 52 39 20 55 83 18 
72 84 31 59 23 63 75 31 17 99 46 69 93 12 16 51 37 35 10 34 50 26 66 34 89 80 56 32 7 
19 2 60 33 60 82 94 2 59 87 17 99 64 75 72 79 73 22 74 29 2 53 13 71 48 62 85 59 20 
72 51 83 68 51 44 45 6 95 14 73 48 79 16 64 43 87 82 1 99 28 27 65 73 29 48 15 6 20 