21 40
34 91 61 2 43 54 14 52 54 92 20 81 91 29 79 36 46 16 11 59 69 
92 3 25 88 86 99 33 30 16 3 93 4 29 78 18 87 82 47 8 55 76 
11 64 23 12 66 32 76 54 15 88 51 63 23 25 30 67 87 80 32 89 30 
35 65 97 52 76 8 95 97 40 11 87 12 83 23 94 31 71 13 57 70 3 
3 23 64 46 2 70 91 89 18 57 79 21 91 53 28 97 22 17 39 98 83 
5 35 30 30 74 87 26 88 86 20 95 24 8 41 81 79 60 75 48 28 78 
44 85 22 51 71 50 96 80 76 31 19 95 56 81 13 83 42 44 12 44 28 
32 14 35 86 56 15 23 75 73 43 91 66 52 64 75 9 43 6 19 46 88 
23 9 78 96 49 61 83 53 30 25 29 3 7 20 83 26 88 61 2 27 60 
92 27 55 85 98 35 27 1 48 57 61 41 39 79 41 38 36 85 69 47 94 
35 78 43 1 29 43 44 39 91 15 79 19 85 43 16 55 83 11 46 98 30 
48 5 91 26 54 25 44 76 34 82 13 40 91 68 54 55 41 78 74 74 93 
61 11 60 49 93 27 34 44 12 40 99 26 18 31 32 25 53 97 55 70 37 
27 94 60 63 68 76 14 13 30 85 47 79 83 81 43 12 78 75 49 6 7 
51 5 94 27 78 60 64 55 21 78 51 33 55 73 91 35 7 66 32 80 87 
46 94 52 63 33 18 35 9 64 57 71 64 58 71 71 18 92 30 73 2 34 
3 43 71 57 57 93 97 34 27 36 12 68 95 95 54 14 1 40 69 6 20 
4 78 72 39 24 38 13 64 57 79 41 5 86 89 79 43 95 59 92 74 15 
58 12 29 28 63 84 19 75 87 95 67 33 36 11 81 77 81 16 53 74 10 
32 2 98 78 82 53 19 2 54 26 92 85 17 53 19 71 75 56 82 36 45 
8 57 37 95 61 25 18 56 97 54 65 56 56 17 58 78 24 69 61 49 22 
91 67 75 33 6 98 4 79 61 67 53 19 70 9 92 98 88 94 75 18 44 
47 11 30 73 65 36 24 90 83 11 63 13 4 89 31 18 89 41 48 36 87 
32 73 29 56 13 79 66 38 46 91 33 18 51 17 52 52 38 1 86 57 75 
7 9 90 95 38 82 92 17 54 52 23 19 6 88 22 38 82 3 92 22 8 
32 12 85 40 61 85 96 45 92 38 45 83 67 2 52 86 30 35 51 56 35 
63 19 71 11 78 98 30 17 41 80 42 68 34 64 12 5 99 33 95 71 2 
42 28 63 95 78 77 56 38 76 6 4 12 75 89 76 48 63 48 39 15 82 
61 11 50 75 53 21 67 21 41 33 19 95 83 79 4 39 77 51 29 9 43 
58 39 24 84 42 23 65 40 17 41 62 22 94 81 10 60 67 64 48 47 50 
58 61 80 65 59 94 82 54 52 49 20 86 84 51 50 28 90 45 84 84 97 
74 35 38 16 40 97 33 69 35 86 7 25 59 75 73 82 24 47 96 42 56 
67 25 26 80 75 76 81 37 89 1 52 7 89 34 10 98 2 45 72 86 30 
77 63 45 31 87 86 85 92 27 8 41 57 24 22 15 17 19 25 6 17 70 
17 15 75 69 66 63 75 77 31 87 65 62 10 96 56 24 44 12 26 52 58 
36 30 88 53 67 26 9 36 27 4 77 65 37 85 59 38 67 41 98 21 65 
71 4 99 96 17 10 49 91 6 55 76 86 97 90 15 55 52 25 73 5 78 
82 60 72 47 45 12 60 80 30 84 15 55 50 19 93 98 16 7 13 42 30 
78 97 16 1 2 49 27 65 97 41 32 77 23 55 73 74 3 92 18 74 54 
5 27 45 22 11 84 14 84 86 12 2 82 47 82 39 38 59 22 77 52 82 