23 40
48 78 85 22 38 54 29 1 11 96 57 57 89 14 64 32 66 48 66 70 46 62 23 
70 24 32 96 4 78 18 3 9 70 44 11 23 14 15 1 97 19 65 47 97 15 13 
65 82 53 25 45 92 98 82 79 28 83 37 21 81 26 42 20 28 1 27 42 29 66 
32 56 36 45 58 13 62 63 7 14 33 22 15 66 30 39 82 71 24 35 69 61 57 
65 16 54 83 9 1 14 58 44 35 9 60 56 14 27 80 13 55 11 42 18 45 94 
79 76 81 75 32 43 39 48 12 85 41 97 84 8 24 78 26 77 31 18 43 30 44 
11 87 74 57 2 2 52 16 99 17 78 54 57 14 37 94 34 82 92 36 44 89 47 
59 85 9 88 35 66 81 12 50 42 51 84 2 54 48 48 39 85 85 36 45 64 44 
51 34 59 98 74 85 38 45 28 87 43 81 2 13 2 73 19 8 3 34 85 26 62 
94 53 25 66 36 56 37 97 47 47 67 50 29 3 4 4 45 57 8 65 21 22 30 
32 58 29 20 65 80 28 81 52 74 6 2 30 85 77 25 25 9 65 95 24 3 77 
54 64 94 61 80 85 27 67 67 86 57 94 84 66 17 50 57 77 83 1 61 56 55 
72 7 61 65 86 90 42 13 39 55 1 61 90 30 66 58 41 24 60 36 42 54 94 
72 72 7 12 37 5 93 85 35 31 96 18 63 92 68 5 9 10 56 50 35 28 46 
88 95 95 97 24 76 22 73 76 88 39 56 62 53 78 13 80 13 92 38 2 39 12 
58 99 42 88 40 67 57 26 11 45 62 25 33 28 52 77 95 50 71 25 59 78 36 
40 30 66 38 1 30 78 69 57 47 52 16 49 76 52 87 42 82 13 1 21 58 57 
37 91 89 8 3 59 20 78 22 96 99 99 26 99 26 12 46 15 70 94 47 65 14 
32 25 94 18 90 55 95 17 55 7 3 27 31 87 19 52 14 66 5 83 28 23 93 
45 27 65 69 59 77 7 81 68 21 55 6 16 4 15 16 17 38 92 13 26 17 43 
26 49 31 4 23 55 5 17 9 82 9 22 84 74 64 76 60 92 62 43 3 45 77 
23 30 89 98 12 62 11 86 95 40 76 70 61 40 5 4 41 31 46 38 27 48 14 
9 17 51 15 29 15 54 45 21 42 8 17 30 56 84 90 92 12 33 66 52 27 20 
54 29 78 32 32 48 23 92 49 67 58 72 87 49 90 64 23 79 8 25 73 91 62 
74 96 19 76 49 52 90 17 26 71 27 88 63 81 84 97 69 58 92 75 5 90 74 
31 21 67 7 31 29 51 5 38 36 63 48 96 48 22 40 60 50 62 76 56 52 94 
38 44 21 68 3 16 37 85 44 93 9 82 42 21 56 26 3 1 34 28 24 79 43 
16 80 67 43 33 75 63 77 88 33 59 93 44 44 90 48 66 34 64 2 2 96 20 
65 44 67 16 64 82 35 76 1 52 8 3 91 68 35 15 10 96 20 63 55 54 2 
60 27 97 23 62 93 26 59 87 71 71 93 18 16 33 40 21 31 96 47 23 81 27 
98 84 36 7 99 79 35 75 78 41 82 58 58 53 19 32 70 1 59 62 85 24 63 
67 27 26 54 16 60 79 69 23 13 32 57 79 84 16 29 33 28 60 33 55 73 26 
64 64 36 17 74 8 94 34 91 69 98 41 1 27 9 79 31 68 92 32 81 8 25 
19 95 50 34 96 29 73 98 63 88 60 27 16 34 10 42 35 41 95 63 29 22 52 
69 8 17 11 71 58 51 38 17 70 89 68 37 71 47 55 72 39 17 64 49 68 47 
68 50 53 13 84 81 8 47 30 37 22 59 60 24 60 74 3 87 87 28 95 73 12 
93 60 61 66 83 9 54 6 61 33 32 4 50 50 47 39 99 52 66 97 75 22 71 
75 51 78 36 27 37 29 97 10 52 33 99 73 96 36 50 16 33 98 34 91 9 44 
22 57 36 3 69 68 81 8 36 84 16 42 86 88 52 7 49 25 65 38 89 77 25 
89 64 51 34 10 98 29 21 86 98 82 91 26 42 29 30 40 47 8 33 15 80 53 