45 20
19 25 62 5 98 85 15 90 37 69 30 79 95 2 4 48 12 30 7 89 76 11 58 59 59 36 27 37 24 26 49 35 38 32 84 27 28 7 99 88 66 52 59 8 68 
82 3 41 77 74 21 97 41 88 51 53 46 76 14 53 22 84 73 73 6 2 88 51 58 61 76 36 83 89 76 29 31 93 12 47 19 98 51 8 67 1 36 57 10 84 
7 27 64 24 87 77 24 50 31 96 36 55 51 83 13 69 81 53 20 88 91 38 68 48 91 68 92 96 69 68 58 95 11 72 96 47 45 53 82 97 81 13 75 93 30 
94 52 25 77 94 26 89 25 60 73 27 69 92 24 22 20 27 99 53 12 8 77 48 77 35 39 78 74 57 31 25 94 28 50 7 28 51 73 46 56 70 31 36 24 59 
77 31 17 18 22 67 32 37 59 49 82 27 71 91 71 75 93 34 17 36 46 78 85 74 94 18 65 93 14 99 64 94 96 64 98 69 57 23 52 13 35 22 97 24 40 
36 27 78 94 25 80 16 90 12 38 36 50 10 1 38 63 49 31 87 58 9 38 16 47 46 66 74 59 25 27 81 37 13 79 68 56 86 77 14 92 97 71 94 83 36 
71 82 71 28 25 73 42 39 34 31 21 44 77 66 52 69 32 88 11 25 76 2 57 66 82 62 49 7 82 71 99 93 78 94 18 64 23 75 24 77 21 3 69 17 34 
6 7 31 51 42 62 60 28 33 47 20 44 57 36 6 33 66 82 93 56 81 1 31 68 81 3 84 12 19 67 51 53 70 8 38 50 20 69 63 62 49 21 93 15 48 
20 50 11 64 5 75 3 55 15 70 78 86 25 57 60 98 97 41 22 39 26 21 45 28 3 59 21 27 17 7 12 2 81 38 83 38 26 89 49 23 37 84 45 38 17 
73 71 72 97 81 80 20 39 18 68 71 81 99 28 37 80 79 42 79 81 96 23 78 64 13 39 96 22 32 88 80 70 4 23 79 42 77 96 22 36 68 18 27 18 3 
33 92 58 49 26 53 55 34 92 26 91 60 30 51 15 14 11 71 3 15 70 80 83 14 90 29 32 23 96 71 32 99 6 85 21 67 35 24 14 17 29 67 27 57 98 
97 29 79 95 49 54 75 78 36 20 73 60 63 3 28 88 88 11 3 21 96 72 33 36 43 13 11 53 68 61 54 12 24 52 65 95 4 84 28 83 33 30 4 30 15 
57 93 3 77 7 39 94 87 37 93 89 25 1 97 91 29 87 19 86 15 67 85 28 54 65 72 91 17 20 15 19 10 63 76 88 2 54 41 81 97 81 65 85 99 74 
31 8 57 87 39 24 68 53 87 34 88 12 65 97 45 62 76 49 76 13 29 7 4 87 68 1 21 70 47 16 36 18 58 27 78 49 99 23 45 39 76 13 72 87 5 
12 77 88 92 32 93 30 8 64 97 71 42 38 25 23 57 62 88 94 41 69 18 21 32 56 12 16 92 66 43 48 39 48 11 29 73 5 62 21 24 82 10 72 64 16 
55 94 93 28 47 46 70 40 43 84 8 24 24 72 54 5 58 97 85 36 52 11 30 27 40 90 56 96 16 15 39 56 48 68 66 38 34 98 45 27 78 10 5 90 69 
58 74 37 56 81 51 18 74 9 2 35 12 79 5 47 92 90 75 87 17 70 58 53 45 7 51 49 36 16 48 19 11 15 24 2 51 28 91 93 59 17 92 42 79 62 
81 93 87 7 57 49 92 32 58 5 15 52 78 12 92 10 13 55 82 46 86 94 39 37 52 88 83 7 66 58 66 18 68 26 28 79 53 94 66 74 81 45 50 11 4 
95 64 93 33 61 49 34 67 39 50 60 63 64 70 66 96 92 76 77 45 41 45 48 9 12 53 25 54 90 76 93 2 36 8 32 3 89 38 35 24 6 8 40 59 34 
40 93 83 54 5 88 37 31 42 90 62 91 16 31 55 6 9 5 70 82 34 67 19 83 85 7 45 25 65 74 8 98 25 70 82 46 95 74 26 28 16 58 60 28 80 