34 20
79 57 38 50 20 12 5 9 89 5 86 82 83 10 45 91 61 22 78 20 12 57 31 96 14 91 71 77 23 90 49 56 51 6 
84 74 92 4 41 21 41 51 81 29 49 4 56 68 61 26 29 11 65 30 14 90 28 22 83 34 56 39 79 40 77 27 1 91 
1 57 28 93 15 34 56 40 1 17 32 79 35 73 15 14 95 1 91 64 33 84 67 40 1 77 51 83 85 99 3 45 30 18 
6 45 93 10 27 73 34 78 49 32 53 14 80 30 86 98 78 69 51 8 18 29 19 57 76 29 65 33 77 33 96 25 53 8 
82 54 63 70 77 84 6 47 97 65 10 74 51 57 69 50 10 95 64 91 85 46 47 2 43 26 69 44 72 59 61 81 61 69 
35 86 18 36 68 42 12 6 6 22 72 8 38 17 89 70 82 67 37 75 32 67 40 39 94 99 94 52 50 11 29 2 56 80 
10 30 6 67 68 14 91 36 22 85 67 67 35 74 20 59 84 49 86 2 85 85 54 43 31 80 29 11 71 44 97 48 53 58 
88 79 32 51 11 63 36 84 94 55 59 15 25 39 86 83 90 18 44 9 34 17 50 90 76 80 17 65 67 54 51 49 92 18 
55 29 80 2 2 57 65 79 41 40 58 39 97 16 45 49 35 16 65 62 24 29 94 19 28 52 44 9 98 55 73 24 95 23 
67 53 28 53 84 89 96 86 81 81 90 89 36 69 25 78 33 77 16 11 30 88 12 29 36 2 1 73 97 85 43 58 87 88 
17 48 92 61 20 39 1 97 75 39 74 29 76 57 32 27 55 12 43 87 13 94 53 13 62 23 20 63 50 73 37 32 35 58 
72 54 84 5 93 51 43 54 39 93 45 29 53 39 66 58 1 48 84 98 82 59 56 86 15 33 45 40 19 61 48 93 22 55 
64 61 79 97 11 99 26 33 59 59 51 44 29 90 44 69 50 30 14 77 58 29 20 86 6 81 4 91 19 36 24 75 83 19 
98 44 39 50 23 71 56 41 44 8 97 51 46 63 19 35 45 15 52 56 23 64 7 73 91 35 46 35 53 70 14 34 69 93 
78 90 6 90 61 10 60 25 72 76 51 88 81 71 72 88 30 57 41 45 40 33 19 57 54 11 81 69 33 22 96 79 36 85 
20 37 90 50 98 96 57 5 33 77 71 67 77 46 17 39 71 85 83 54 99 48 5 45 97 59 76 4 42 97 49 60 80 16 
99 22 41 81 78 64 67 57 64 72 33 65 47 26 52 96 37 64 18 52 39 9 53 75 5 31 88 60 82 28 11 52 51 44 
73 48 14 62 87 33 77 8 12 47 12 98 41 24 66 58 18 57 71 3 13 14 56 83 97 68 85 11 16 9 25 82 88 36 
95 30 83 88 96 48 9 6 52 11 47 43 75 49 2 81 35 95 49 85 44 20 95 33 53 8 46 88 48 36 19 34 85 70 
23 42 7 9 25 71 88 71 3 15 59 60 19 28 26 76 14 95 25 98 33 76 84 50 11 86 30 11 87 53 48 7 32 42 