15 20
53 65 95 39 93 83 33 16 33 68 35 66 14 91 60 
17 54 43 20 90 60 17 69 91 76 73 81 2 81 42 
81 78 60 88 68 80 17 2 99 72 3 38 28 58 49 
25 74 60 44 9 86 24 43 22 92 65 85 82 71 80 
20 31 85 76 24 90 4 72 58 32 61 28 78 96 17 
62 32 58 38 50 97 18 94 31 1 12 59 23 3 79 
44 32 61 64 12 36 69 26 99 76 30 75 13 68 78 
19 67 72 36 90 51 57 89 53 73 10 10 64 98 55 
54 64 46 60 93 56 72 51 2 4 78 5 34 80 96 
91 73 10 78 84 60 94 97 81 90 59 12 15 86 26 
56 43 19 83 99 57 50 31 85 49 78 65 17 23 98 
29 54 46 19 26 5 6 89 85 43 5 46 88 96 30 
1 63 54 14 99 20 32 21 69 70 31 76 87 7 35 
70 11 27 94 47 18 22 88 77 34 1 75 76 29 23 
34 36 56 30 39 73 93 58 92 88 53 67 43 80 12 
76 45 62 47 75 9 80 36 45 67 27 38 4 66 57 
95 26 40 13 83 29 61 5 21 3 88 34 92 38 25 
95 71 85 57 2 70 29 52 62 94 3 41 78 48 25 
20 22 10 56 5 90 81 39 85 98 74 25 62 32 57 
44 52 36 19 21 68 15 49 68 81 7 11 22 31 72 