9 20
5 32 47 63 21 40 9 98 72 
68 87 67 71 85 16 97 95 91 
56 96 93 18 65 56 91 78 33 
30 6 67 69 68 9 50 94 90 
99 29 40 17 3 17 72 43 18 
80 14 75 9 13 55 89 18 99 
12 97 65 24 83 14 53 64 71 
89 99 53 33 86 37 79 22 58 
80 41 94 69 92 26 16 64 95 
22 81 92 64 72 99 86 61 47 
2 3 21 41 39 12 56 68 52 
10 72 90 3 20 59 10 26 96 
72 93 11 1 68 34 69 70 2 
69 35 80 16 14 27 67 81 59 
85 48 63 84 46 47 76 91 12 
6 87 42 3 2 74 32 89 17 
97 44 32 74 4 48 97 38 34 
64 20 99 98 11 98 81 61 3 
85 82 41 90 37 8 12 82 27 
69 81 70 29 83 9 60 24 19 