17 20
28 32 37 61 78 31 22 71 24 41 53 82 37 38 59 25 65 
21 77 21 64 32 38 75 6 55 85 64 20 63 41 34 71 20 
83 82 71 57 83 43 74 58 92 37 94 61 76 80 61 69 58 
30 50 60 24 12 86 74 33 45 73 2 85 93 15 45 75 64 
89 45 58 78 73 95 30 1 78 33 1 77 91 33 15 29 55 
60 22 9 15 87 62 16 68 50 65 85 46 76 22 95 36 80 
76 65 86 16 92 33 4 21 32 42 27 21 37 27 93 4 73 
97 7 19 40 76 55 86 39 4 40 43 16 77 41 2 33 44 
15 20 62 5 98 94 77 90 26 80 74 35 98 29 52 1 58 
76 73 43 57 37 55 64 72 86 5 83 46 15 29 58 21 69 
44 11 81 11 23 4 42 34 35 64 96 95 94 61 36 97 92 
46 20 91 93 27 11 59 85 65 84 55 68 82 36 23 35 70 
33 68 53 79 53 14 11 39 99 41 65 45 26 62 70 63 8 
38 36 46 4 18 76 37 75 75 15 24 55 13 88 16 97 17 
26 89 83 8 72 39 90 41 15 75 6 45 39 42 25 55 75 
67 64 10 45 49 69 30 43 8 29 57 32 22 97 78 65 77 
6 31 65 69 29 51 22 38 99 19 10 40 67 74 71 71 35 
1 42 16 78 69 25 99 78 96 64 77 22 96 7 13 80 64 
95 34 97 67 73 3 72 70 70 29 10 32 73 73 50 11 52 
59 26 58 72 20 1 16 68 65 58 60 80 80 73 68 4 40 