14 20
96 36 71 71 16 67 6 29 31 99 22 40 93 41 
39 66 51 64 40 63 47 33 6 50 92 33 70 17 
25 84 96 55 37 30 25 63 70 92 91 48 23 81 
28 37 53 35 94 92 17 69 48 95 56 16 40 18 
50 72 51 80 99 14 78 88 50 59 85 22 40 3 
20 83 82 45 71 34 90 47 41 61 67 71 3 91 
33 77 31 98 60 62 35 9 73 25 27 5 37 75 
76 8 52 37 62 3 46 91 10 51 62 55 64 68 
91 76 78 81 39 80 51 25 55 85 88 87 38 71 
10 41 46 9 82 87 66 41 39 17 36 89 21 49 
85 41 96 40 85 66 85 46 65 15 14 52 1 78 
30 22 73 19 1 21 59 85 98 11 70 75 45 54 
59 55 9 80 88 8 81 11 10 43 44 45 33 70 
63 22 8 30 56 67 71 82 73 91 31 24 29 48 
10 49 32 85 74 28 76 46 43 32 40 59 33 16 
70 86 75 39 62 95 17 81 32 35 9 69 49 15 
60 95 99 36 89 91 49 66 6 6 66 30 72 7 
23 33 32 67 26 56 26 17 54 46 78 25 86 54 
63 39 22 12 52 58 94 37 76 77 38 49 30 98 
73 10 7 56 35 91 29 21 25 91 73 30 40 12 