39 20
10 67 5 85 71 67 69 81 8 19 57 36 4 98 66 54 72 15 21 50 99 82 21 74 80 3 20 8 5 61 24 65 89 48 34 36 83 55 77 
86 38 78 28 83 18 13 23 12 38 24 91 39 61 51 46 42 77 14 77 15 43 58 60 58 69 94 63 71 25 40 85 81 8 48 5 55 90 98 
53 10 42 29 29 98 66 79 59 12 8 13 84 72 7 38 96 66 40 12 55 52 83 96 44 42 53 44 1 85 27 18 19 85 17 23 94 60 49 
80 1 89 35 60 78 59 89 67 10 38 45 78 7 52 14 74 92 68 23 73 14 1 24 46 81 90 54 60 86 85 43 4 41 89 99 27 37 3 
4 39 36 64 56 91 7 12 61 37 63 93 68 45 49 8 41 80 23 97 55 23 27 34 97 52 8 24 10 85 54 95 44 75 53 85 30 23 6 
78 77 75 91 78 32 91 63 45 10 93 36 39 34 96 96 22 33 23 76 44 22 88 50 9 34 88 45 49 21 56 44 35 79 32 70 73 25 55 
12 60 99 56 58 60 19 9 87 56 7 61 16 2 55 60 87 21 75 39 43 87 13 96 4 7 36 49 40 6 12 75 12 41 70 96 61 69 74 
59 38 61 89 67 95 68 81 77 54 30 93 37 3 18 41 5 75 43 90 58 39 10 63 57 18 35 79 26 92 28 88 61 29 26 51 51 66 28 
97 57 30 1 31 48 12 4 12 55 80 89 86 97 76 95 85 26 70 67 90 38 34 46 75 47 46 79 72 78 98 36 74 59 68 17 12 23 54 
55 17 6 41 82 43 67 76 51 55 78 46 6 87 50 35 56 98 78 78 42 59 1 27 42 75 53 29 94 74 58 28 15 91 55 82 10 63 76 
31 55 86 55 96 65 57 63 67 28 5 95 26 7 2 2 36 78 85 73 36 29 83 78 17 84 22 86 68 82 98 67 2 11 67 54 4 72 38 
40 74 41 10 79 28 24 97 46 47 76 40 98 45 83 36 34 95 39 21 4 14 21 97 3 76 33 15 64 26 19 77 30 79 94 5 75 89 23 
93 51 2 62 31 61 12 62 15 1 99 82 29 82 75 3 87 83 72 35 79 48 60 44 21 31 19 13 92 23 13 69 38 95 35 68 97 29 50 
15 50 36 73 40 8 93 42 78 92 15 98 43 85 34 63 19 22 51 14 54 10 63 33 96 22 14 42 33 99 74 1 77 39 36 85 65 90 99 
40 99 80 40 69 69 66 67 85 3 46 38 43 60 26 24 81 80 48 13 90 74 69 81 31 43 52 3 10 33 19 55 27 91 31 47 55 16 14 
30 68 50 93 25 47 96 91 16 69 74 16 32 62 56 58 47 57 50 30 30 39 37 69 13 71 35 71 4 37 78 17 32 88 37 64 8 37 59 
12 16 55 55 89 28 16 47 67 64 53 30 85 55 40 9 86 25 18 87 45 47 15 31 55 96 20 68 84 65 62 51 83 3 45 86 48 26 97 
14 32 97 60 77 74 70 63 98 36 59 25 15 45 70 63 81 64 97 2 53 46 70 20 22 36 13 80 11 50 50 66 45 91 17 41 80 93 25 
77 62 97 94 27 52 28 91 87 16 50 12 59 72 64 69 67 43 60 52 3 86 22 83 23 27 69 45 4 63 10 83 10 98 67 16 96 16 93 
23 74 69 93 38 59 16 57 43 38 60 80 27 46 6 69 3 49 57 81 18 57 83 12 84 7 63 73 80 14 27 7 41 69 38 64 39 12 36 