10 20
1 44 74 84 53 76 9 45 34 31 
12 68 30 83 30 13 84 41 3 94 
59 47 38 97 55 61 20 2 12 30 
63 19 39 17 50 30 83 68 73 25 
33 4 39 12 37 60 70 3 25 51 
89 18 26 48 71 53 90 53 39 24 
89 56 97 85 38 45 76 9 13 96 
73 19 60 49 30 68 18 78 58 36 
83 57 54 53 6 84 74 40 3 25 
95 61 16 62 91 42 72 15 11 63 
42 51 80 49 2 70 83 20 50 45 
30 66 69 35 76 38 7 41 2 10 
44 93 51 74 90 52 2 21 98 52 
40 27 43 8 96 44 23 31 74 84 
76 11 50 57 9 2 98 23 54 66 
74 32 29 10 25 68 44 55 49 2 
12 56 58 16 84 76 17 90 71 13 
66 87 22 18 8 89 59 97 8 46 
96 33 75 47 19 18 83 39 6 60 
77 26 41 95 34 48 88 94 17 27 