47 20
65 55 63 54 40 47 81 49 46 73 30 88 68 77 5 71 83 78 37 86 63 4 92 80 58 34 84 85 36 85 74 47 18 41 75 51 81 56 28 72 94 49 30 4 80 21 83 
61 38 57 51 80 49 51 74 7 20 75 3 14 79 36 43 13 82 9 27 91 46 25 9 65 50 68 62 68 40 4 13 29 83 95 29 85 11 85 12 43 51 51 70 61 56 76 
77 31 75 24 36 97 97 57 62 39 95 15 56 26 94 92 85 3 65 69 66 65 85 58 96 28 14 6 99 14 25 16 14 85 39 43 87 6 30 48 35 83 2 66 89 79 83 
47 42 42 20 93 5 45 35 98 41 62 87 69 61 54 72 61 40 51 2 53 16 81 5 16 95 75 35 28 23 41 86 9 13 57 73 71 91 91 28 51 43 8 47 2 99 75 
64 29 90 6 1 88 70 58 37 9 11 22 34 30 92 50 94 82 12 2 79 82 92 68 23 15 94 72 54 15 66 47 49 84 38 61 73 67 26 45 99 87 15 53 94 38 63 
35 66 21 9 87 30 87 53 89 80 31 37 20 90 38 92 77 53 33 13 24 44 71 94 44 36 34 36 43 44 70 68 20 67 88 72 8 81 42 50 85 54 16 16 55 67 52 
61 96 15 86 33 29 44 3 80 23 39 41 87 34 41 29 5 55 66 99 18 66 25 78 85 10 4 57 6 35 3 45 75 40 99 80 39 31 47 54 95 49 75 5 58 76 62 
68 54 84 85 56 8 16 59 37 73 13 54 2 30 78 31 48 21 25 38 96 27 1 87 4 73 92 48 70 53 69 55 91 6 16 89 80 44 9 5 43 6 93 67 4 24 40 
52 2 26 29 84 17 51 82 5 67 23 57 9 49 25 24 85 25 90 53 54 40 55 37 7 21 24 57 20 14 93 76 72 18 3 54 15 46 54 21 86 79 72 26 18 73 64 
79 86 76 54 42 9 65 9 24 6 76 72 68 75 31 96 75 26 33 61 76 94 47 75 96 39 22 83 34 51 92 17 35 82 64 93 45 89 98 69 68 97 95 62 78 61 8 
48 74 88 57 73 80 93 50 69 58 82 62 52 20 25 91 92 98 81 19 56 16 6 69 33 72 98 24 22 95 26 50 78 43 34 32 62 64 42 94 11 19 42 47 12 43 34 
95 21 98 5 50 68 33 15 93 29 71 90 30 12 29 75 31 34 65 96 53 85 4 14 39 62 53 9 82 23 60 74 52 47 94 40 4 91 32 84 85 91 70 65 9 26 78 
33 57 6 31 81 85 44 80 12 78 85 81 45 59 28 28 96 65 9 44 23 66 22 73 25 60 48 30 81 65 24 47 51 13 3 49 56 79 13 63 54 2 30 41 9 9 45 
14 78 20 93 18 92 19 81 86 44 60 15 60 8 87 73 28 41 66 3 87 30 28 70 86 71 39 86 65 22 19 91 72 20 69 77 30 80 30 22 59 20 30 46 39 25 37 
23 12 94 56 65 76 24 85 45 56 98 8 27 20 96 72 70 78 56 28 2 93 70 45 93 7 87 76 83 8 84 15 28 18 89 99 13 19 92 13 30 60 15 56 41 49 74 
53 16 46 99 42 55 78 34 93 96 43 55 13 50 65 23 88 98 67 10 55 78 23 64 89 63 31 49 80 79 92 52 51 38 40 28 79 86 68 93 9 14 78 90 97 2 56 
18 9 74 15 82 87 64 68 46 43 67 14 80 79 9 22 26 58 74 65 11 78 95 24 84 56 40 5 37 7 18 71 47 82 83 76 77 95 13 83 43 47 68 67 41 47 50 
42 3 67 98 89 85 14 77 6 62 43 3 69 59 78 80 14 84 78 77 37 98 63 50 84 7 45 48 37 60 93 57 83 84 74 11 83 55 34 90 41 49 94 89 19 24 68 
65 85 87 82 12 48 6 57 46 46 29 81 62 99 22 28 4 3 61 28 63 13 83 55 84 25 63 39 38 14 64 24 7 83 27 79 14 92 67 5 18 44 12 78 65 39 39 
18 73 44 91 44 96 17 49 97 93 11 79 16 51 14 39 56 10 3 23 2 55 38 3 85 24 87 17 26 54 80 2 83 52 77 82 86 75 38 21 69 83 32 15 8 90 56 