15 50
11 80 11 41 97 4 96 21 29 64 21 25 70 13 98 
28 27 78 14 32 81 48 32 27 54 36 45 24 77 99 
68 3 46 62 77 36 24 90 72 90 10 56 62 37 33 
30 20 67 4 51 3 10 59 36 90 12 21 6 39 47 
68 85 10 43 53 76 65 41 43 68 7 45 9 54 3 
29 91 7 6 74 54 74 74 29 59 25 74 8 16 98 
27 30 98 98 2 59 12 2 81 77 28 72 22 46 44 
93 97 3 78 91 18 93 69 61 57 13 13 22 7 56 
37 12 64 22 7 28 89 9 84 2 31 27 61 87 11 
9 26 77 39 1 9 35 65 81 79 71 61 37 69 9 
34 71 32 17 2 64 4 90 62 2 98 90 85 87 4 
28 52 93 87 75 54 8 48 34 34 73 95 61 59 41 
30 91 69 92 60 1 30 65 81 78 64 87 63 30 52 
78 84 3 93 36 7 60 69 37 29 42 94 11 65 2 
96 27 21 97 37 53 23 47 53 25 83 36 20 42 30 
95 21 39 57 19 86 99 19 19 9 48 88 22 5 74 
55 35 23 83 53 20 71 84 40 39 32 65 55 38 69 
14 80 21 52 73 59 85 91 8 78 58 8 49 83 26 
56 49 47 63 53 69 66 32 44 60 62 24 67 55 28 
89 35 4 35 98 68 76 71 88 16 75 43 67 2 1 
96 15 79 26 95 42 84 67 72 98 32 62 92 89 49 
58 47 93 62 21 35 21 91 44 1 63 95 2 41 12 
96 94 64 64 20 93 2 59 91 93 42 67 22 22 24 
37 42 1 44 38 36 5 56 31 49 92 77 36 2 36 
67 2 36 91 23 74 47 46 9 76 14 79 51 63 73 
58 53 29 36 71 60 86 3 70 54 76 22 68 32 14 
98 48 11 61 59 24 74 60 8 29 68 29 1 71 98 
57 27 92 96 58 72 83 71 24 53 92 98 86 35 30 
69 7 44 96 71 10 22 2 24 18 54 46 53 33 79 
89 79 13 4 96 62 69 63 62 40 2 37 20 46 79 
79 65 31 57 50 20 65 61 29 76 61 40 38 76 20 
80 85 45 5 13 44 35 46 99 95 11 65 29 46 95 
82 11 66 4 14 71 92 62 28 30 22 70 66 69 92 
56 1 87 82 11 99 33 70 74 55 8 9 29 92 76 
8 20 21 34 38 92 21 14 88 28 12 1 34 19 82 
87 14 51 24 21 1 27 40 29 36 45 48 40 14 36 
72 68 77 99 47 52 33 29 4 78 61 84 7 59 52 
6 12 23 18 23 66 91 63 12 70 62 93 69 38 99 
91 85 63 99 46 74 41 46 22 64 4 88 24 45 52 
35 8 70 57 77 17 20 35 89 86 67 26 7 87 36 
92 90 43 60 10 64 39 94 52 66 28 38 38 35 11 
22 78 66 88 83 24 26 44 95 54 12 98 28 81 98 
3 53 54 27 6 99 58 27 49 9 11 80 6 59 40 
28 82 17 90 94 60 63 3 55 29 13 24 12 80 52 
29 3 47 80 82 78 67 67 53 86 38 62 32 44 7 
22 59 40 59 62 8 90 43 84 55 7 51 85 95 75 
12 64 9 93 54 61 30 94 86 57 22 17 36 44 7 
98 87 9 33 65 36 85 73 57 39 99 87 25 97 69 
74 22 63 49 99 39 41 15 86 76 8 53 79 94 36 
85 16 1 28 57 39 78 38 22 44 90 41 11 95 40 