5 50
17 3 5 15 78 
48 17 24 78 88 
91 87 22 2 30 
73 11 15 16 57 
52 4 12 47 35 
22 29 99 47 95 
29 50 87 99 41 
42 37 47 87 90 
33 96 61 17 53 
96 47 79 20 72 
31 12 26 56 35 
98 36 51 82 24 
49 11 22 40 92 
37 18 57 12 73 
67 10 31 43 18 
44 62 26 69 57 
14 15 25 68 39 
10 21 58 16 58 
97 32 59 49 63 
73 87 67 16 60 
30 25 85 2 70 
71 12 67 49 65 
3 33 35 10 58 
56 59 1 27 66 
50 12 67 57 22 
9 60 99 21 74 
44 23 2 49 5 
50 18 71 47 21 
36 23 67 66 84 
82 87 76 4 27 
28 96 46 37 59 
35 20 87 98 27 
22 46 51 22 52 
31 67 37 30 71 
20 5 18 77 15 
42 89 9 74 32 
72 65 24 2 66 
6 14 91 23 39 
85 8 55 13 19 
49 80 49 96 92 
59 98 3 50 49 
50 11 99 57 73 
78 15 16 87 50 
54 72 25 45 5 
59 62 4 66 5 
6 44 84 92 87 
83 15 82 16 83 
62 19 37 61 47 
93 59 23 48 91 
98 85 88 26 50 