46 50
48 98 57 45 2 67 58 97 25 43 95 8 76 18 88 81 26 27 17 30 23 6 7 50 48 65 62 21 85 42 80 28 26 27 72 61 13 71 35 83 59 73 78 31 38 42 
57 15 70 11 54 2 67 75 95 26 79 46 12 17 94 15 77 16 33 94 51 75 72 67 26 6 11 97 51 24 55 34 87 91 81 97 65 40 84 71 57 4 89 19 80 54 
44 39 23 47 52 73 98 83 3 98 93 48 91 79 23 22 83 13 10 63 30 69 22 63 34 21 95 22 56 32 60 15 29 54 21 49 30 84 55 15 67 84 62 50 98 28 
10 9 31 75 69 63 24 33 18 39 57 66 11 2 91 66 24 60 6 61 15 80 36 58 98 1 36 16 96 13 30 67 76 69 70 95 47 79 75 70 99 77 39 80 46 77 
36 4 45 24 93 34 54 18 38 49 32 32 92 4 43 36 44 72 2 91 91 65 70 35 54 62 32 64 93 35 4 94 96 35 93 55 48 24 29 80 89 70 95 78 66 67 
27 62 71 94 72 12 2 83 39 39 35 5 83 26 66 29 63 26 89 54 25 77 30 39 96 95 78 11 88 79 34 43 98 35 25 84 33 41 90 9 33 52 32 28 77 53 
35 30 41 32 10 94 73 75 31 81 85 47 22 45 6 70 51 88 61 61 93 89 38 28 17 44 12 62 30 64 46 30 68 95 48 41 39 13 71 65 13 94 14 96 27 31 
12 53 85 79 72 95 91 43 37 41 99 2 2 71 79 47 47 8 47 84 67 82 34 77 78 83 72 19 26 59 32 68 87 4 47 60 92 13 34 82 32 9 56 65 27 96 
16 10 80 95 33 44 85 4 2 73 35 42 54 96 39 80 77 91 88 70 43 88 18 88 54 84 35 77 82 89 49 74 25 40 37 35 63 82 38 83 70 6 15 59 43 83 
9 10 87 53 97 97 39 38 54 31 77 11 46 55 75 80 15 95 89 46 49 48 90 46 88 76 88 48 14 43 9 31 48 60 39 77 48 91 13 51 4 59 11 47 51 60 
60 77 16 66 74 31 96 71 15 48 13 3 89 9 7 42 16 54 30 99 61 89 77 56 12 39 61 27 24 57 49 21 22 8 38 49 14 62 1 3 53 7 27 68 73 11 
62 43 92 26 26 43 62 20 72 30 25 52 33 33 30 94 50 42 27 54 76 93 7 69 79 15 65 19 98 31 59 20 55 91 39 22 68 35 73 38 92 79 49 70 14 37 
75 48 55 43 4 70 54 92 72 7 94 26 54 64 84 7 50 8 7 27 64 77 10 80 24 38 18 79 73 33 77 73 30 36 75 97 53 11 79 15 4 5 18 3 76 59 
43 87 68 2 65 65 8 15 12 16 87 84 69 86 33 28 12 64 3 48 74 88 3 4 84 42 23 89 68 98 78 91 8 98 79 89 25 39 77 83 26 70 91 91 58 49 
29 33 88 28 12 17 92 97 85 59 32 91 73 63 96 62 1 23 71 26 86 46 25 52 75 76 41 57 82 38 47 82 7 77 75 47 2 94 73 76 6 65 52 53 77 4 
24 56 91 66 83 5 50 32 27 22 90 73 59 19 48 17 42 17 35 21 61 61 59 14 11 22 94 14 69 14 92 28 89 68 42 18 26 73 73 85 76 9 92 64 87 82 
40 62 50 76 21 84 78 11 4 3 30 92 68 20 93 34 83 56 77 38 12 30 23 60 38 1 5 12 58 53 82 65 66 20 28 31 74 17 62 24 17 7 91 56 88 67 
69 63 21 49 47 6 26 77 30 66 17 16 97 60 41 59 98 59 32 26 17 61 93 68 92 71 97 69 53 37 20 46 90 52 54 94 41 61 22 83 15 63 47 93 24 73 
27 33 13 68 1 98 35 83 68 34 62 2 38 19 65 25 44 11 98 93 91 27 9 72 53 82 88 31 33 81 93 58 79 25 75 39 55 55 59 81 14 95 7 25 49 38 
74 53 70 64 79 62 3 83 58 21 47 2 23 61 6 70 2 75 16 17 76 98 77 69 3 71 76 49 1 95 66 11 51 81 98 97 62 9 66 14 92 18 84 17 7 40 
51 75 26 3 1 90 31 76 48 12 48 19 28 37 72 37 53 43 75 99 82 20 39 73 79 21 88 64 78 59 82 98 73 97 5 9 70 28 21 82 91 95 75 56 54 5 
63 76 92 46 38 8 31 70 14 63 97 68 47 11 90 49 80 19 86 85 1 93 24 7 11 64 16 20 77 8 29 61 56 60 78 19 19 22 55 31 75 84 44 17 64 45 
83 36 51 67 7 16 44 45 19 61 83 93 68 33 62 1 42 24 25 90 2 47 64 36 22 85 61 24 61 83 30 14 71 59 37 65 12 15 59 87 84 59 3 5 38 85 
36 93 49 74 68 44 64 15 3 49 85 53 67 81 63 18 70 74 71 16 62 99 41 64 26 6 54 12 82 44 76 3 34 90 20 23 84 22 75 25 40 22 14 27 67 82 
69 13 24 66 64 82 71 95 75 12 20 49 18 34 63 66 9 47 28 71 39 10 88 2 29 47 59 45 94 16 21 22 23 39 84 34 52 96 68 44 69 78 51 36 18 8 
92 82 93 56 98 48 55 77 65 81 94 53 56 83 3 54 64 48 21 42 73 37 9 57 78 67 47 82 38 22 59 21 97 16 60 57 46 55 68 99 97 65 58 14 28 85 
51 47 17 9 5 28 13 62 72 22 73 58 32 7 2 86 57 65 26 20 65 36 92 61 87 42 6 16 17 68 79 25 48 11 16 75 94 33 32 19 9 2 25 87 40 65 
6 25 90 97 89 26 41 58 72 12 45 63 49 27 11 91 48 52 87 31 25 10 72 20 35 14 24 73 12 19 59 25 27 44 2 1 99 23 9 26 68 99 27 96 32 89 
87 40 17 1 46 80 84 17 73 21 87 48 75 81 83 34 41 15 52 81 74 72 36 5 31 44 96 57 18 82 82 19 74 63 2 65 11 63 28 54 11 30 28 74 8 56 
13 62 41 18 55 77 40 93 13 49 12 3 19 68 77 24 21 29 37 89 82 26 75 64 22 10 45 46 14 88 20 18 70 48 14 37 10 98 6 61 84 45 17 77 89 47 
37 56 98 28 25 19 34 85 21 77 48 48 94 84 89 10 51 11 53 75 85 9 3 42 2 35 8 73 51 5 60 96 28 60 7 1 89 14 32 87 38 27 61 27 48 41 
39 63 5 35 29 55 55 1 24 80 18 95 73 60 29 20 9 14 76 6 40 18 1 29 24 45 30 90 42 60 18 37 97 17 24 10 57 55 30 1 49 37 11 78 19 14 
6 89 59 86 89 42 19 16 20 63 24 76 21 56 95 15 11 88 61 80 12 88 80 64 98 47 91 18 31 2 41 22 70 10 47 11 30 66 68 9 72 49 3 38 67 75 
27 32 86 34 19 27 84 96 19 60 84 80 45 38 71 93 97 51 75 63 21 71 76 99 51 27 71 55 12 36 75 19 14 15 35 14 30 70 89 96 85 18 44 67 74 53 
12 67 98 98 14 22 73 2 54 12 94 64 35 91 22 73 21 96 43 59 75 54 75 38 68 58 72 80 8 42 93 4 70 70 15 8 50 68 84 65 88 44 50 58 6 1 
49 66 54 13 14 21 31 20 27 14 90 56 72 25 33 21 58 39 53 38 80 91 26 55 14 52 9 17 21 22 10 11 22 59 55 6 94 31 6 3 36 65 35 5 57 7 
93 84 17 12 88 19 60 56 27 6 32 84 70 69 72 54 45 81 14 9 62 39 68 1 79 5 26 92 11 10 11 66 6 23 24 53 22 46 47 18 53 70 98 56 59 80 
20 2 83 2 47 88 52 22 72 93 60 14 59 89 8 39 74 83 54 2 16 60 89 46 42 47 43 86 17 15 97 78 18 48 81 66 19 50 50 16 70 57 18 72 1 87 
61 6 94 17 11 62 10 83 59 18 35 96 83 65 98 39 68 24 50 22 20 10 32 61 71 74 34 23 96 39 75 16 39 94 53 15 21 10 53 4 64 94 23 49 70 78 
92 91 92 82 40 70 99 73 69 23 74 79 5 87 90 49 78 83 16 20 96 54 29 44 62 13 18 36 56 5 84 90 61 54 6 34 6 24 48 98 66 6 82 87 40 79 
4 48 97 40 11 45 1 64 47 21 37 68 10 78 84 30 73 15 4 71 19 99 73 51 36 68 1 42 37 98 4 40 96 39 18 58 83 18 3 17 36 44 68 34 35 21 
92 19 88 28 3 30 38 45 45 37 44 18 21 49 14 76 65 52 53 8 47 73 30 13 79 23 38 5 49 48 85 7 38 14 68 57 7 98 12 93 31 60 96 73 35 67 
86 29 70 12 68 92 63 81 25 93 59 39 55 56 81 4 20 22 68 40 83 86 29 68 47 67 8 7 65 39 36 6 17 33 51 30 39 2 71 68 71 23 62 63 88 46 
20 44 3 40 77 45 52 47 79 57 8 24 94 68 65 37 53 84 36 67 18 74 48 7 82 2 96 19 43 46 56 55 56 76 73 15 95 96 62 2 67 19 17 41 45 32 
71 35 93 78 28 64 67 9 34 31 36 1 34 61 15 12 49 38 91 94 46 54 8 39 51 43 45 61 19 42 2 64 4 31 64 80 58 93 54 86 12 5 81 20 77 19 
56 85 47 93 88 58 64 78 55 49 26 9 4 46 33 51 35 52 24 96 53 82 33 38 49 21 71 91 57 76 60 62 22 55 6 99 44 75 80 26 88 54 86 52 5 14 
17 10 83 83 77 21 95 69 88 22 18 23 67 66 87 94 92 87 81 86 21 99 26 84 23 23 36 99 85 11 58 53 39 88 49 27 73 30 97 49 26 73 4 61 41 32 
3 36 61 79 91 67 40 75 34 28 11 92 93 56 62 78 61 73 64 95 81 49 7 40 76 11 95 20 76 35 93 19 14 73 47 24 61 42 47 16 91 92 58 53 30 3 
86 60 47 89 86 18 38 36 58 88 45 87 46 48 68 3 33 16 14 96 57 38 72 1 5 68 41 95 50 18 14 53 13 65 81 5 37 94 88 2 89 25 49 51 5 96 
77 90 95 18 83 60 78 56 32 47 42 39 33 65 85 23 48 42 24 98 40 10 66 19 80 45 19 76 92 16 70 35 87 53 26 2 50 8 6 84 73 23 39 67 88 70 