28 50
77 87 15 53 62 53 97 28 83 71 92 53 85 32 54 71 21 19 52 72 92 27 42 21 20 11 36 46 
66 93 5 78 78 28 90 63 57 4 29 95 74 81 22 68 74 35 45 2 90 55 23 21 39 19 19 24 
40 84 38 80 31 51 84 67 64 58 77 27 48 81 38 35 66 73 55 15 5 12 25 74 87 44 23 66 
30 94 98 47 77 7 91 63 3 31 62 14 20 61 49 45 32 60 99 36 73 16 85 12 79 77 42 89 
12 18 52 85 9 13 91 64 13 13 22 89 21 19 61 70 58 6 14 64 2 35 65 29 87 12 3 29 
94 24 92 36 87 52 25 89 71 76 11 53 40 54 41 12 21 54 6 64 18 99 82 61 7 99 42 13 
48 38 56 19 45 7 4 1 78 30 72 41 69 5 2 94 89 55 43 73 77 3 74 51 80 18 32 6 
13 5 71 63 52 33 18 2 23 2 28 68 5 62 91 25 26 79 17 14 25 20 1 69 31 19 59 58 
5 71 57 1 23 39 27 2 73 71 16 50 10 14 7 78 17 10 27 27 89 85 20 2 18 3 60 58 
56 31 70 62 75 7 3 99 23 73 33 2 19 49 52 57 45 62 95 23 20 70 82 19 11 66 87 80 
95 98 49 5 27 36 50 52 74 92 72 54 24 25 3 26 59 53 7 91 43 54 50 45 23 53 58 94 
50 21 25 43 3 94 79 97 51 71 15 3 86 75 75 92 76 34 19 89 7 23 9 34 91 93 36 97 
89 18 4 49 37 8 44 52 93 73 2 92 45 24 35 57 43 84 68 5 19 73 9 29 93 43 21 62 
70 47 34 68 66 75 5 74 72 63 8 39 41 74 40 85 50 8 28 2 24 69 20 25 76 65 13 27 
39 41 32 94 69 17 55 76 65 59 97 33 44 37 97 39 54 23 57 73 35 96 78 56 65 74 51 62 
12 21 63 34 87 8 78 40 9 66 4 12 92 77 91 54 51 67 35 14 57 90 46 38 82 84 11 10 
68 18 93 82 41 21 23 28 1 11 76 98 93 52 67 61 89 24 99 21 38 4 95 61 56 91 4 34 
20 40 48 67 25 28 54 25 57 14 76 90 10 73 92 57 39 73 53 18 88 8 36 28 72 6 69 95 
57 41 33 89 17 84 74 69 58 94 10 55 63 31 40 71 69 14 81 41 58 15 46 11 77 68 33 65 
61 73 62 34 88 97 25 13 21 6 20 27 62 72 2 70 4 82 40 30 73 43 40 87 54 22 89 5 
19 13 72 22 51 40 41 55 52 12 72 56 41 59 7 75 20 85 46 50 92 94 19 89 22 46 36 70 
64 59 20 4 40 99 25 47 39 19 64 26 58 5 1 1 93 32 10 22 84 86 13 73 52 14 85 75 
33 34 38 15 46 48 96 17 91 40 36 67 81 47 66 83 45 70 50 9 26 48 99 25 91 97 89 4 
18 69 54 6 53 88 27 69 90 23 20 37 20 78 92 9 15 83 88 74 24 66 91 86 8 2 18 96 
23 10 65 16 78 50 29 23 21 66 55 20 24 45 83 48 44 18 70 37 90 93 32 45 20 51 34 1 
86 59 16 85 62 81 66 20 89 18 34 77 67 97 93 46 60 16 81 16 76 78 14 97 73 43 64 13 
10 75 77 8 40 27 9 9 71 82 91 53 69 64 78 99 19 37 27 47 79 50 72 40 51 16 23 85 
11 92 7 44 34 60 48 95 65 16 70 56 92 31 55 97 22 19 8 20 68 10 67 98 62 39 87 82 
66 86 26 97 98 25 21 80 54 78 77 8 19 96 81 36 68 60 17 17 27 49 63 77 99 59 10 96 
95 97 49 40 56 55 31 96 50 38 39 66 16 84 4 96 72 23 29 58 7 80 3 18 40 13 76 19 
54 10 45 92 18 19 32 54 48 22 74 46 23 85 11 96 42 45 3 34 6 77 43 33 5 17 31 93 
55 19 3 57 18 48 17 19 2 22 22 72 3 38 99 52 77 53 2 61 43 38 39 16 52 63 96 78 
87 8 29 63 95 11 53 63 69 98 8 92 27 15 46 77 92 55 40 59 57 89 80 94 7 98 80 7 
3 13 48 44 34 49 18 60 85 36 96 98 28 87 26 8 2 80 88 83 1 63 11 99 86 29 48 37 
98 52 61 5 91 51 95 6 85 61 88 70 6 55 98 27 8 7 83 27 22 56 93 26 25 21 88 48 
34 28 24 86 53 75 87 35 58 20 49 12 93 4 13 5 72 47 30 41 67 21 98 21 52 13 63 72 
96 34 23 8 60 8 85 30 6 92 22 23 38 22 8 39 56 35 70 16 60 82 85 1 3 11 1 7 
6 89 80 79 49 55 41 12 6 7 2 14 44 46 11 41 3 92 31 96 18 41 62 60 2 57 98 8 
55 80 15 60 91 82 53 51 1 61 86 35 90 25 3 3 48 20 62 61 72 70 77 76 50 88 16 87 
28 99 95 62 94 96 31 18 25 25 68 55 18 25 70 13 54 77 23 8 17 35 29 12 86 18 93 94 
98 77 29 68 91 92 57 12 94 41 91 99 53 55 41 86 68 48 82 8 51 27 93 3 82 14 37 19 
35 21 94 19 81 73 18 73 97 99 92 82 40 3 2 11 49 25 58 75 29 33 27 35 28 70 42 31 
24 85 69 70 94 98 84 44 77 38 75 28 90 88 72 82 91 40 5 97 74 15 84 95 53 93 70 6 
89 27 66 56 41 36 57 10 33 15 36 16 70 12 18 45 31 30 11 15 86 92 41 22 57 2 23 82 
55 28 48 71 12 75 64 23 19 61 41 8 62 5 4 16 88 86 26 62 8 15 55 1 97 43 82 15 
62 35 1 37 34 39 34 47 44 44 1 23 25 56 80 13 88 76 43 75 74 97 52 77 92 20 43 81 
54 71 75 44 28 34 41 34 24 14 99 48 35 6 33 13 22 14 77 8 74 98 45 2 68 90 34 30 
31 95 35 33 62 87 1 80 43 9 39 1 67 10 55 66 19 77 30 62 29 79 29 15 29 70 8 81 
37 26 93 29 41 4 93 25 53 56 97 22 38 70 68 24 90 68 65 99 84 29 5 41 74 89 1 48 
2 65 31 8 45 77 11 74 94 36 72 42 8 35 83 37 50 61 95 35 84 10 80 43 26 49 18 72 