34 50
42 14 42 72 17 63 58 65 34 58 6 53 32 69 59 96 53 37 66 20 42 83 80 23 32 36 23 14 34 38 16 97 84 53 
38 95 85 80 41 48 56 57 85 90 18 44 57 19 33 27 57 28 71 26 40 50 60 32 56 5 3 15 69 35 71 38 47 41 
13 49 63 50 18 39 35 60 71 87 2 76 16 31 2 11 11 63 71 67 39 25 46 89 93 68 49 68 63 25 18 31 70 85 
28 90 68 62 40 10 80 76 3 39 99 98 52 62 58 47 62 27 38 94 26 1 76 53 41 75 6 41 35 30 24 35 9 47 
9 96 77 28 63 60 79 55 44 63 15 72 56 54 21 99 59 71 23 16 76 3 24 72 90 70 85 7 81 71 20 96 86 12 
81 18 34 39 88 4 89 17 69 71 44 29 34 3 64 76 55 31 89 16 37 82 32 67 41 53 41 76 36 98 71 12 50 98 
79 26 12 21 49 99 66 87 47 89 45 1 51 15 41 39 43 77 11 29 45 33 22 24 33 81 72 32 12 96 92 63 59 1 
32 41 56 93 3 16 64 89 95 85 11 23 16 16 23 44 99 4 99 2 9 83 4 91 69 35 87 22 44 38 26 81 9 97 
43 5 49 67 86 86 31 47 76 7 1 51 11 7 5 8 33 69 40 79 84 67 75 19 74 98 81 97 70 2 60 60 93 65 
9 21 1 62 18 47 39 29 1 34 13 41 28 92 35 2 87 35 3 18 12 80 2 58 34 77 38 89 10 28 68 63 90 42 
26 57 84 33 55 76 37 18 97 35 93 84 4 15 68 79 4 41 17 12 18 61 60 35 7 65 71 8 7 93 93 89 75 75 
48 20 25 17 8 58 49 52 58 87 89 37 32 50 58 48 29 54 44 16 69 23 34 15 70 26 10 74 61 79 43 64 5 77 
45 38 4 30 55 96 46 81 91 12 68 39 2 53 20 71 20 88 75 83 37 73 69 66 73 75 61 32 51 29 86 79 74 25 
98 58 52 22 43 8 91 96 5 11 8 40 9 36 95 85 94 75 91 14 42 80 91 92 60 22 68 47 2 9 21 19 70 94 
29 67 95 39 88 8 13 76 33 13 62 66 41 8 58 49 43 80 66 31 5 72 93 40 57 87 52 44 70 11 3 14 87 88 
24 45 58 21 82 31 97 36 65 93 54 72 85 58 41 65 77 25 87 79 86 42 7 77 57 59 41 38 68 84 82 99 94 33 
72 82 85 35 13 70 95 86 48 31 11 24 11 78 75 61 5 44 73 57 48 26 26 65 59 39 92 58 7 55 48 49 83 36 
84 86 59 98 10 86 76 47 30 42 53 64 59 32 73 40 26 55 67 94 71 69 35 17 83 66 47 96 14 28 37 61 73 74 
81 56 54 77 23 19 98 43 67 3 93 71 14 1 98 67 88 73 33 85 70 5 24 47 66 94 45 92 71 70 66 52 70 25 
54 66 41 50 58 98 49 74 58 55 39 76 72 67 38 35 36 32 87 17 64 35 5 97 72 9 89 78 84 96 61 15 90 67 
48 84 93 9 95 40 14 78 71 12 10 99 26 79 23 54 32 64 93 63 44 61 33 68 89 66 59 17 63 43 93 24 14 44 
79 69 36 37 2 16 31 54 2 27 72 89 11 81 85 43 42 26 9 40 41 13 36 97 86 37 63 65 78 79 68 53 99 56 
39 74 23 40 33 15 54 57 86 68 39 80 24 63 98 52 31 4 52 36 75 43 15 15 82 4 82 83 17 97 12 49 14 32 
13 24 22 81 80 91 91 74 52 58 8 84 53 99 14 79 69 50 16 89 46 79 61 64 38 82 44 84 15 52 90 23 92 34 
93 55 93 67 99 21 28 95 19 13 1 5 13 30 95 6 72 44 86 9 56 26 37 7 80 12 81 12 96 37 74 99 89 17 
41 85 5 24 79 43 18 65 7 97 74 6 43 52 43 47 73 5 13 12 62 71 91 87 14 85 86 50 57 85 9 84 26 78 
47 9 37 58 14 66 92 89 78 31 77 76 67 65 48 12 30 61 76 70 48 53 38 39 18 42 62 25 83 81 77 62 58 79 
60 42 88 80 3 32 86 9 78 71 47 12 96 54 52 51 38 88 73 64 20 35 6 78 40 21 87 72 18 91 48 37 33 44 
24 85 54 65 92 45 60 53 6 48 85 52 60 36 82 30 26 6 7 82 39 46 20 37 59 59 67 68 76 47 50 20 93 64 
87 76 86 20 76 82 11 27 94 97 99 87 73 5 89 51 78 66 5 26 16 86 42 9 71 86 70 80 37 85 62 30 88 4 
81 55 59 26 24 67 28 75 92 97 46 66 72 45 33 13 45 22 40 66 70 27 93 28 85 29 40 31 73 12 13 81 83 71 
67 33 81 76 36 47 37 66 26 93 92 49 23 53 22 85 28 5 71 59 18 71 33 15 4 77 62 47 1 97 71 93 97 44 
34 88 31 49 74 57 63 5 15 5 1 43 5 63 62 45 51 56 62 56 73 66 83 7 89 72 40 74 90 61 38 67 36 30 
12 95 82 15 25 11 89 58 7 97 30 38 40 43 74 79 63 55 10 51 32 68 17 42 78 53 32 73 30 81 38 11 85 80 
76 61 64 1 68 56 61 3 85 45 73 63 11 52 12 88 75 14 15 27 22 42 90 90 57 31 94 89 59 32 16 74 29 51 
50 37 79 21 98 6 8 80 25 35 58 37 23 34 37 56 25 96 60 24 56 45 5 90 39 61 52 52 18 86 74 96 4 25 
59 50 88 37 95 25 91 3 92 13 65 82 24 13 67 36 22 55 91 28 37 19 85 52 52 13 98 92 55 46 19 69 56 59 
73 46 87 27 44 34 50 99 57 87 61 72 55 73 8 53 16 88 80 93 5 86 85 34 82 52 11 78 67 5 19 30 4 23 
10 83 4 94 88 27 77 58 15 10 49 50 2 31 28 39 3 97 9 16 43 15 34 60 18 57 96 48 52 40 92 10 11 35 
80 99 35 89 72 95 25 98 85 30 20 70 80 96 2 20 5 54 83 82 9 13 2 26 95 48 86 76 60 18 6 16 5 38 
16 28 63 93 22 54 29 60 67 35 7 6 69 36 57 50 97 24 41 53 29 45 14 57 72 15 85 81 52 13 89 79 82 13 
50 75 12 20 56 76 55 90 75 16 39 50 86 74 88 19 19 20 41 60 90 16 21 81 24 83 95 71 85 26 73 44 49 17 
9 53 68 94 58 69 31 28 26 34 7 8 32 8 99 15 90 88 95 58 32 35 93 73 73 40 61 53 32 6 12 77 59 73 
57 48 85 86 22 83 57 68 75 99 13 95 94 50 29 71 41 25 49 65 24 8 17 9 83 62 71 29 38 84 41 53 74 50 
22 6 62 62 53 66 3 65 17 76 28 61 99 90 44 92 27 38 36 5 14 99 29 71 42 13 19 16 36 23 34 68 67 23 
9 79 42 84 5 45 83 31 68 80 24 97 80 88 87 80 67 33 11 95 31 24 5 32 79 71 46 71 31 84 60 80 62 68 
65 88 70 81 2 93 97 18 33 45 75 91 6 86 51 32 56 29 82 26 17 88 8 52 68 23 37 8 82 5 35 26 36 33 
65 72 75 90 36 3 21 66 26 34 30 90 15 55 69 6 68 60 86 32 90 85 54 47 43 41 43 5 41 62 69 8 25 59 
96 36 99 39 44 71 3 51 57 44 85 70 45 94 3 59 5 50 73 88 90 2 74 47 97 20 15 89 40 65 13 22 47 27 
6 9 43 31 3 64 43 11 90 10 48 69 68 93 85 71 2 38 54 52 33 42 25 5 98 89 8 35 32 51 41 54 66 26 