17 50
62 91 20 16 5 7 21 68 9 78 41 51 49 58 9 63 82 
94 16 85 13 41 75 65 66 26 65 43 52 94 9 84 62 14 
70 99 91 48 7 41 83 98 64 12 59 3 34 33 8 30 60 
50 22 61 66 69 77 24 87 62 50 51 24 12 20 3 97 42 
93 27 81 21 71 25 49 55 77 98 18 91 27 40 31 34 38 
17 72 81 88 21 63 94 8 24 9 25 92 54 64 76 57 42 
32 23 49 81 46 84 76 93 5 77 72 92 13 90 9 42 36 
47 42 93 97 96 49 78 91 48 57 32 43 69 87 1 10 70 
5 70 49 34 51 25 65 3 95 24 44 64 21 19 86 60 47 
17 19 41 10 21 73 51 87 32 58 32 57 73 49 1 47 48 
7 31 58 47 34 1 29 36 37 71 61 78 10 62 48 87 59 
64 51 30 70 17 99 49 49 6 72 43 16 15 49 76 73 77 
81 92 70 61 39 7 91 72 18 32 65 23 73 43 23 12 36 
48 17 8 67 58 5 66 97 2 96 39 30 34 86 59 72 97 
6 93 11 87 26 79 57 30 41 49 81 28 59 88 93 71 45 
81 26 15 26 51 63 7 21 16 68 97 13 66 72 2 82 79 
56 72 23 41 11 41 47 38 11 79 90 9 99 88 94 19 44 
37 24 99 68 81 25 41 46 26 44 95 63 42 5 47 61 62 
2 13 28 49 47 6 15 78 50 77 41 46 54 41 72 89 35 
44 86 73 51 14 37 72 9 69 81 73 32 45 18 23 22 29 
98 12 79 76 90 15 1 2 20 89 38 71 63 20 13 88 43 
61 8 40 69 74 80 56 78 11 81 26 91 1 47 47 29 74 
43 63 91 64 67 47 6 77 80 66 41 89 64 65 91 63 44 
85 56 88 40 24 30 85 48 4 89 3 38 87 86 7 5 23 
6 40 1 76 55 8 19 25 78 48 50 43 59 32 47 33 13 
91 59 58 60 96 24 48 92 75 63 45 18 32 19 92 65 66 
89 92 10 81 51 75 38 68 60 86 73 88 12 13 84 10 22 
94 65 92 96 16 42 77 70 50 7 33 5 45 33 67 30 62 
25 37 10 82 51 77 1 7 63 95 60 5 40 14 80 62 53 
1 8 27 66 65 25 77 15 50 17 35 21 10 44 87 32 76 
37 80 27 59 96 27 60 54 33 11 80 38 23 24 62 53 73 
9 17 8 99 55 22 83 66 91 29 6 74 98 83 4 35 76 
27 25 71 1 66 21 23 12 81 13 63 75 49 15 85 2 23 
56 32 73 98 45 77 10 42 26 50 93 44 18 16 96 22 31 
14 2 19 40 78 61 1 72 86 49 95 86 2 39 16 62 81 
74 60 81 25 93 48 3 90 36 93 90 42 36 80 64 80 32 
72 6 11 16 3 13 84 89 61 59 58 83 69 33 79 22 38 
9 86 20 93 64 79 17 54 81 39 65 96 96 50 18 69 73 
72 65 53 69 47 42 70 79 5 72 42 22 43 3 58 10 38 
40 35 62 28 15 15 89 99 84 78 33 95 12 3 27 55 92 
54 52 72 14 17 36 17 68 22 36 21 31 98 80 49 60 52 
20 80 83 85 39 92 35 61 62 20 18 80 73 25 7 50 62 
9 61 66 3 56 6 68 43 56 48 11 20 78 66 35 96 94 
52 70 81 63 84 37 69 16 58 26 29 62 9 37 27 88 1 
67 37 45 94 85 39 37 14 18 38 16 13 16 18 53 94 43 
43 33 3 67 90 47 20 3 66 54 93 26 48 75 73 22 84 
8 67 72 11 89 74 4 76 76 37 85 19 57 23 40 41 8 
18 16 57 87 57 70 52 35 24 16 84 40 26 79 97 50 82 
48 23 88 61 19 6 84 85 73 74 47 84 85 39 75 49 2 
55 70 56 63 47 59 81 99 39 34 81 90 87 14 34 7 50 