26 50
25 9 95 6 56 16 17 89 82 25 73 3 19 46 99 86 23 56 89 95 16 84 80 50 1 75 
54 12 13 25 11 11 17 39 17 40 43 62 82 37 75 85 53 61 55 61 10 29 49 12 27 47 
13 27 85 14 30 90 40 26 51 6 18 99 98 41 72 6 99 84 9 61 54 78 88 3 37 90 
91 53 11 62 54 75 81 20 12 82 46 21 35 37 64 25 47 85 39 41 94 24 49 78 85 78 
88 18 64 42 82 31 63 26 72 24 80 17 78 40 19 4 90 65 55 73 98 33 39 39 10 97 
4 34 96 94 55 86 60 60 71 92 42 56 89 56 18 66 18 70 81 41 29 70 60 36 82 84 
17 70 59 90 35 6 23 35 2 12 12 45 71 37 22 60 15 64 66 67 51 13 69 95 60 24 
66 32 66 73 3 61 58 24 86 2 55 26 41 77 28 30 37 90 60 79 13 45 19 11 79 58 
3 96 23 52 95 51 85 66 75 15 24 74 95 82 62 12 93 13 24 98 37 28 64 27 90 51 
14 56 24 19 50 56 73 10 75 52 64 8 35 53 78 91 87 19 42 55 80 40 98 25 28 25 
93 25 11 32 85 11 85 45 81 54 57 4 56 12 95 86 39 38 61 1 19 38 41 97 52 80 
15 43 93 88 35 42 71 22 43 93 95 2 70 43 50 23 66 27 76 73 25 14 55 50 59 95 
85 49 71 26 15 90 54 37 88 45 58 44 89 14 3 86 78 29 14 84 91 99 36 90 94 28 
34 37 85 46 43 71 48 85 39 58 2 48 2 5 72 45 82 46 12 97 92 99 67 74 80 10 
78 60 43 59 16 78 97 39 88 44 5 22 73 81 33 52 49 90 3 72 70 2 78 77 90 63 
11 85 39 68 63 12 12 15 75 33 12 93 4 47 48 33 25 92 31 16 6 7 23 81 19 42 
32 20 8 57 80 78 15 52 15 84 98 28 48 83 21 92 74 2 89 66 76 80 22 55 71 51 
2 32 32 61 48 57 88 64 25 1 31 77 87 56 64 93 62 93 20 86 99 1 3 31 32 61 
20 63 85 17 36 58 89 27 90 83 42 14 2 1 19 26 96 51 83 11 47 59 60 75 52 47 
21 46 31 31 23 13 55 49 61 72 13 15 2 10 40 32 37 78 12 80 13 74 98 48 15 74 
33 14 53 82 69 16 13 17 85 81 76 7 19 86 37 55 47 23 35 37 84 92 55 77 9 26 
54 48 5 68 38 77 87 50 45 19 47 27 62 54 45 14 37 88 53 74 7 55 45 32 98 77 
57 33 79 89 59 80 96 33 47 33 48 82 4 13 20 68 87 5 84 22 92 95 73 19 14 7 
43 17 80 15 15 72 77 8 38 9 14 88 79 15 97 1 58 32 90 45 30 16 60 26 16 45 
43 56 35 20 6 40 11 66 40 44 48 20 69 59 57 27 10 22 28 57 62 93 49 28 82 35 
22 62 47 42 51 35 14 73 79 36 10 45 74 48 87 78 92 63 10 29 86 8 71 76 14 27 
76 70 64 19 57 87 6 10 91 33 61 53 8 18 35 40 73 26 47 87 46 28 33 48 80 15 
99 71 86 42 7 26 55 34 98 17 74 12 69 96 30 4 8 77 19 45 75 70 50 56 28 88 
88 67 7 33 34 98 77 90 12 29 5 91 21 40 66 40 2 36 5 53 43 70 29 31 8 76 
8 99 35 99 42 55 37 30 11 34 78 59 29 83 75 80 69 35 41 48 25 40 21 47 87 38 
32 50 88 99 83 48 54 19 77 98 31 63 66 94 76 23 84 5 29 20 18 15 67 56 15 44 
43 19 77 18 4 95 37 28 92 38 56 52 81 92 63 34 28 37 86 11 51 37 36 58 62 14 
62 44 18 19 77 52 87 10 44 23 65 62 95 95 14 99 26 74 99 70 32 21 36 20 79 56 
26 28 83 93 86 5 9 71 52 37 92 90 33 39 56 10 53 30 84 93 75 33 66 24 8 29 
12 4 6 90 17 79 20 88 70 80 96 42 19 70 82 13 28 93 61 62 76 50 12 85 46 70 
83 11 85 20 13 69 40 70 38 34 80 29 16 74 24 59 32 53 91 29 68 56 49 24 47 41 
42 24 93 24 19 91 34 75 50 55 77 44 75 18 61 8 1 45 29 19 56 80 73 51 58 54 
23 88 87 97 60 38 26 99 8 1 7 49 20 50 61 21 4 36 76 20 34 12 29 46 75 35 
63 98 77 10 31 45 79 49 88 53 74 81 78 48 95 82 61 95 59 97 94 79 30 65 71 36 
66 45 39 14 87 13 25 72 89 66 62 34 77 86 8 28 49 57 17 92 42 77 32 7 84 31 
55 5 22 57 78 85 17 16 31 15 82 96 79 65 9 28 94 10 43 31 85 38 63 21 27 71 
30 47 16 34 32 19 24 81 79 57 21 85 80 98 53 22 33 75 24 85 15 79 40 17 3 8 
69 56 91 46 6 91 94 18 74 34 25 86 4 11 17 47 62 5 44 2 36 3 77 89 44 54 
73 66 51 49 75 68 79 52 19 53 96 60 40 95 52 74 62 70 30 83 25 13 49 23 71 75 
99 66 90 21 36 40 74 92 32 8 8 62 10 85 97 34 54 83 32 6 87 88 1 11 35 71 
22 48 47 43 12 22 87 93 5 95 63 44 82 65 40 35 73 18 21 65 73 83 4 86 2 97 
80 89 12 4 90 31 86 9 48 73 51 35 17 34 76 63 78 67 70 18 41 22 5 69 52 48 
6 84 97 73 82 58 4 13 66 22 39 39 53 16 55 28 12 64 98 35 59 74 10 44 28 91 
57 43 72 92 94 97 91 70 10 89 83 59 73 15 30 8 51 72 61 80 20 90 13 74 66 55 
68 29 39 31 92 78 50 3 32 13 34 4 62 6 29 88 97 72 41 27 81 29 64 36 42 48 