13 50
71 40 65 27 18 81 81 10 32 87 17 40 5 
34 76 79 11 70 69 3 85 59 40 23 54 35 
15 9 39 27 24 92 65 53 77 24 51 27 49 
97 17 16 79 60 66 86 60 66 88 88 32 59 
38 16 4 72 98 7 92 84 28 14 88 76 55 
92 6 37 71 61 8 1 16 55 72 40 90 99 
15 52 13 35 47 34 85 2 49 28 85 21 77 
21 23 13 45 70 11 81 60 11 92 25 77 15 
24 34 75 78 92 88 41 94 71 98 82 39 40 
88 31 23 26 26 99 86 25 45 22 65 78 11 
68 19 85 84 27 51 41 47 61 77 16 46 33 
55 3 95 42 76 81 43 64 69 39 43 83 64 
62 90 69 50 17 73 3 67 46 42 38 60 8 
52 53 97 6 17 29 47 64 94 36 16 54 4 
94 9 51 2 97 94 81 7 80 64 90 66 32 
78 84 48 41 88 72 89 47 32 83 81 66 86 
80 26 98 93 94 39 27 75 97 22 68 56 55 
29 8 25 5 24 94 9 71 55 37 61 92 62 
82 9 47 94 85 63 28 18 31 74 44 96 9 
10 7 39 84 97 17 15 22 19 59 97 76 32 
27 23 77 46 82 2 6 69 99 82 52 4 55 
46 54 13 62 77 45 55 30 93 88 51 91 56 
55 66 31 70 65 51 1 89 62 10 87 60 33 
55 56 19 44 45 34 52 63 14 20 66 48 19 
44 89 45 90 51 18 16 33 39 22 51 66 34 
8 55 88 9 30 99 33 51 68 24 18 28 57 
84 96 40 25 68 17 41 63 77 96 98 68 36 
57 85 32 50 79 74 82 23 55 19 52 3 53 
31 60 76 1 80 59 62 39 65 73 81 58 11 
33 74 81 20 62 3 11 16 92 35 54 52 33 
66 98 86 18 87 66 39 29 10 26 46 17 3 
56 96 61 80 21 47 54 89 13 21 86 67 53 
67 51 26 88 43 87 20 84 56 98 4 4 58 
42 10 90 80 99 84 1 67 76 90 27 35 47 
37 54 88 7 99 82 78 41 17 25 85 62 81 
9 70 56 33 38 3 23 77 33 26 24 51 31 
26 89 60 73 27 56 70 48 95 48 65 50 77 
45 89 49 19 85 5 28 2 72 61 37 94 42 
51 92 15 8 11 17 12 19 38 96 22 61 52 
32 69 95 43 49 6 77 88 74 31 78 64 83 
63 54 36 20 54 4 95 1 19 40 74 64 50 
7 80 82 89 58 21 17 81 71 4 66 44 41 
17 97 89 88 98 28 5 15 18 12 59 92 72 
1 13 32 96 81 2 73 73 21 74 70 71 79 
74 27 36 55 77 33 85 29 45 50 93 21 85 
11 2 13 9 14 88 12 55 30 61 69 69 68 
29 20 7 55 36 79 60 71 39 68 54 25 5 
5 74 36 16 57 86 22 30 95 56 36 29 72 
75 92 66 74 88 80 81 96 97 95 8 44 57 
91 33 61 84 52 73 77 33 49 69 62 43 80 