47 50
97 13 18 21 82 42 85 4 69 64 4 54 72 16 51 96 24 6 93 18 37 86 25 73 88 95 46 17 30 12 6 71 11 51 7 3 89 65 93 95 76 6 71 5 45 48 73 
10 35 61 31 9 1 10 8 4 49 24 12 32 97 79 93 95 76 91 34 18 97 68 23 42 75 69 63 1 15 2 91 94 91 87 87 96 39 29 64 11 18 26 55 48 44 82 
16 96 2 23 71 28 55 20 55 90 15 47 33 72 93 97 74 31 65 19 63 21 93 47 19 20 44 19 95 5 8 91 55 60 87 77 7 27 53 43 53 44 6 54 21 31 22 
10 76 61 18 50 41 82 87 29 50 28 21 93 35 28 34 45 19 68 69 57 10 17 74 12 56 95 42 59 50 53 83 14 78 39 73 55 73 60 43 10 83 72 11 36 11 59 
73 22 61 2 77 73 27 98 19 2 35 16 94 31 14 26 79 43 12 83 35 88 52 61 20 51 95 1 56 57 46 66 45 1 79 81 18 98 77 72 24 21 79 48 15 30 30 
57 87 52 15 91 41 8 97 96 31 29 11 20 90 78 22 43 90 76 77 53 96 99 89 96 46 87 32 72 53 59 66 14 31 4 94 76 92 90 89 94 34 70 34 32 99 18 
17 4 14 1 91 48 89 35 70 57 52 33 96 4 27 78 47 82 81 16 25 41 84 96 61 49 13 82 40 98 47 93 84 22 95 94 67 95 67 49 83 46 25 30 27 67 96 
53 14 1 3 87 22 12 3 38 70 25 1 76 11 1 36 15 39 48 75 65 2 65 54 38 85 3 31 28 10 89 32 89 58 83 48 96 36 42 77 98 93 76 74 8 36 82 
53 19 57 85 14 85 69 56 58 16 38 47 66 90 73 63 15 64 38 63 65 96 89 19 37 4 68 78 26 89 69 45 92 84 95 41 96 98 71 47 89 47 72 45 64 21 75 
2 44 59 5 69 19 56 11 47 90 3 30 6 17 42 86 13 32 66 44 15 25 84 61 50 96 69 57 87 92 77 26 73 61 63 32 54 80 15 64 76 85 21 66 18 94 69 
71 64 27 33 77 33 87 43 51 80 21 4 46 40 5 16 53 46 30 99 27 60 79 24 6 70 65 37 90 30 43 96 59 31 55 54 8 97 22 2 13 43 19 80 89 50 60 
19 48 60 21 93 83 96 73 14 22 50 47 55 98 76 40 39 28 56 40 80 94 1 89 34 63 74 91 15 62 18 90 26 57 77 32 85 4 38 30 47 51 77 56 76 37 67 
58 43 14 85 17 68 89 69 65 68 69 45 99 32 97 30 62 96 52 10 71 96 35 1 55 20 5 99 99 54 55 76 53 16 52 51 61 65 76 40 91 4 8 81 43 63 68 
54 42 84 63 2 58 13 75 51 80 99 8 84 65 28 60 13 10 1 50 84 33 71 75 42 89 53 32 75 35 61 56 18 27 6 21 43 99 63 43 55 53 26 34 48 30 23 
9 3 21 28 57 23 11 79 81 11 74 87 11 62 35 22 36 37 63 56 44 61 97 28 79 16 70 87 6 69 58 25 33 52 32 64 9 24 4 38 48 89 85 86 42 11 44 
69 38 3 42 82 64 64 6 59 17 50 77 51 58 85 77 2 95 95 25 36 31 37 75 92 33 78 6 91 76 42 78 19 32 9 31 39 3 92 3 76 28 84 80 60 18 72 
13 28 78 6 16 45 1 38 95 8 1 54 72 11 6 47 29 30 9 47 2 84 38 60 13 37 58 62 55 16 78 3 61 98 6 91 1 28 72 46 82 84 84 47 42 63 22 
90 33 7 10 44 52 28 53 82 86 43 30 93 70 87 18 46 18 14 51 63 57 19 7 74 6 18 2 9 92 3 80 84 97 29 79 33 13 61 81 25 67 40 99 31 60 25 
31 99 26 80 39 16 28 11 25 77 40 1 69 21 30 78 49 40 3 26 77 15 52 36 73 55 61 66 73 10 63 1 99 86 96 7 70 82 25 89 1 16 44 83 12 57 1 
8 25 21 40 55 1 37 83 90 95 43 8 7 62 44 47 65 42 75 35 49 82 85 69 13 65 95 2 81 13 1 28 96 90 69 49 2 81 86 80 82 98 63 30 18 93 40 
46 14 27 27 37 75 39 85 42 64 3 58 27 14 39 47 19 51 91 60 97 7 24 93 10 38 97 3 99 81 65 24 4 7 43 38 78 9 77 1 26 94 12 27 33 18 86 
29 88 89 14 3 39 95 24 48 85 91 21 74 11 9 45 24 39 91 99 84 75 90 43 93 76 27 46 74 32 53 36 48 36 71 49 74 93 4 72 14 48 56 30 83 66 13 
78 38 48 35 5 79 3 53 92 12 26 73 50 70 11 65 26 78 99 99 87 15 55 49 21 73 83 95 68 11 41 20 77 21 43 10 91 10 30 53 39 46 85 24 72 83 84 
72 37 97 79 17 82 21 62 29 82 41 51 31 50 25 95 98 53 58 77 40 20 9 98 46 10 40 56 33 18 46 76 47 40 25 4 84 15 14 9 32 48 53 6 23 61 5 
37 8 1 61 75 66 37 40 59 16 47 52 37 5 39 67 20 50 13 41 96 82 64 23 84 16 89 29 66 77 43 16 6 9 46 99 30 43 76 44 92 82 94 53 28 80 49 
89 72 8 51 27 22 70 4 60 15 28 14 30 69 1 67 65 95 88 3 2 95 69 73 96 61 77 37 72 76 44 63 45 23 54 6 84 44 87 58 91 6 26 10 25 8 50 
48 53 13 88 83 26 16 4 6 29 40 79 89 7 81 47 57 2 80 25 41 95 32 9 25 14 37 87 20 10 56 65 65 40 95 52 68 21 76 89 53 86 34 27 49 65 60 
51 85 70 43 58 68 60 1 57 10 64 19 44 74 96 84 94 10 2 96 85 27 85 96 74 50 70 5 69 85 49 45 75 13 2 92 6 7 25 20 82 46 35 34 6 92 56 
5 27 50 36 58 96 76 30 92 99 51 60 19 32 95 98 48 7 33 1 23 52 19 10 89 13 99 65 97 95 92 25 34 9 56 45 63 53 17 75 21 93 1 20 81 50 89 
70 51 90 8 26 18 60 8 48 81 79 55 32 98 52 60 52 92 77 6 91 28 95 36 54 26 2 63 98 12 44 89 16 97 93 72 58 30 73 50 72 24 71 67 96 10 92 
75 93 28 10 76 30 44 75 69 23 31 58 48 68 93 72 6 51 16 93 95 77 70 36 68 94 24 93 3 80 27 79 96 40 14 26 12 77 74 14 99 58 2 51 56 92 10 
50 15 84 69 6 79 26 62 8 90 71 16 54 96 21 6 32 36 33 65 99 5 4 84 32 68 56 3 8 89 62 10 33 73 33 14 27 28 90 81 74 2 20 94 35 90 85 
84 92 24 76 43 20 59 79 33 61 74 77 38 89 8 91 91 8 90 50 34 17 27 93 13 79 43 25 5 72 2 79 57 85 50 30 24 93 45 79 44 41 8 48 10 95 62 
48 25 6 52 35 71 39 35 66 5 80 8 47 8 65 42 31 92 14 4 16 21 58 3 44 8 38 73 44 53 34 95 4 60 17 60 46 39 80 42 70 29 4 25 3 30 51 
47 27 64 19 6 58 47 81 31 52 26 12 85 28 41 43 51 57 39 97 77 71 96 90 37 53 23 74 10 59 49 5 46 40 9 91 20 27 93 44 32 7 7 99 39 2 10 
54 82 59 58 87 62 10 57 85 52 21 76 55 85 99 27 40 47 31 95 13 25 29 96 93 17 67 20 50 6 70 38 93 62 46 32 61 93 19 35 13 72 26 23 33 68 48 
50 34 87 47 9 76 81 63 64 98 94 44 75 96 16 27 12 73 73 51 4 15 85 89 71 33 88 30 20 42 43 48 53 1 38 10 63 93 69 33 58 15 79 48 39 35 54 
2 96 72 99 56 8 19 58 37 61 63 46 76 42 38 45 59 35 57 44 83 66 4 39 43 98 57 86 86 4 83 35 40 43 70 77 7 52 49 65 27 69 9 39 24 88 75 
99 38 14 29 66 4 78 63 76 80 80 3 53 63 21 15 32 91 55 73 71 81 17 88 39 35 44 94 54 75 37 91 93 29 45 17 62 48 5 93 40 70 44 88 7 93 97 
9 84 31 93 89 58 23 21 42 66 94 5 18 63 52 10 31 74 53 19 9 27 48 21 71 81 14 60 75 32 75 79 77 26 72 47 1 22 63 78 85 89 74 50 6 12 93 
55 18 38 44 8 4 87 61 2 69 58 56 88 63 48 35 97 8 84 23 68 89 43 74 73 33 27 14 31 2 39 88 13 69 81 3 11 70 2 54 87 84 62 95 10 55 47 
22 47 21 56 17 53 47 12 76 53 16 20 18 62 98 1 79 40 27 47 29 68 73 48 12 92 55 56 91 5 68 69 64 35 34 45 45 31 21 29 85 83 26 17 84 13 85 
17 30 6 79 17 79 72 91 38 16 77 44 32 18 66 84 19 88 57 19 48 30 68 43 53 31 38 20 33 5 70 75 3 49 25 24 97 14 21 78 88 78 33 66 6 97 77 
85 29 91 38 5 37 41 24 23 55 26 33 80 6 27 91 1 75 36 71 66 91 1 88 76 39 8 95 38 11 60 56 91 24 28 72 44 76 37 18 36 40 37 28 42 13 73 
71 55 6 44 21 52 79 17 52 81 23 55 97 93 48 38 70 73 57 32 2 56 64 20 56 27 86 95 58 33 64 61 71 62 2 50 12 41 42 19 9 36 59 10 19 6 79 
17 2 55 53 71 92 74 5 11 83 39 68 37 52 27 76 4 89 43 69 48 52 12 49 19 32 60 13 91 53 99 29 88 74 74 25 83 65 99 50 83 44 3 24 63 15 99 
49 98 57 96 95 5 46 34 4 65 29 18 59 24 32 42 20 84 4 92 9 48 34 97 71 51 52 73 40 43 77 20 79 69 42 20 96 81 46 88 51 78 12 67 29 90 77 
36 82 98 82 99 3 21 35 23 97 33 33 73 91 20 15 84 51 43 88 22 89 65 92 35 23 52 7 44 48 31 38 30 79 25 97 59 9 72 87 16 39 16 22 59 31 95 
57 25 23 11 85 88 24 31 8 55 47 85 7 65 26 57 82 74 81 6 67 49 80 62 6 79 34 9 10 63 92 14 89 94 2 94 54 34 23 82 36 59 21 50 14 28 50 
80 5 50 68 90 8 35 64 6 4 51 43 49 85 57 3 67 40 76 70 81 17 77 74 8 41 60 98 97 37 29 54 90 45 46 5 9 78 57 97 65 37 38 22 70 48 5 