30 244
82 85 53 74 69 96 60 59 80 25 77 47 77 95 85 38 76 86 12 68 67 26 30 10 46 42 23 22 68 21 
55 81 62 6 60 55 81 16 43 53 46 82 89 80 88 77 2 74 96 6 33 44 34 7 82 69 54 50 42 19 
48 54 77 78 64 34 72 94 15 78 77 30 52 11 3 46 34 4 99 70 30 88 39 92 61 26 46 49 86 94 
47 81 27 62 73 40 96 46 61 92 45 82 64 35 38 80 42 99 7 17 58 44 26 59 4 60 62 85 86 33 
5 50 63 7 5 26 62 41 15 18 16 2 58 90 31 32 26 35 46 6 57 82 38 28 47 8 11 73 9 80 
47 24 14 99 23 4 43 39 26 58 29 88 7 42 50 28 75 27 46 22 45 76 24 16 98 27 24 4 78 98 
47 82 14 52 22 87 37 94 73 79 39 77 19 23 40 43 46 46 25 22 25 21 20 12 17 19 3 33 79 17 
68 4 30 30 49 20 30 53 37 57 41 33 95 5 22 37 16 6 36 35 97 79 28 9 51 16 61 77 88 55 
18 41 94 71 45 23 59 93 1 27 98 45 81 63 14 76 66 4 43 33 68 6 93 65 45 61 2 21 84 27 
95 17 60 77 78 9 23 31 41 42 73 69 18 80 11 64 77 65 7 33 72 68 73 52 9 5 44 48 36 21 
36 73 30 8 24 65 29 54 74 99 76 2 3 60 97 84 37 77 54 51 18 66 61 76 51 93 3 41 22 20 
25 39 11 39 1 91 15 13 45 26 32 20 60 99 22 50 82 50 51 26 17 81 34 19 80 42 97 64 86 47 
40 34 17 29 83 59 96 29 25 63 49 51 91 24 4 90 89 57 41 43 28 52 28 60 99 3 70 87 79 3 
45 60 86 20 23 35 56 3 46 10 9 76 45 18 33 68 56 9 67 39 21 77 8 41 60 69 64 73 35 67 
7 63 64 11 19 51 90 61 53 47 33 13 99 84 8 63 88 1 61 20 83 57 49 23 74 25 33 82 62 41 
76 1 18 63 52 96 32 17 33 8 44 76 35 41 75 9 73 46 66 95 4 11 4 43 28 30 84 87 73 29 
75 49 87 69 14 57 32 87 37 78 95 40 52 34 78 43 98 61 41 83 51 88 78 61 26 28 51 50 80 19 
86 41 84 70 87 49 82 18 94 58 92 60 83 97 59 42 61 19 47 49 46 33 76 52 55 7 38 76 10 12 
50 43 53 89 73 87 55 31 69 81 15 71 35 95 92 9 25 63 53 19 72 34 67 1 86 84 30 2 80 80 
4 26 88 2 75 25 31 70 61 34 81 95 72 27 28 88 22 2 73 64 32 2 37 44 10 49 95 52 79 88 
41 97 61 9 9 57 20 59 60 28 73 79 18 94 94 59 27 56 48 70 84 11 49 48 50 92 82 53 54 10 
56 3 91 40 63 92 6 32 24 97 23 61 37 86 15 96 44 77 67 89 57 63 79 41 60 40 47 90 23 23 
82 28 27 45 40 60 85 77 79 79 96 6 23 99 85 7 19 70 58 70 3 75 22 6 38 35 16 36 59 97 
27 29 22 88 10 65 27 28 63 94 33 73 77 61 42 48 56 4 56 82 82 36 13 75 51 43 69 64 83 55 
23 40 58 75 11 65 19 32 23 61 64 96 62 10 17 42 6 55 59 18 48 67 23 85 62 62 29 31 69 16 
15 69 10 48 62 11 4 40 76 70 82 93 81 13 65 44 65 40 10 7 31 93 2 10 25 57 77 99 25 46 
87 56 82 98 67 62 30 92 35 35 53 95 14 6 53 89 15 62 17 49 11 75 49 16 37 13 55 47 5 82 
42 96 31 20 74 85 44 16 88 74 29 10 78 63 12 72 58 9 85 12 41 28 59 91 60 21 64 44 69 82 
66 83 20 47 60 73 39 67 69 30 84 43 60 65 4 87 4 52 92 78 80 28 3 40 69 97 44 7 19 19 
71 41 89 50 86 39 85 27 81 70 13 91 63 22 80 9 88 19 93 59 93 23 39 12 77 83 64 74 50 32 
51 42 21 53 73 42 82 91 17 26 6 76 31 4 22 84 47 15 82 55 2 52 72 34 33 98 30 16 7 81 
85 31 58 28 49 62 7 75 54 87 43 12 94 59 17 36 87 7 22 50 74 12 71 54 81 29 83 53 25 89 
99 59 32 19 82 50 93 28 9 27 7 23 39 42 99 27 88 59 65 48 76 43 88 82 8 53 78 58 17 33 
58 55 62 34 14 95 45 75 28 89 53 77 5 73 93 3 17 46 77 31 30 79 89 32 93 55 83 98 89 3 
70 35 83 60 61 53 89 19 42 16 43 43 66 81 54 42 56 58 76 32 17 57 77 44 69 40 3 23 49 23 
40 11 50 13 65 44 99 40 5 79 85 55 3 24 94 3 36 77 37 66 53 2 41 88 67 63 6 83 91 99 
61 57 41 44 20 32 48 15 47 64 7 91 67 72 81 10 80 77 98 75 92 27 86 35 64 52 6 41 79 77 
97 32 56 38 6 65 68 57 8 55 81 18 84 12 99 65 40 23 65 17 8 38 37 8 18 17 81 51 1 74 
74 32 21 89 47 11 35 11 50 28 85 9 89 92 69 39 60 6 61 14 97 33 73 74 55 89 47 24 2 58 
1 53 8 49 80 95 91 41 74 91 87 36 62 65 76 13 55 34 36 82 60 42 89 41 57 71 48 73 9 36 
15 28 39 56 47 39 64 64 74 99 91 25 7 30 97 29 65 34 88 49 84 64 16 75 36 17 73 67 86 81 
84 44 73 79 77 10 57 4 62 74 38 17 85 1 40 37 71 31 57 83 40 20 54 50 48 91 71 12 4 25 
41 4 84 82 39 14 95 51 17 62 22 51 51 39 36 95 43 20 38 76 95 2 97 84 77 76 80 37 86 1 
63 39 41 82 43 84 37 95 54 57 61 81 13 86 85 46 74 14 35 69 57 33 43 83 50 71 63 22 92 70 
1 77 32 63 52 68 60 29 61 18 43 68 71 94 58 22 16 3 70 92 94 82 12 66 91 17 83 49 42 27 
91 54 21 86 15 43 1 61 21 57 96 91 58 65 42 68 93 52 59 36 50 17 65 85 79 25 18 1 87 37 
75 98 96 11 57 32 7 91 30 57 98 9 41 40 49 23 4 25 19 96 29 91 8 28 87 65 97 72 81 59 
19 39 47 49 83 11 31 89 85 50 25 19 30 68 64 36 97 15 47 15 83 43 56 72 80 59 44 52 87 48 
98 54 93 72 27 7 51 73 93 99 62 93 8 43 91 30 50 35 87 74 65 28 22 69 75 56 81 65 81 59 
77 44 98 38 52 96 89 26 82 22 47 58 62 27 75 59 92 75 17 50 19 63 78 33 63 92 54 99 68 28 
91 70 27 57 53 22 67 8 64 21 56 26 45 15 99 94 89 64 96 12 38 47 65 96 92 44 59 12 82 50 
56 93 34 97 96 86 31 60 97 94 2 73 6 42 34 29 61 88 2 44 64 75 4 27 21 14 68 19 11 5 
57 18 82 50 15 17 15 60 82 73 80 70 90 33 99 9 15 91 97 44 41 63 77 76 4 37 22 67 64 98 
44 65 55 63 3 7 67 8 1 7 21 74 71 47 12 20 90 87 52 54 2 40 83 87 42 66 57 39 63 5 
91 9 22 4 84 26 25 31 93 25 78 38 51 19 88 62 61 4 2 88 15 78 47 36 33 26 41 87 17 17 
93 55 70 83 53 29 89 96 44 60 6 99 49 82 19 31 65 49 3 21 7 53 29 3 97 44 65 53 37 68 
23 99 33 68 50 33 89 30 99 78 82 72 26 13 13 35 66 1 42 79 94 9 79 17 73 18 26 12 80 65 
99 68 45 82 2 69 69 11 46 94 10 38 42 21 66 52 93 95 61 30 72 48 94 76 75 53 4 61 45 47 
76 26 31 4 70 11 25 95 89 12 59 6 94 75 32 12 88 14 55 72 8 39 39 86 93 10 80 27 35 49 
73 61 80 94 72 37 15 20 97 21 17 5 48 97 16 89 61 47 69 87 78 62 87 18 68 44 64 28 36 75 
24 4 23 8 61 86 24 63 31 31 64 66 7 87 59 29 74 74 40 2 14 1 82 66 72 39 29 30 92 49 
55 73 60 54 99 23 67 90 89 5 63 52 35 37 2 78 20 67 46 2 25 62 27 30 56 11 10 4 68 86 
41 73 7 9 83 93 19 52 19 35 64 17 69 65 42 85 56 19 23 52 61 41 74 48 45 63 96 9 1 25 
69 26 57 87 55 7 9 37 93 37 47 37 31 23 33 80 53 88 37 71 50 83 9 25 70 98 8 72 56 13 
76 57 65 13 48 36 45 72 27 89 15 77 70 10 12 80 59 60 27 70 38 50 59 72 58 97 97 2 21 69 
11 22 85 68 5 63 38 36 46 35 61 75 91 10 62 45 14 82 44 70 33 55 55 66 75 31 97 56 23 33 
81 98 23 77 14 88 87 52 4 41 34 85 1 55 72 98 41 69 91 98 32 59 93 4 15 21 43 27 19 25 
54 23 27 92 39 71 50 55 41 35 29 49 89 12 1 97 80 30 30 47 18 23 85 70 98 9 59 39 53 72 
1 23 95 65 52 96 53 17 41 88 1 44 54 43 64 97 18 72 56 93 22 11 37 97 72 35 47 58 62 42 
60 21 3 3 19 2 95 45 31 17 84 97 48 10 73 57 77 67 80 71 58 29 34 59 30 9 21 19 73 3 
65 90 90 54 99 81 78 56 35 48 77 26 64 20 84 84 8 3 86 42 55 13 10 23 58 68 5 58 1 93 
95 25 11 13 75 82 59 58 49 60 79 88 90 88 86 1 75 14 74 66 15 98 27 62 67 38 25 35 53 85 
92 23 18 88 83 50 4 36 59 91 35 60 85 67 36 85 56 22 34 92 67 19 70 78 69 71 69 71 66 19 
22 22 75 67 98 22 15 80 89 77 37 26 75 61 28 18 35 90 42 32 65 73 92 96 61 37 76 34 84 45 
66 27 27 12 82 75 92 82 37 52 10 57 20 76 82 35 54 80 9 32 77 22 70 57 71 65 9 21 25 45 
91 19 38 9 36 74 91 36 39 77 32 12 50 7 33 27 48 40 94 49 29 81 63 96 55 68 18 90 39 78 
2 34 63 9 16 34 1 27 11 30 91 87 41 27 36 82 14 47 56 96 30 24 60 61 35 84 67 70 81 10 
24 2 67 51 71 65 83 53 31 49 13 7 29 6 58 45 50 85 98 34 37 66 62 51 3 3 84 66 3 78 
48 68 55 42 54 8 12 57 38 53 78 7 73 2 59 78 51 66 19 19 15 92 55 74 81 35 59 64 76 71 
78 25 40 61 9 25 59 79 83 9 35 75 85 68 6 98 23 23 87 91 79 26 6 49 1 70 4 79 20 91 
73 13 10 93 39 9 66 36 97 54 7 62 5 9 25 37 7 38 42 71 29 37 97 85 37 61 81 34 25 91 
6 64 77 55 34 33 77 75 1 1 96 88 44 98 94 96 54 66 67 34 74 35 52 81 52 92 54 92 76 22 
48 61 30 45 72 39 31 77 10 96 15 83 6 92 33 82 15 51 75 2 22 22 77 87 85 50 70 7 34 75 
16 14 70 48 82 27 53 17 86 96 15 84 84 19 25 74 5 36 9 47 31 74 11 14 52 11 95 73 40 8 
73 98 69 78 80 88 21 90 41 17 77 62 29 83 8 15 83 5 2 38 73 11 26 81 13 40 91 27 84 28 
84 1 9 39 28 34 40 92 25 57 60 76 1 40 15 34 89 31 67 88 72 84 63 6 9 42 5 7 82 21 
8 2 89 46 6 5 35 16 88 3 98 9 34 88 21 43 69 99 2 12 45 12 21 90 47 57 39 27 49 17 
4 63 17 4 20 21 43 64 41 78 87 29 55 22 79 13 68 57 24 85 75 58 86 16 98 65 12 78 88 22 
70 90 14 46 87 40 98 43 55 82 4 37 35 79 67 75 26 92 90 80 72 87 26 50 1 3 39 88 11 38 
50 13 14 89 69 62 73 75 39 68 43 21 21 5 72 19 3 24 71 68 95 2 19 22 74 61 98 34 29 6 
70 89 23 30 32 25 70 55 80 97 30 79 81 73 11 70 96 22 62 8 19 48 39 37 66 22 25 35 98 12 
11 88 8 57 68 32 46 9 81 59 57 87 26 9 82 89 58 17 60 10 34 74 42 69 70 75 28 53 50 25 
22 39 65 2 86 2 51 12 59 20 5 1 82 5 98 10 37 91 94 54 33 59 47 73 65 33 67 64 48 50 
77 48 15 16 87 21 51 21 53 59 85 7 76 82 44 99 57 91 97 56 81 20 7 26 63 50 77 66 70 11 
17 51 6 53 31 52 59 56 72 89 17 41 79 98 34 32 40 16 64 25 54 93 67 92 50 18 46 35 47 61 
62 67 59 15 82 52 52 54 53 83 69 49 2 53 33 35 55 9 19 84 25 10 59 4 22 54 24 35 76 50 
4 69 11 92 82 6 81 63 23 4 81 75 63 18 1 31 12 47 72 59 40 94 64 82 12 60 77 77 13 50 
79 30 91 98 6 30 82 82 85 10 50 59 56 16 93 90 90 17 94 87 99 37 37 59 5 52 86 95 22 56 
74 97 74 56 13 22 17 55 26 44 64 91 76 22 67 3 99 7 70 50 12 59 54 17 50 20 74 54 56 95 
81 25 8 97 4 42 49 20 62 79 15 68 18 26 52 32 74 81 80 87 33 22 8 96 8 81 11 5 94 7 
30 68 90 27 47 19 17 8 69 83 75 57 89 60 9 28 56 36 24 94 38 76 28 27 4 43 83 26 26 8 
13 14 95 91 5 93 71 1 5 72 9 7 47 20 77 11 91 54 50 84 63 58 94 81 39 91 85 24 10 90 
10 71 56 87 63 86 16 86 24 35 19 26 25 87 3 18 43 87 48 67 65 42 21 56 64 53 32 40 59 68 
5 85 14 94 25 77 46 49 89 36 44 19 51 50 6 76 52 87 89 62 28 26 26 7 54 48 90 47 21 9 
90 16 87 59 91 29 11 89 26 29 32 84 4 11 61 67 14 86 48 76 45 72 69 32 85 61 33 66 27 71 
72 74 39 26 96 12 55 70 78 22 20 71 42 83 56 91 21 24 27 93 75 66 13 60 32 86 87 2 92 96 
52 43 30 9 14 48 40 55 44 97 5 27 64 87 31 20 57 44 67 88 19 71 81 63 82 27 27 29 37 38 
63 16 51 29 39 78 75 20 22 27 83 54 43 7 31 40 15 69 14 94 85 57 60 27 55 89 56 21 56 67 
31 47 99 5 47 20 83 45 80 65 95 27 12 14 97 25 55 98 81 59 65 83 47 42 51 23 71 76 53 62 
51 90 97 38 36 82 67 10 10 76 98 51 97 12 58 79 26 45 98 67 79 33 23 85 98 83 40 97 26 79 
45 68 32 52 87 1 70 89 43 17 77 94 72 19 45 74 12 89 76 8 28 53 55 20 41 50 42 52 12 49 
12 39 75 71 70 49 46 68 90 88 80 84 68 75 17 87 98 17 95 56 98 47 30 94 74 13 45 78 34 83 
45 9 66 47 16 76 71 84 30 42 8 29 66 30 16 87 86 17 94 31 54 21 46 15 72 56 17 40 6 50 
32 3 68 46 25 33 12 27 33 98 88 26 86 81 4 81 80 26 57 56 27 47 12 67 81 21 84 67 33 76 
92 67 18 87 92 95 52 23 44 68 73 83 15 13 3 88 9 9 11 25 89 92 83 44 10 51 90 66 81 8 
43 43 55 99 99 8 7 56 60 3 36 93 32 87 6 59 32 96 82 51 12 13 80 10 2 92 87 48 9 74 
47 70 50 61 37 1 69 93 16 26 38 42 86 57 4 60 57 71 10 46 93 83 1 82 57 89 27 44 18 32 
84 72 60 69 50 67 6 93 38 46 85 75 76 80 20 74 22 60 86 59 78 87 44 80 60 6 8 39 29 45 
91 85 19 98 90 17 2 66 60 80 10 70 38 63 62 39 38 96 5 89 79 57 9 26 95 85 35 7 81 82 
28 77 40 57 77 21 44 32 42 2 46 19 18 92 94 43 84 24 48 70 76 81 73 49 47 43 26 59 43 73 
77 61 8 52 86 49 51 53 7 30 46 65 58 19 74 13 98 47 71 82 66 75 52 56 80 54 59 75 61 81 
3 10 3 12 95 39 39 76 70 30 49 54 92 9 69 35 42 75 59 21 63 27 52 12 57 77 79 5 76 58 
54 46 11 26 11 45 64 38 11 30 81 39 38 59 56 98 34 72 74 74 46 96 15 47 61 20 45 90 24 22 
8 11 45 78 30 99 95 14 64 5 12 86 82 3 9 58 13 90 76 98 13 24 49 59 31 73 74 21 20 4 
82 3 88 27 97 36 98 79 68 31 45 6 30 51 97 89 95 90 21 23 94 35 82 4 60 60 43 92 2 41 
7 4 81 46 34 42 33 80 9 67 61 50 96 70 16 78 37 73 2 79 33 38 14 46 32 5 7 8 84 48 
60 38 90 17 54 57 7 60 1 14 82 66 23 48 81 87 7 22 41 38 38 34 61 56 72 17 82 96 72 65 
88 46 10 26 40 71 96 91 91 73 41 52 79 90 26 14 89 77 58 94 15 3 95 44 98 63 61 4 46 11 
32 47 85 98 65 89 39 51 46 13 8 82 96 63 20 79 81 89 3 3 16 29 33 12 98 36 22 93 61 6 
5 14 24 28 69 51 81 66 19 89 50 85 27 80 49 70 63 71 54 53 26 75 47 86 99 63 69 31 50 41 
27 64 48 93 49 77 38 2 6 51 16 88 29 50 65 4 40 69 83 8 89 37 77 39 16 74 19 24 32 99 
8 17 82 17 37 92 2 89 76 13 97 40 44 35 39 7 73 93 52 91 64 84 53 97 24 52 17 61 46 1 
91 22 45 29 78 59 35 37 87 51 93 98 37 26 10 37 84 28 66 21 66 65 49 37 95 28 55 71 84 46 
17 17 41 52 29 10 35 5 24 64 12 5 56 56 90 66 17 58 30 43 84 43 38 46 7 30 58 87 47 32 
84 85 44 76 74 72 51 56 20 82 90 24 67 96 30 66 25 2 63 89 19 55 48 92 53 9 30 44 85 79 
84 75 10 55 83 3 35 3 81 64 80 25 2 39 89 1 11 52 59 51 79 58 99 95 17 20 15 25 47 64 
86 19 19 2 19 65 89 6 51 49 44 45 43 54 58 27 19 46 31 20 36 2 50 59 71 8 99 4 38 90 
50 48 18 54 17 73 53 41 31 50 29 69 41 78 41 84 86 87 4 9 94 48 31 28 39 43 39 1 37 90 
87 25 49 57 48 81 71 88 36 9 13 77 48 98 5 68 41 84 87 23 35 42 39 25 59 16 28 93 96 76 
39 73 34 75 57 13 7 54 24 31 34 43 28 63 23 71 93 50 37 65 54 79 88 61 39 78 81 23 84 58 
7 10 96 73 28 49 24 67 34 96 65 43 77 41 29 14 67 41 83 29 97 35 5 47 41 86 79 26 52 5 
9 80 26 20 64 31 17 65 74 69 89 32 70 7 53 5 96 80 78 92 8 52 56 98 94 17 49 64 31 36 
23 75 19 58 75 74 37 69 70 26 19 40 66 29 51 75 85 66 99 93 2 85 85 70 60 30 40 47 37 64 
14 7 89 47 33 44 11 34 51 79 60 46 34 79 39 63 89 84 19 13 99 80 50 98 49 21 93 61 88 84 
74 38 61 18 40 31 6 23 47 40 4 7 16 2 98 10 89 48 60 51 47 38 58 48 25 22 41 52 52 64 
11 89 92 94 72 89 67 16 67 75 98 17 9 48 3 20 86 46 17 16 23 12 11 83 69 14 47 80 55 3 
15 72 46 14 39 98 16 79 81 49 83 48 88 31 50 74 82 88 14 22 40 4 49 68 42 37 3 43 82 85 
47 35 48 67 41 12 87 79 54 55 80 6 58 26 31 57 97 25 16 87 42 62 5 61 27 67 97 82 97 92 
1 26 18 73 63 60 36 65 66 90 39 35 33 27 41 3 72 74 36 52 84 26 66 18 66 35 3 79 92 5 
40 4 83 25 31 46 15 48 31 50 99 8 3 67 59 15 77 27 51 85 50 65 87 47 75 19 44 4 78 21 
40 84 4 79 35 49 25 48 35 26 48 2 76 84 3 96 93 62 40 60 27 89 71 44 62 24 43 25 98 67 
8 97 78 69 28 26 13 27 10 44 43 39 56 7 78 21 46 3 27 63 29 87 4 79 40 19 83 74 68 1 
27 89 92 53 41 82 82 70 75 28 81 11 34 80 63 21 33 91 3 81 6 17 70 68 47 85 97 84 86 99 
88 56 75 46 30 38 72 17 91 39 87 83 81 75 43 67 52 95 39 60 97 67 4 78 64 86 92 65 49 92 
17 4 32 76 4 89 42 53 86 58 76 37 51 58 13 68 96 27 56 98 38 76 30 46 80 9 92 19 60 90 
6 32 43 27 76 85 80 85 21 84 26 58 80 76 98 11 88 21 8 99 46 7 44 92 75 23 40 46 17 20 
23 99 58 36 94 64 54 60 48 31 53 8 10 46 6 32 95 23 7 19 26 29 5 32 48 91 85 40 99 46 
18 9 29 27 85 74 44 36 80 89 53 91 39 7 51 65 12 22 91 92 96 46 77 5 39 26 84 89 98 23 
91 47 23 97 58 57 28 34 12 65 28 69 78 12 10 78 57 57 29 37 77 73 89 18 97 76 67 61 19 3 
81 55 76 54 96 36 98 57 46 13 22 11 96 96 19 55 8 26 72 13 27 14 25 63 36 82 65 44 60 88 
41 19 57 85 50 82 38 59 40 22 55 66 44 89 50 40 61 81 88 76 19 63 40 89 56 14 67 50 40 93 
25 13 13 32 45 3 19 84 51 72 5 20 26 89 50 3 84 20 33 98 66 21 81 51 78 21 96 30 57 30 
53 15 38 36 91 47 76 30 61 61 75 90 6 6 63 16 58 23 48 61 50 21 61 6 38 22 8 19 86 66 
51 3 90 26 77 55 17 93 61 56 82 78 70 9 98 83 89 26 76 43 31 17 53 7 7 93 59 11 78 26 
11 79 95 4 76 75 24 47 91 30 14 41 37 6 33 12 46 24 1 6 15 10 17 47 42 77 8 36 67 40 
39 9 20 96 10 9 28 8 17 35 71 27 51 67 45 52 33 44 55 54 4 54 20 86 23 79 6 83 31 96 
22 5 37 86 64 15 50 21 57 85 44 97 1 66 21 10 78 26 9 78 65 93 51 76 96 35 70 54 91 97 
2 19 56 26 21 62 26 84 25 20 25 54 39 14 19 61 76 48 82 40 83 51 7 55 53 21 97 61 80 84 
4 32 40 1 34 35 63 32 42 49 32 77 51 54 16 31 79 93 54 70 49 80 55 37 87 34 91 41 12 60 
46 30 95 26 31 18 99 32 95 56 45 72 92 67 92 13 86 75 90 99 39 95 21 12 19 57 42 7 60 60 
80 78 14 52 55 75 4 70 65 63 48 19 34 63 16 40 58 2 69 84 59 34 89 30 43 60 66 64 84 13 
65 79 68 37 69 78 76 63 59 12 23 38 77 63 98 94 90 63 63 25 34 27 13 13 74 13 36 94 18 85 
78 11 33 53 75 56 77 2 28 99 87 70 49 45 1 83 77 21 16 28 63 19 66 45 27 89 92 6 6 99 
62 5 97 67 32 88 78 13 4 70 40 94 43 68 10 50 70 84 73 77 52 67 56 89 79 91 7 69 39 94 
35 38 40 64 19 51 59 3 93 67 3 21 31 13 54 31 19 34 71 42 99 67 54 8 27 37 45 48 54 56 
37 40 58 15 64 74 53 67 86 19 53 47 45 85 53 19 95 53 29 25 99 69 18 80 63 43 30 72 53 82 
19 97 5 90 36 84 3 17 94 5 99 33 5 95 74 1 20 12 34 66 13 70 93 3 4 93 29 35 93 94 
24 41 52 68 51 96 44 14 33 65 69 59 2 99 4 72 49 48 67 84 56 74 64 42 64 85 10 78 16 10 
60 57 67 73 77 11 82 2 92 20 44 45 28 96 82 27 77 72 17 73 61 54 62 22 67 25 33 95 65 42 
65 8 30 66 62 63 96 39 70 26 71 35 21 16 32 70 94 85 89 37 70 33 18 31 14 11 25 5 67 74 
70 92 37 28 86 40 34 14 77 23 63 35 9 60 19 70 91 98 66 14 30 81 46 59 99 51 74 19 11 5 
90 62 72 89 96 8 83 89 98 57 14 50 99 50 12 56 57 44 68 15 29 67 26 50 82 71 89 11 90 34 
45 58 74 65 54 60 77 94 63 16 26 17 95 64 26 61 25 2 94 42 16 50 66 99 46 3 90 72 94 86 
80 9 33 51 16 82 44 73 44 35 17 82 70 78 99 36 37 49 91 32 14 71 38 67 2 24 59 83 81 86 
3 26 50 84 60 38 14 59 9 20 39 53 95 63 41 80 53 99 33 13 88 16 72 25 28 10 40 92 42 60 
24 56 89 79 54 73 81 22 27 52 95 17 9 36 78 91 53 51 88 89 72 89 63 88 8 75 36 48 82 94 
98 16 22 21 1 30 11 74 3 88 92 95 10 15 18 45 29 95 5 57 56 35 53 51 36 88 72 5 7 40 
26 40 41 36 1 46 13 85 11 98 62 13 90 12 56 63 15 58 56 8 36 96 96 40 95 24 21 84 2 42 
3 44 21 77 6 12 72 2 46 44 79 62 86 13 15 66 4 17 32 50 2 22 75 87 75 64 2 33 38 76 
54 66 30 76 39 29 88 90 56 21 46 71 35 3 66 22 36 8 23 17 20 34 94 32 40 60 59 35 28 56 
39 24 33 22 78 58 69 68 52 88 63 26 3 12 11 51 6 49 17 89 46 21 71 97 94 51 63 68 33 22 
71 26 13 6 55 93 80 98 70 97 44 52 15 53 99 45 77 10 26 39 24 35 23 56 86 50 22 78 82 28 
46 70 90 26 3 51 18 83 22 65 81 27 37 3 3 84 97 37 76 38 78 16 16 96 23 45 9 87 82 38 
70 96 46 83 19 26 39 11 59 40 65 88 38 67 16 37 38 65 99 83 93 27 53 40 43 1 90 42 77 75 
14 94 33 71 11 44 13 24 75 48 95 91 4 47 80 3 72 13 47 41 86 9 9 57 5 49 17 16 88 55 
85 6 90 64 48 7 12 25 19 51 78 95 84 56 18 64 65 48 21 89 93 37 94 12 95 96 39 99 5 71 
90 10 17 72 10 99 65 42 38 25 74 71 8 2 44 56 78 58 39 60 33 57 50 72 93 44 50 99 2 42 
66 83 33 69 65 92 7 87 8 16 27 87 30 27 17 89 45 56 17 69 66 62 18 49 5 96 24 43 16 1 
25 12 63 61 27 64 52 31 37 57 18 87 22 60 16 58 19 38 27 83 57 14 77 66 83 52 34 63 61 69 
78 45 82 59 81 18 14 41 98 61 82 18 86 53 42 23 30 84 40 85 85 49 71 67 64 84 17 9 56 59 
15 13 57 56 43 35 54 74 63 54 92 80 2 29 29 15 6 97 35 79 22 55 34 97 84 61 72 86 62 12 
28 14 12 15 53 82 41 42 1 14 46 35 48 49 88 48 38 85 61 9 15 49 68 23 78 1 22 87 20 82 
44 40 90 43 15 42 98 61 56 53 21 44 83 4 5 64 13 17 10 95 46 80 38 49 27 64 79 83 8 15 
31 7 7 40 12 28 53 36 22 46 53 26 24 80 36 20 1 63 78 60 23 77 27 2 32 54 85 91 25 55 
19 75 2 47 58 73 41 1 15 30 98 77 51 57 36 75 52 95 40 12 64 44 58 51 32 13 98 55 14 36 
17 2 47 57 30 17 23 88 29 7 48 2 11 45 72 44 58 44 66 52 22 36 90 24 56 24 23 57 6 48 
61 9 78 60 24 12 84 9 88 26 7 13 63 12 80 73 83 81 98 83 62 45 87 2 13 21 23 68 54 12 
85 83 85 61 41 64 28 29 56 26 38 67 30 99 55 24 16 47 60 51 62 45 32 21 90 43 44 18 52 24 
82 13 61 79 36 25 58 17 9 56 72 22 31 91 18 15 30 80 55 34 38 65 25 29 46 89 23 28 27 34 
92 76 63 53 80 15 95 66 85 55 88 13 14 50 54 56 30 50 54 68 77 78 37 77 52 28 78 45 81 69 
48 44 66 6 6 67 35 97 30 85 60 10 93 75 61 39 3 15 57 14 73 39 37 6 1 96 41 79 64 95 
2 9 76 81 10 56 21 17 81 57 79 90 96 44 32 27 72 26 35 67 41 96 9 45 6 3 20 35 24 67 
86 48 99 87 87 28 93 19 7 16 27 97 50 32 90 89 48 87 18 61 26 18 74 98 54 9 53 61 11 77 
97 81 96 95 97 80 6 25 64 35 67 94 60 35 26 96 59 1 27 72 48 62 54 63 59 62 89 81 30 76 
23 92 26 23 97 74 82 53 88 7 95 30 38 8 68 41 48 5 84 21 85 33 78 30 31 87 84 2 55 52 
37 13 57 55 31 59 80 72 7 33 46 87 81 7 5 85 89 42 2 52 49 96 34 30 78 91 54 90 29 15 
64 66 97 8 44 74 36 60 83 54 47 27 56 64 27 91 19 56 60 16 3 40 65 57 20 30 27 6 82 99 
23 18 75 98 15 52 31 4 70 68 67 19 6 50 44 45 94 41 32 7 69 51 15 90 15 61 17 44 20 33 
98 79 1 44 76 81 79 48 70 20 49 17 24 20 63 76 77 81 1 36 59 12 97 67 12 2 69 93 63 88 
18 3 71 74 18 6 87 34 97 67 13 82 67 92 72 34 89 34 18 91 75 30 26 22 35 21 44 79 17 4 
53 7 83 12 53 73 93 49 27 87 2 36 56 71 49 20 21 64 84 34 31 13 51 85 41 55 70 74 32 70 
15 96 25 23 35 85 57 3 6 39 53 56 28 92 85 6 65 67 99 86 48 5 81 65 16 36 67 27 61 48 
19 19 36 68 24 22 90 44 90 6 78 7 38 62 98 19 35 63 89 99 98 14 86 81 72 82 23 71 73 83 
64 39 91 47 99 54 63 93 78 57 59 65 20 43 40 47 85 14 5 52 44 88 63 31 43 87 7 18 73 8 
12 65 89 99 94 17 46 97 5 75 35 43 16 16 4 67 69 95 4 58 56 69 67 34 76 32 8 71 56 19 
11 81 99 36 1 3 69 56 66 46 94 70 43 88 79 63 14 52 89 27 97 50 47 75 40 93 43 9 76 46 
21 29 48 35 27 97 75 73 61 45 23 19 58 21 53 14 76 59 93 19 94 16 97 32 25 77 49 3 13 76 
53 82 89 4 53 85 66 99 23 15 87 70 91 34 62 3 7 61 58 5 56 65 8 43 21 10 25 41 76 68 
66 34 19 41 80 48 27 32 2 32 13 14 54 16 69 32 25 62 25 11 71 31 18 35 51 20 34 83 86 14 
6 26 85 21 70 38 4 43 78 21 58 2 86 72 57 48 85 76 42 9 25 82 57 8 81 60 66 29 63 53 
93 15 57 50 80 56 28 62 5 19 5 67 69 90 13 64 17 73 67 15 84 87 63 16 6 4 42 44 42 41 
27 19 97 20 17 38 4 57 3 93 71 92 70 67 11 6 7 49 9 47 21 21 70 87 77 73 46 7 87 57 
5 54 8 43 80 77 55 30 88 29 99 18 78 53 40 20 46 90 35 69 15 78 59 97 48 73 33 95 26 26 
6 84 40 72 71 13 67 24 34 20 73 60 6 61 5 46 81 1 83 20 30 45 19 91 55 20 78 79 66 77 
83 77 31 44 80 11 56 87 16 3 2 76 49 69 41 47 24 88 17 52 75 70 7 88 65 91 89 7 93 75 
49 60 5 5 91 67 56 91 7 4 63 31 28 62 8 46 83 2 57 31 87 85 54 24 28 12 59 79 27 55 
80 29 24 14 41 33 60 97 81 29 86 58 84 15 48 54 32 49 26 83 77 77 42 63 35 53 22 38 71 27 
83 27 68 21 85 32 68 17 88 70 83 58 80 99 84 87 30 24 94 29 90 71 66 86 76 72 19 56 55 41 
25 60 31 54 32 68 85 17 69 59 52 24 97 49 22 40 57 74 48 55 76 58 43 75 45 24 77 66 23 6 
17 4 34 36 79 66 71 47 36 24 35 17 22 38 71 23 96 70 54 33 68 37 21 55 68 31 9 69 91 85 
21 46 10 64 63 98 86 34 85 21 53 42 41 14 49 38 3 16 96 48 69 3 98 34 72 49 40 29 56 13 
88 55 11 76 73 72 80 6 18 6 96 60 52 45 73 75 1 99 81 29 16 32 1 57 70 89 64 54 53 8 
27 4 54 97 97 68 54 98 75 42 26 47 20 87 62 3 70 42 53 19 30 24 92 65 34 2 25 24 42 50 
22 49 89 62 3 53 2 86 7 5 94 36 17 11 69 94 43 24 43 90 44 19 20 1 8 7 35 92 1 95 