30 241
10 46 73 52 32 82 68 9 26 34 85 45 57 53 53 1 92 17 7 62 86 53 76 20 19 77 20 49 72 7 
26 8 12 25 7 53 3 4 57 73 48 44 71 96 16 81 31 52 38 85 1 78 97 39 69 58 99 37 26 8 
69 14 8 71 85 35 34 12 35 87 82 44 54 9 30 4 45 81 13 27 99 95 87 56 20 99 93 25 18 36 
83 62 64 77 9 94 16 55 34 33 55 91 9 44 64 20 28 25 22 45 65 57 45 4 22 73 35 34 69 37 
70 1 42 42 56 53 26 26 69 43 66 57 17 5 96 16 25 18 58 74 59 65 51 76 7 80 63 73 53 45 
26 6 4 79 14 93 45 57 83 21 37 24 30 42 13 19 57 69 60 12 84 27 78 59 21 25 87 4 67 27 
65 46 89 34 88 33 93 48 99 46 86 89 17 11 85 78 88 81 87 37 97 80 59 97 59 45 38 91 62 27 
91 71 94 8 55 89 62 44 50 84 13 64 9 51 13 49 20 52 54 75 19 91 65 62 65 66 96 11 8 52 
59 99 30 91 54 56 25 65 43 85 89 50 3 46 55 97 72 75 87 32 84 33 82 70 19 62 54 25 24 83 
66 43 34 27 46 65 12 67 62 33 90 91 29 50 88 23 65 86 11 8 38 66 58 2 88 93 59 3 18 48 
12 12 2 63 42 1 37 51 49 49 61 56 65 18 40 98 60 29 76 98 47 86 96 42 59 86 26 80 52 75 
13 96 60 92 40 74 72 91 79 13 30 40 48 42 68 2 14 79 51 90 33 94 65 88 20 39 18 62 24 4 
84 52 10 2 35 38 35 92 34 48 53 88 11 43 62 70 38 98 19 11 59 96 19 53 88 29 99 29 37 42 
94 43 45 44 23 36 14 88 64 19 23 47 4 98 42 1 63 32 71 5 35 24 98 94 35 47 90 2 29 27 
14 55 96 38 57 97 16 67 67 20 41 51 40 49 47 4 64 66 33 71 99 50 34 70 35 2 81 25 12 48 
7 65 91 59 7 69 36 6 16 17 74 25 18 94 30 4 74 3 79 66 49 72 82 84 61 72 99 54 33 8 
55 72 2 59 75 98 82 62 91 90 70 56 69 70 82 28 83 90 23 6 92 97 97 59 21 78 1 62 42 18 
37 75 67 42 87 13 16 94 38 94 32 95 32 96 40 65 59 86 26 18 96 52 33 3 5 78 11 61 26 30 
46 38 9 82 46 49 71 50 64 40 39 91 73 27 2 37 31 96 58 46 53 39 81 57 63 15 43 70 80 91 
84 78 83 93 53 92 63 53 91 16 29 71 18 94 64 69 8 20 72 82 59 16 24 43 14 21 18 25 47 9 
61 5 13 14 74 81 13 60 69 19 48 42 47 65 35 99 47 95 76 31 72 64 37 64 99 13 29 54 6 5 
47 67 19 56 10 67 99 78 37 20 80 84 64 74 82 11 96 78 95 26 32 58 29 35 18 87 12 90 64 51 
5 69 41 79 3 20 19 48 95 72 12 46 22 93 23 95 87 69 98 47 21 13 73 74 84 56 55 9 73 19 
15 85 18 7 44 17 68 20 30 11 72 76 19 36 74 71 73 39 55 64 68 72 50 1 48 50 51 20 5 32 
87 97 77 57 65 5 33 31 84 94 10 32 13 42 10 52 73 32 29 61 14 21 49 78 59 72 28 12 13 34 
98 18 28 64 25 65 73 12 34 43 71 2 77 20 91 10 12 79 51 94 71 33 12 28 84 45 87 75 38 10 
48 63 46 69 93 45 21 11 18 72 34 60 70 1 12 93 2 72 1 97 25 86 17 18 44 3 56 38 4 60 
99 56 11 10 36 46 3 71 35 75 19 1 49 99 57 17 81 13 48 47 36 10 89 55 69 40 57 87 8 8 
6 76 11 56 93 47 43 74 17 98 83 42 65 64 59 49 79 73 38 98 98 48 16 35 69 7 54 36 50 19 
30 70 24 23 26 65 52 56 73 79 57 72 76 67 80 29 90 86 80 17 72 51 16 12 2 99 71 45 84 73 
5 12 30 89 11 11 8 71 81 59 15 74 74 23 41 42 69 53 12 67 33 8 80 87 19 54 95 17 46 99 
84 2 90 73 19 51 6 45 3 55 93 33 58 58 88 73 80 4 16 66 61 37 5 80 98 66 30 60 49 59 
54 1 65 16 16 37 78 81 9 14 39 91 44 67 46 1 34 37 90 27 63 54 56 18 96 85 78 53 18 87 
72 90 37 95 71 50 23 79 9 91 86 33 29 28 94 88 21 79 14 75 47 58 69 69 14 8 84 46 33 20 
83 86 22 40 57 73 85 34 45 12 19 67 8 33 2 96 71 46 7 85 88 53 49 77 67 12 88 9 63 59 
20 70 3 21 28 17 33 66 86 77 71 25 35 44 29 55 34 80 78 94 43 79 48 67 62 46 48 96 84 29 
14 40 51 48 45 26 53 79 90 21 79 12 31 49 44 60 53 27 9 19 87 92 70 93 8 97 13 82 57 46 
11 33 46 22 60 73 51 3 63 65 46 88 71 34 88 80 17 88 77 46 98 40 87 92 96 23 90 56 48 31 
63 83 94 30 37 69 49 36 61 26 80 48 96 89 4 38 76 98 44 27 61 16 39 87 12 20 6 32 23 4 
99 84 88 53 22 43 7 68 36 84 76 4 3 95 46 7 39 50 99 41 54 70 97 13 2 7 2 91 73 75 
79 21 35 44 90 65 31 11 13 22 37 72 9 42 84 67 47 48 3 66 30 64 48 9 14 23 57 89 81 28 
21 13 95 64 99 77 12 37 53 82 18 52 21 1 82 50 41 16 80 18 26 5 59 20 78 34 35 39 13 73 
86 43 41 93 69 13 73 17 71 23 22 24 65 64 53 66 24 54 96 38 59 98 15 55 60 24 88 41 38 52 
97 86 35 99 74 92 41 40 12 9 30 40 30 94 86 59 62 37 77 11 68 90 53 50 71 83 18 29 58 29 
5 58 18 57 79 18 87 9 45 11 6 55 43 74 26 94 87 84 96 94 6 73 46 75 90 73 44 75 80 23 
2 63 56 8 74 16 43 57 23 61 93 29 94 52 6 58 23 68 98 59 25 93 49 6 21 40 84 33 42 96 
47 5 44 38 44 80 59 35 55 31 10 45 14 60 34 58 70 76 72 49 90 49 68 82 47 21 13 3 37 31 
41 96 72 65 23 23 44 14 37 49 20 54 48 75 26 76 82 44 80 23 67 72 31 43 51 1 41 43 31 55 
79 8 17 59 40 1 98 83 45 81 64 37 6 91 98 51 39 17 56 77 41 99 72 19 88 67 78 26 96 84 
15 37 6 73 5 62 26 5 33 65 49 98 65 2 53 84 13 62 51 16 9 69 95 73 90 42 45 33 48 10 
31 5 29 16 56 28 97 30 81 49 37 44 55 7 89 54 9 10 97 15 97 73 96 53 33 28 48 45 9 63 
20 6 28 13 64 91 20 90 87 79 53 49 71 20 60 32 63 1 21 49 60 50 6 30 84 28 36 52 35 37 
47 52 67 81 68 8 44 66 29 87 95 53 84 80 87 44 89 58 37 5 74 98 6 41 29 81 90 54 39 60 
21 40 81 88 57 19 92 43 77 21 31 22 79 63 62 21 19 2 28 93 43 25 8 25 17 78 73 73 57 52 
42 30 73 96 38 23 27 40 39 62 87 21 55 4 85 28 71 12 59 74 20 59 82 47 71 22 1 51 76 63 
37 77 48 25 76 75 99 25 64 86 11 71 93 87 84 75 21 81 81 25 20 96 61 36 89 60 30 64 88 38 
63 7 21 37 30 99 93 54 40 36 99 13 37 94 27 2 43 5 20 3 74 61 25 37 16 60 73 85 64 85 
22 91 66 66 33 91 2 83 64 27 5 90 69 68 79 10 42 18 88 56 75 38 63 95 88 31 78 31 63 96 
77 10 62 40 39 21 52 62 17 85 94 75 54 17 18 76 17 83 2 73 9 43 97 40 53 21 88 73 47 42 
20 35 79 81 19 83 82 23 38 56 68 38 90 3 88 57 25 48 23 69 26 87 18 9 17 18 45 28 92 13 
46 22 28 8 60 23 39 12 17 35 99 9 88 52 16 63 54 89 29 10 4 66 74 37 18 78 23 69 35 90 
98 98 49 31 86 22 81 55 89 72 30 12 52 2 38 89 26 96 11 17 28 91 1 17 69 17 61 89 72 11 
53 85 52 54 39 18 58 1 24 23 11 26 84 42 49 10 66 17 48 45 98 4 62 52 92 52 5 89 39 52 
24 61 2 88 84 28 6 92 68 46 25 79 94 96 84 59 42 76 59 17 2 51 44 10 14 47 60 64 35 37 
27 70 11 54 85 41 1 28 1 11 74 30 24 60 40 90 67 44 84 2 24 4 90 63 11 25 76 3 33 2 
46 6 10 22 70 57 49 47 50 68 85 65 39 36 61 28 3 25 56 6 73 90 84 4 14 64 42 26 88 38 
27 68 56 45 15 41 95 55 98 2 86 19 39 98 73 24 68 64 15 88 89 56 21 72 85 76 54 66 84 66 
23 70 88 57 67 57 4 17 95 89 37 64 44 16 96 91 15 56 12 24 81 44 75 63 19 64 79 53 90 24 
92 75 62 57 54 23 92 95 84 25 96 86 96 8 87 34 52 94 19 84 85 94 7 39 53 21 83 80 35 78 
81 97 16 10 95 99 51 63 6 66 82 95 27 5 93 30 16 17 56 49 59 20 30 23 91 1 33 10 28 77 
80 83 64 29 93 33 90 81 30 82 53 80 14 8 96 49 45 52 3 71 50 68 27 31 65 59 59 34 80 63 
60 99 68 88 42 42 77 39 69 60 3 40 25 8 69 74 28 39 71 99 10 48 67 65 70 7 23 40 61 84 
45 65 9 5 54 84 16 44 50 11 32 52 21 14 43 20 31 74 64 74 29 77 92 78 2 22 2 47 85 89 
80 70 36 27 19 54 15 70 72 58 86 57 47 29 42 1 56 66 3 92 31 28 64 33 81 56 35 90 66 9 
7 91 81 44 55 38 53 8 56 81 75 2 75 26 74 18 40 16 37 45 40 13 57 57 64 16 4 52 96 24 
74 67 58 69 33 77 13 23 12 94 78 36 80 58 70 91 86 42 84 55 64 26 46 4 27 79 94 4 69 20 
18 99 77 20 23 2 46 39 9 39 3 73 16 98 42 54 55 71 79 2 4 79 25 21 24 87 34 82 9 19 
78 27 94 60 61 39 25 9 64 10 61 33 73 11 69 51 35 98 72 72 79 64 84 35 32 34 40 1 99 80 
71 7 67 57 96 49 26 88 18 71 82 91 83 72 59 71 13 95 61 4 69 57 27 91 34 81 23 32 31 33 
34 46 61 36 89 65 3 72 14 11 23 61 20 94 89 69 22 83 81 89 97 6 47 33 42 22 88 99 15 20 
88 7 80 10 21 77 70 36 68 36 63 64 76 31 60 8 68 37 32 86 50 24 72 80 16 39 36 55 34 65 
96 66 59 65 82 50 21 14 96 49 33 46 72 67 66 69 46 43 87 20 68 42 61 93 79 28 26 36 62 31 
75 55 65 30 40 92 71 92 25 84 13 20 2 55 96 45 57 62 4 66 19 40 53 13 77 2 13 17 71 66 
50 94 37 97 34 2 75 4 51 13 16 59 94 5 54 6 60 30 49 70 98 85 63 68 94 52 46 63 74 44 
79 34 49 2 53 99 62 94 36 98 16 4 16 91 3 41 2 81 8 54 37 91 6 1 33 25 33 72 94 51 
81 38 64 20 89 82 89 1 98 38 48 71 9 81 39 98 9 58 20 88 49 31 20 76 98 75 37 15 25 29 
95 23 61 30 8 10 15 66 19 59 25 21 69 23 64 89 4 24 46 85 2 45 14 62 89 38 14 53 60 90 
56 49 32 30 91 8 92 10 21 5 44 57 60 65 9 43 15 86 18 59 33 69 76 78 93 53 57 67 58 71 
41 33 18 32 44 91 4 62 27 94 13 88 31 75 51 97 52 4 64 7 77 31 32 76 99 55 93 66 18 47 
81 96 2 78 15 29 5 23 61 72 18 69 21 24 37 90 9 39 83 89 17 28 5 74 69 91 19 84 68 5 
10 99 86 30 3 9 26 4 42 10 2 27 62 18 89 32 39 40 49 12 97 3 67 77 20 24 78 45 48 62 
32 82 64 26 46 63 12 58 22 31 19 13 97 67 8 78 99 9 56 62 9 91 74 5 32 47 22 89 22 81 
18 20 94 60 65 21 90 21 30 90 28 57 20 54 77 66 94 68 55 23 44 92 56 62 98 90 83 58 45 31 
98 73 35 56 4 57 55 99 36 52 20 58 55 57 56 98 11 52 17 55 2 80 36 14 45 69 30 57 50 63 
47 92 65 9 96 84 63 94 31 83 49 17 14 20 1 69 20 79 7 74 60 11 45 51 69 11 84 12 38 7 
86 67 82 94 84 22 54 61 36 91 65 49 28 63 41 18 96 16 77 96 31 23 92 97 80 32 1 10 39 3 
50 31 55 97 40 28 22 43 71 23 98 58 87 41 23 39 21 76 90 88 39 2 64 68 28 42 24 52 84 6 
43 8 41 42 36 29 79 21 53 1 22 70 51 79 86 3 63 64 31 37 75 28 10 64 65 76 1 79 68 59 
78 29 73 96 47 24 17 52 64 22 2 83 60 72 9 98 15 87 16 53 14 28 65 38 58 76 6 71 19 85 
28 45 87 77 2 41 29 62 20 23 83 53 11 28 93 37 52 88 67 23 19 20 73 22 32 56 96 16 68 53 
48 97 97 48 45 42 15 42 60 52 66 79 87 34 94 76 36 65 50 97 37 57 93 72 92 14 35 74 80 96 
70 83 2 57 73 26 28 61 89 58 93 20 50 16 41 56 28 25 75 67 91 58 66 23 68 32 93 32 1 42 
11 77 11 24 4 41 24 54 59 27 63 60 44 28 25 51 78 91 21 95 65 35 70 82 80 1 35 5 66 55 
11 56 55 33 26 30 45 21 78 8 10 91 31 49 85 45 92 30 5 10 99 39 58 90 88 76 25 90 64 87 
22 34 12 31 46 34 64 31 98 63 10 14 49 65 85 33 61 70 65 94 18 83 94 97 76 38 36 71 23 92 
68 83 96 53 35 61 26 81 95 96 72 73 12 25 3 27 76 20 6 58 25 28 2 80 49 30 67 73 41 77 
39 82 18 83 33 85 94 7 41 17 72 23 21 85 13 8 66 32 67 61 39 92 60 51 74 80 2 80 6 84 
82 36 28 48 1 88 44 27 65 96 94 29 24 37 98 1 22 1 1 67 63 11 89 5 36 32 81 7 78 41 
75 59 24 43 18 99 71 77 8 80 63 80 82 27 70 75 97 32 63 34 73 19 24 86 82 65 25 43 34 5 
38 2 72 28 40 32 78 29 76 72 36 75 61 73 15 54 3 75 59 41 62 94 14 56 19 76 31 41 90 17 
54 95 95 67 5 47 87 90 23 94 24 31 19 68 25 10 67 59 82 16 77 20 88 40 93 23 99 93 67 58 
59 8 1 35 1 74 77 69 81 53 13 60 40 16 31 63 98 62 48 24 39 64 77 98 53 80 13 21 85 93 
20 79 42 26 62 64 97 24 2 50 12 85 82 87 5 64 10 84 51 83 18 76 94 73 92 65 30 76 46 34 
50 21 6 80 23 40 75 22 28 50 76 11 64 40 35 88 40 96 76 52 28 5 8 62 63 1 6 45 36 82 
6 80 48 65 19 23 50 21 10 58 27 37 25 57 40 54 2 60 97 51 1 51 31 42 34 12 6 26 48 96 
95 45 43 31 12 63 50 84 9 23 86 38 18 21 81 73 24 58 46 99 78 12 98 7 56 3 39 79 49 28 
36 13 67 36 30 53 24 68 22 20 90 77 42 78 75 17 29 37 90 52 71 92 7 99 70 9 16 27 6 3 
70 91 28 87 26 26 33 87 54 42 99 43 62 84 99 78 34 60 90 73 4 28 40 96 42 17 50 37 94 46 
53 29 98 96 28 3 57 65 84 82 30 97 22 21 10 63 34 44 61 40 81 90 74 19 12 28 71 12 1 81 
1 91 62 38 63 22 33 90 38 46 59 98 21 87 14 10 58 35 85 46 51 51 64 36 32 67 28 37 39 81 
91 70 63 51 47 50 7 89 41 58 62 97 68 55 84 47 5 11 72 30 92 23 6 99 20 30 33 93 23 96 
5 62 7 91 50 98 67 25 78 46 40 99 35 74 83 63 58 73 72 58 15 23 21 96 85 6 90 76 2 93 
24 11 49 43 15 24 42 42 89 63 55 81 16 76 25 27 21 12 1 42 97 28 18 39 68 57 31 10 76 14 
58 24 17 22 25 30 63 1 12 54 66 73 44 95 3 67 51 48 81 93 17 93 56 50 76 90 54 87 5 43 
86 29 32 41 42 19 29 58 4 84 75 81 25 47 87 69 83 88 18 79 60 72 29 37 39 41 89 79 28 31 
61 52 29 64 84 15 79 37 43 79 84 13 59 67 77 85 46 33 27 31 7 74 54 62 2 41 94 35 73 73 
1 70 10 96 33 6 24 76 8 46 13 13 72 45 76 38 29 17 9 96 47 73 80 50 21 22 72 7 82 2 
82 60 96 93 19 34 16 67 96 88 84 49 72 27 86 57 87 78 46 79 13 40 60 98 50 9 59 89 46 97 
34 21 50 97 68 85 11 74 15 25 72 80 27 21 4 4 17 88 58 98 35 67 83 54 66 54 46 19 85 96 
41 43 15 6 64 53 74 47 16 93 93 38 49 1 1 40 20 67 17 91 33 88 34 89 21 76 85 23 15 31 
35 75 16 8 87 1 81 86 19 62 32 39 65 41 26 24 44 44 48 99 15 81 14 69 77 55 81 42 55 56 
7 18 51 94 71 67 19 8 28 42 28 29 89 91 84 39 70 90 47 29 70 12 67 99 34 32 34 7 57 36 
11 74 27 41 11 27 56 54 72 50 73 88 66 60 24 53 29 53 80 24 32 47 15 2 94 13 83 53 2 24 
51 37 71 94 13 42 56 78 90 38 87 14 56 92 55 94 53 42 27 9 63 94 94 53 14 89 55 69 43 33 
55 87 70 17 4 37 17 72 63 12 57 52 13 84 82 33 41 2 97 58 49 97 68 71 12 96 2 97 61 85 
98 40 41 86 11 36 71 98 45 79 42 18 14 44 65 4 84 28 51 69 76 3 5 13 19 10 50 60 74 48 
6 29 97 9 99 2 4 53 18 16 94 88 9 74 8 98 4 75 29 32 12 18 74 20 16 30 60 73 7 24 
1 94 74 11 85 28 6 70 98 65 69 61 7 77 96 96 93 34 24 44 46 48 40 49 39 94 78 91 7 31 
21 46 31 55 20 84 92 22 21 9 44 95 47 91 14 26 69 35 73 9 92 9 3 25 80 88 35 47 60 8 
33 15 93 66 33 75 1 27 17 81 92 7 14 39 55 8 28 98 51 48 15 17 96 75 17 87 88 52 21 55 
9 44 87 15 91 24 97 35 69 9 20 30 18 6 19 93 32 47 47 35 31 53 68 47 76 88 56 98 20 57 
15 92 89 92 9 12 46 48 66 2 27 18 10 80 63 9 21 71 18 95 14 65 75 73 41 57 32 34 25 33 
42 51 83 1 50 99 69 96 33 48 40 97 49 95 51 46 88 82 32 48 50 23 33 34 56 11 3 74 33 81 
75 46 27 75 64 24 76 78 16 31 88 42 43 93 63 90 64 52 94 84 74 41 65 76 42 28 18 5 27 80 
23 54 66 7 69 84 57 37 13 1 6 83 83 33 93 93 33 3 23 35 27 93 85 32 64 61 28 34 67 64 
25 99 11 42 2 70 10 29 20 20 64 76 19 48 65 14 49 35 60 83 69 23 17 88 91 11 60 35 59 59 
28 2 77 23 56 66 13 22 57 2 64 32 23 92 8 40 67 36 58 36 88 1 28 81 43 39 39 43 83 25 
34 89 86 22 47 3 25 80 1 90 80 56 76 50 80 7 1 69 68 89 29 42 42 75 76 12 9 10 4 15 
7 6 95 75 56 74 55 70 60 33 53 29 14 98 9 40 10 1 83 14 80 83 20 79 94 26 4 81 84 28 
21 67 78 44 18 54 33 96 49 76 38 26 60 68 19 25 69 69 51 85 13 21 19 7 16 38 4 18 6 34 
7 95 28 78 9 79 93 54 77 12 57 20 35 38 24 24 58 75 30 60 71 22 2 25 21 32 92 92 49 92 
11 48 44 92 81 76 35 90 89 11 73 72 39 88 70 89 6 24 15 40 56 34 55 79 55 71 97 23 33 48 
87 80 29 61 87 49 38 56 16 57 72 21 84 44 69 2 73 68 16 25 33 18 52 56 78 45 67 54 17 22 
68 90 90 7 96 95 10 5 27 91 64 46 40 72 88 63 36 39 14 71 66 78 43 50 26 16 62 43 85 85 
62 12 44 68 52 87 34 34 17 95 92 93 31 33 94 30 52 44 79 85 58 82 74 44 79 54 85 27 46 69 
79 1 71 25 43 55 59 70 86 3 94 12 71 37 41 95 40 85 43 41 42 60 9 90 99 24 57 46 82 93 
61 19 20 48 1 77 54 70 86 5 42 17 84 53 44 81 10 84 58 25 33 8 5 47 39 16 39 78 88 98 
63 57 74 84 32 97 49 93 57 13 80 87 59 39 74 67 28 48 32 94 17 5 95 90 69 27 22 69 5 1 
87 56 21 78 13 53 64 76 28 11 59 24 7 59 92 64 51 52 12 79 23 59 10 45 67 69 64 85 45 29 
57 89 17 91 25 69 9 36 90 71 78 38 87 90 46 35 13 57 88 65 20 94 22 22 65 66 9 81 14 78 
31 58 91 46 81 43 17 74 45 9 19 83 24 38 45 92 21 47 66 6 11 94 58 89 41 75 66 83 14 77 
85 2 92 36 73 8 27 12 34 8 68 41 10 82 25 27 7 77 8 95 75 35 94 26 63 14 21 66 17 55 
67 40 97 72 67 3 79 66 75 31 40 49 33 22 31 1 68 26 11 22 21 69 58 41 6 22 35 39 95 87 
96 41 63 1 8 64 10 70 75 57 21 10 47 80 96 13 92 88 95 72 67 33 95 6 82 45 88 40 11 69 
68 77 40 77 57 40 74 99 14 91 19 44 14 36 80 43 33 78 65 60 81 57 66 29 76 62 63 79 21 2 
25 39 94 12 91 75 52 91 61 11 2 51 47 40 95 32 95 43 35 27 10 79 21 9 93 26 76 30 35 64 
56 84 80 59 9 70 42 39 34 65 61 33 64 1 14 39 86 16 53 58 47 39 65 69 82 71 14 28 15 61 
38 91 25 60 36 75 6 66 43 59 25 98 60 20 30 95 28 20 41 12 94 79 33 46 19 78 93 69 72 72 
84 26 96 79 98 26 18 71 55 15 33 7 80 94 23 44 68 54 94 23 66 76 53 1 72 53 19 51 17 47 
40 37 92 98 12 34 6 37 62 39 25 35 43 91 73 36 9 7 28 45 50 46 76 80 71 83 72 13 2 77 
44 79 88 95 78 38 65 87 58 64 85 84 40 7 90 21 88 35 45 51 36 46 73 40 60 22 19 93 9 88 
79 87 2 78 6 47 75 77 65 12 96 16 26 54 78 24 8 9 29 47 38 13 58 36 21 33 17 79 45 55 
65 99 64 14 12 4 65 71 48 74 10 99 97 94 26 86 9 76 11 45 95 3 11 16 69 12 40 56 23 96 
21 94 49 91 5 65 77 16 56 8 41 95 25 32 37 9 93 18 80 5 83 60 85 67 4 96 55 62 76 54 
41 31 27 42 17 99 72 80 83 84 19 79 75 65 6 68 20 27 57 5 83 11 37 38 84 84 10 36 15 93 
66 76 71 47 49 10 99 87 24 76 59 76 13 47 32 69 51 12 97 45 54 61 84 11 8 54 89 28 87 71 
93 54 23 2 80 20 36 53 46 49 87 94 90 27 38 11 61 8 85 38 81 62 25 50 37 56 79 27 30 48 
27 37 50 10 41 44 7 28 73 97 87 36 46 25 38 54 68 55 49 91 94 72 29 70 13 33 15 46 1 87 
35 56 50 63 2 52 84 94 43 30 91 98 48 21 52 96 32 23 8 20 63 60 63 70 66 98 8 56 41 77 
31 42 65 54 5 35 71 74 18 12 35 93 62 54 79 79 59 98 3 58 91 76 68 83 5 76 45 27 58 82 
24 63 82 48 8 68 20 25 12 50 67 17 32 5 85 95 11 96 45 45 17 34 51 33 4 41 25 60 68 81 
30 39 89 72 26 4 95 59 74 64 9 29 17 45 95 82 5 67 25 21 4 20 54 7 2 12 91 45 89 90 
24 72 30 91 4 51 85 78 95 82 70 10 65 48 63 48 55 63 34 26 29 38 56 1 48 23 31 22 1 71 
72 83 99 45 14 78 40 7 29 32 14 31 25 97 41 10 3 14 25 80 20 42 26 77 76 40 31 90 85 67 
89 57 24 8 13 81 89 11 23 15 86 7 95 31 43 69 15 83 77 41 19 64 58 16 61 11 28 26 82 95 
16 12 16 65 2 91 40 61 64 39 63 96 22 74 38 64 44 78 79 30 74 92 60 92 44 44 48 28 84 56 
79 9 20 55 2 12 51 73 22 16 33 83 66 56 95 58 41 88 73 86 44 61 75 93 35 28 3 15 34 73 
27 90 44 3 77 26 47 51 19 33 13 65 68 13 52 79 11 66 79 83 87 68 96 18 91 6 73 11 41 66 
26 81 11 20 57 97 31 31 5 28 89 16 18 84 53 99 9 36 58 65 65 38 36 61 15 41 61 68 90 32 
93 28 54 94 34 80 88 45 46 37 14 89 74 32 6 18 71 40 33 68 24 89 31 73 49 11 30 53 4 76 
18 37 76 19 31 59 12 79 76 46 23 92 35 98 33 12 45 48 16 45 87 59 82 37 44 9 82 58 77 7 
64 78 6 17 33 71 93 31 25 17 63 65 25 79 36 26 71 1 52 49 30 92 52 84 58 71 89 41 63 71 
25 38 34 8 78 5 16 82 40 16 63 50 75 6 57 68 14 25 70 91 64 36 74 30 10 64 91 20 66 98 
83 84 42 12 15 97 22 48 66 14 9 46 73 61 53 87 30 73 70 49 53 14 46 83 10 86 45 33 92 40 
73 22 54 20 59 6 35 68 36 43 10 99 52 83 80 73 36 3 71 43 49 89 17 83 23 75 84 61 60 86 
27 93 38 12 88 13 72 10 6 64 21 19 89 46 42 55 79 96 94 97 28 75 83 51 80 81 47 66 86 60 
15 52 89 73 99 4 33 86 32 81 23 77 86 88 84 45 90 38 41 41 82 28 71 95 75 92 65 69 4 81 
15 4 8 95 38 65 5 2 3 40 30 15 62 22 26 31 88 98 39 57 80 43 10 61 44 98 53 71 72 99 
30 66 89 62 92 23 84 5 96 80 68 17 68 42 51 84 45 9 37 95 38 75 57 10 6 5 93 21 53 79 
70 60 35 67 12 80 43 95 16 73 25 9 89 75 87 18 57 48 59 89 32 6 15 57 59 40 52 26 53 79 
84 72 86 96 69 87 40 56 11 70 75 26 87 20 14 55 81 22 65 11 65 50 32 70 18 35 54 66 31 8 
29 5 62 36 28 4 23 98 53 82 6 19 85 74 51 98 58 49 87 46 8 85 66 26 29 54 82 37 12 96 
81 21 89 65 62 36 55 40 91 67 14 96 2 67 37 75 20 70 90 58 98 56 34 6 2 77 70 93 44 50 
24 75 20 28 11 11 85 93 84 95 8 50 21 37 61 76 48 5 95 66 44 34 89 25 18 45 76 54 84 81 
35 22 37 58 73 33 71 36 20 60 33 78 26 89 21 11 43 57 41 54 46 61 80 58 79 52 50 74 15 79 
50 21 43 70 63 57 48 26 60 36 47 89 3 23 48 57 41 72 4 19 57 32 11 2 26 39 32 75 77 89 
93 34 31 15 55 9 33 51 46 1 49 68 88 13 81 50 4 46 50 10 94 21 83 71 71 27 47 26 76 61 
48 37 63 40 1 70 41 7 87 72 19 2 18 66 64 34 74 62 72 80 69 39 65 82 20 65 90 25 50 47 
79 3 33 17 7 37 33 60 17 77 77 31 56 73 15 33 47 42 87 87 99 79 56 56 41 69 93 63 54 35 
7 5 9 5 75 36 99 76 37 21 45 16 59 18 77 69 38 14 1 18 41 83 58 71 9 5 61 88 52 97 
8 48 31 66 97 26 51 29 89 98 11 42 11 2 49 57 34 34 39 13 77 2 43 23 6 61 4 39 50 48 
76 18 17 75 10 1 76 90 69 74 8 52 79 6 39 3 62 36 38 11 24 87 85 69 34 41 88 8 49 49 
19 72 21 98 10 75 55 77 18 42 63 47 39 10 25 63 62 68 48 24 26 68 42 93 31 6 25 49 11 90 
22 53 63 16 67 98 33 60 30 25 86 45 57 69 59 37 49 66 4 3 25 34 33 93 10 72 18 92 12 23 
31 98 48 42 32 62 51 5 71 7 30 13 58 17 23 99 91 33 47 25 59 49 50 93 66 9 81 35 95 75 
57 69 38 92 62 89 37 74 61 16 3 29 80 26 58 82 18 78 50 7 40 77 59 41 33 34 87 82 44 51 
59 43 66 36 79 23 69 12 73 39 11 7 16 10 76 49 82 60 32 24 81 30 18 74 4 71 15 42 37 9 
15 9 60 51 98 56 53 28 83 41 37 72 6 64 43 46 59 2 40 50 67 23 91 74 91 51 36 34 18 15 
32 31 75 61 16 61 14 13 98 59 35 9 7 43 81 86 35 13 20 62 30 50 64 19 82 79 19 61 39 29 
87 70 47 19 86 16 57 68 37 85 2 57 32 13 3 58 90 14 38 37 97 89 20 81 60 17 69 26 43 44 
48 10 61 46 75 90 2 26 24 82 42 19 78 66 43 76 29 65 27 62 73 89 99 48 28 86 23 79 30 33 
37 41 74 25 14 31 76 86 47 28 93 30 63 75 4 64 28 71 41 94 72 71 16 33 57 41 85 99 42 91 
18 53 83 64 5 2 13 29 99 47 65 19 99 48 64 88 48 9 32 66 18 54 30 9 74 28 82 79 64 7 
23 72 74 3 77 69 46 50 9 89 60 16 8 24 26 30 98 65 33 63 38 42 31 63 7 78 77 77 51 14 
25 69 27 44 1 11 29 6 51 48 40 99 94 13 15 10 56 47 13 4 55 69 40 39 49 74 72 58 86 50 
63 35 34 54 52 78 22 54 24 46 57 69 26 21 65 7 83 27 63 13 70 10 30 13 76 55 92 25 70 28 
97 94 38 47 7 59 14 57 60 65 97 76 42 67 63 6 71 48 2 98 64 50 49 87 72 28 74 99 18 44 
76 45 41 88 57 73 53 74 75 23 54 23 7 24 33 45 31 20 83 61 57 74 65 23 21 84 78 88 31 97 
94 5 23 89 24 46 71 77 31 33 97 37 19 34 91 76 97 22 86 77 82 36 54 10 77 29 97 77 79 32 
17 61 81 32 32 25 25 11 23 37 55 8 95 58 74 37 58 17 47 77 84 11 23 38 78 31 64 43 43 35 
11 66 67 17 43 98 4 2 44 30 32 78 14 91 67 43 62 48 72 98 53 97 95 30 70 43 46 28 70 21 
24 65 17 86 22 65 88 12 38 50 74 95 33 56 94 6 32 82 65 90 90 34 47 47 71 86 62 4 93 34 
81 65 20 29 93 10 57 81 19 2 71 15 64 31 49 54 4 89 33 5 17 30 7 18 98 77 33 35 16 76 
16 78 54 29 9 78 29 41 34 75 89 85 80 26 63 70 66 22 90 1 46 85 42 97 12 14 11 33 42 5 
99 20 74 55 40 96 26 63 67 40 62 58 72 73 17 55 41 4 61 99 49 67 70 3 18 11 51 64 92 52 
7 39 43 95 86 2 44 64 26 66 15 64 1 68 1 10 52 55 5 72 53 80 9 23 20 78 38 37 9 5 
6 97 46 88 13 94 77 16 1 56 28 94 33 40 10 92 48 46 54 99 79 55 34 47 43 92 87 59 69 5 
56 78 41 82 47 15 65 10 32 73 45 82 7 61 60 58 41 64 81 93 32 47 57 37 19 75 26 84 92 71 
85 24 72 47 54 31 46 92 65 62 57 14 81 81 9 79 13 5 97 9 43 95 36 31 12 56 39 18 21 97 
23 80 46 87 51 30 13 78 92 12 40 23 31 96 46 35 90 51 43 52 98 86 19 15 75 30 59 52 33 45 
27 59 82 80 8 65 93 90 42 18 98 1 53 99 50 84 49 18 99 24 50 78 77 83 61 65 48 17 39 14 