30 29
79 92 15 24 86 55 51 62 74 68 18 59 43 9 49 63 77 32 27 13 56 82 52 87 10 76 44 64 45 79 
25 30 9 97 39 43 57 23 76 29 60 19 46 85 64 56 35 42 22 28 99 21 1 22 57 99 99 75 88 32 
63 48 59 82 19 30 16 45 59 6 97 33 40 72 12 95 69 40 85 5 94 30 91 82 3 66 12 36 52 80 
71 83 95 32 28 23 6 64 56 67 13 20 71 76 7 24 2 65 79 84 46 36 33 20 14 6 44 55 41 16 
88 33 23 14 2 65 54 23 66 50 48 91 46 11 88 80 11 52 12 4 62 61 25 80 30 91 67 94 95 23 
90 71 22 74 46 41 77 20 93 29 34 79 6 74 14 60 25 25 42 87 34 8 35 43 98 83 87 84 20 79 
87 75 32 63 96 69 7 42 52 86 23 90 10 87 23 99 34 31 73 31 60 56 28 68 36 38 88 53 9 76 
85 1 29 10 82 73 20 57 49 35 50 57 80 39 5 56 95 48 40 91 8 80 5 53 3 56 23 93 35 74 
53 71 71 75 21 76 29 37 26 20 15 11 84 94 51 2 23 71 10 20 51 9 81 44 85 90 53 36 18 27 
48 29 18 84 81 35 90 7 71 84 82 27 28 83 20 66 66 71 53 57 27 15 71 13 5 79 91 34 83 14 
26 94 53 94 58 38 5 30 73 91 87 26 15 3 95 55 84 14 85 43 18 4 1 54 83 19 82 92 59 1 
60 99 53 57 52 94 24 88 6 42 41 78 75 44 58 11 13 8 58 85 16 80 54 60 35 81 99 10 3 50 
42 71 18 93 72 37 24 65 59 47 24 51 4 4 10 49 27 86 24 65 13 74 11 72 57 60 63 73 32 49 
83 23 57 30 10 19 2 58 63 48 89 21 7 60 84 89 62 59 74 92 35 98 21 25 54 61 40 75 34 68 
71 99 43 20 32 55 6 37 30 56 91 50 73 82 55 76 86 49 68 10 68 91 13 7 71 29 40 68 27 17 
92 73 67 42 58 11 68 5 24 1 67 68 13 61 8 1 7 41 22 32 42 90 9 57 35 89 37 67 92 16 
12 71 81 54 8 41 56 5 70 23 65 6 11 95 67 43 85 98 51 5 97 64 27 59 1 17 41 15 1 40 
12 2 70 54 75 20 29 74 29 87 58 20 69 26 93 32 73 91 54 91 16 87 58 56 97 64 11 95 78 25 
36 27 54 57 5 9 26 43 43 9 93 93 17 11 15 69 95 67 36 27 21 3 50 4 60 14 84 23 67 11 
10 62 91 89 11 76 80 60 37 52 9 8 89 7 74 43 47 59 14 61 31 19 99 63 57 94 4 12 25 24 
27 33 7 46 91 24 19 75 99 93 73 16 74 27 97 63 88 7 65 91 86 58 39 21 20 17 4 39 68 29 
17 19 62 59 36 13 16 59 90 73 21 56 2 93 15 15 3 13 99 5 91 67 78 31 70 59 99 92 42 49 
39 70 88 79 20 8 98 6 4 26 49 89 28 58 6 25 51 81 64 48 27 61 71 28 74 93 28 16 3 56 
2 91 75 74 1 13 35 45 41 25 71 64 7 56 43 76 1 84 45 48 27 67 58 99 38 97 17 64 54 20 
39 60 92 58 80 53 7 42 20 21 34 90 4 76 16 59 78 26 89 3 68 86 35 63 85 83 77 33 52 32 
91 7 93 13 10 70 31 28 5 74 99 63 63 82 37 41 65 70 77 24 96 5 25 93 9 69 56 36 83 3 
72 27 44 21 39 99 5 17 77 50 83 43 30 55 94 6 66 95 35 25 77 9 86 6 44 47 34 93 63 18 
53 91 1 77 23 66 81 81 5 19 57 87 91 18 25 30 53 55 30 55 20 83 42 65 77 2 5 23 66 62 
69 94 53 82 44 20 99 29 24 3 21 77 19 2 66 15 93 4 45 13 47 19 8 40 46 50 31 29 35 13 