30 310
79 2 18 17 95 66 2 98 43 53 3 67 62 23 22 80 35 38 81 97 71 88 76 35 30 17 49 84 99 79 
42 15 69 11 28 98 42 2 31 99 36 2 99 38 57 68 31 89 62 19 79 41 64 50 29 62 93 80 92 87 
67 77 43 4 14 66 49 44 1 14 85 86 20 71 85 53 39 4 20 26 58 56 11 9 90 63 82 96 55 9 
34 88 74 56 21 71 1 92 2 65 76 4 88 82 15 69 93 47 47 43 42 18 58 83 5 58 52 5 52 32 
84 30 31 4 7 9 13 74 12 42 13 34 54 12 42 11 84 32 45 67 59 31 33 24 27 13 68 92 88 24 
29 28 91 62 56 29 32 53 90 37 70 29 82 2 92 23 87 95 42 7 13 45 79 84 76 37 28 76 66 34 
13 42 96 33 13 5 88 56 28 45 19 85 13 57 7 84 14 40 63 2 59 40 47 13 38 51 68 36 65 82 
43 38 5 43 9 17 2 12 77 95 7 57 42 68 33 69 91 88 44 62 21 54 54 67 18 62 14 90 49 39 
74 43 79 15 61 33 5 71 53 69 83 97 36 76 98 6 82 38 36 8 23 45 56 77 5 67 40 39 79 64 
20 4 15 9 47 5 24 42 72 35 25 93 89 12 39 52 17 89 72 24 31 68 59 73 70 99 1 7 53 26 
97 8 18 30 54 2 25 51 88 72 57 32 22 75 48 60 20 49 57 7 93 87 72 50 56 99 9 82 50 16 
10 1 12 27 1 58 40 44 52 96 61 33 30 99 76 3 65 56 89 31 38 27 94 85 55 93 1 37 39 20 
72 93 43 77 76 15 43 71 52 83 74 69 51 64 4 84 91 13 19 36 15 95 93 62 98 38 22 99 54 13 
95 95 85 3 53 61 99 88 22 31 46 36 16 25 75 31 47 60 11 63 24 94 44 71 65 57 10 48 72 59 
19 71 84 40 18 22 68 51 72 58 27 53 82 47 77 6 78 59 94 20 58 95 77 87 51 52 7 36 73 65 
27 4 35 41 39 83 60 29 25 44 33 87 86 51 2 90 29 71 50 36 92 66 3 38 29 90 79 18 26 59 
72 32 4 92 62 85 70 5 58 99 35 74 38 64 34 48 86 70 7 6 94 50 99 28 98 6 66 21 88 67 
47 89 17 23 22 46 76 68 43 78 98 45 10 40 47 46 96 91 7 34 75 62 78 38 93 84 76 78 86 41 
13 44 37 54 58 45 43 30 74 97 95 74 61 37 86 56 97 43 36 37 91 10 88 72 21 55 44 81 44 56 
44 45 93 69 85 11 31 38 39 82 20 96 37 21 55 66 31 7 87 97 84 88 99 5 42 12 72 93 43 9 
62 78 81 36 6 71 51 70 86 95 40 38 39 19 90 13 90 24 80 48 61 89 22 44 96 66 94 82 61 99 
21 66 3 53 66 96 43 21 59 24 50 89 48 31 15 82 39 26 30 1 93 84 90 81 15 98 14 70 13 49 
17 44 64 32 17 71 99 27 39 9 78 97 65 93 29 30 11 70 46 7 65 91 81 97 15 4 45 62 51 21 
38 16 22 32 19 95 8 93 32 52 70 43 21 71 19 76 70 31 66 79 84 70 75 23 35 29 83 44 58 72 
87 68 95 87 91 18 94 17 75 91 82 82 2 60 59 59 51 40 53 24 64 49 58 77 1 14 19 63 16 56 
22 64 95 22 89 3 78 93 62 36 37 26 50 61 9 89 56 83 69 20 92 64 42 67 12 31 90 23 22 38 
67 76 11 35 4 90 49 29 16 70 19 10 46 30 70 6 29 68 29 49 41 77 80 9 72 56 9 82 85 34 
95 8 34 54 81 37 60 25 44 46 61 19 40 88 42 42 87 45 98 60 58 12 14 56 41 70 87 46 68 63 
2 42 4 66 93 73 31 52 30 77 72 64 76 22 1 41 66 29 90 71 55 12 90 89 55 30 95 75 51 74 
12 83 87 90 53 91 5 59 5 84 82 51 37 32 58 89 31 76 35 66 98 47 62 10 15 34 35 54 62 31 
84 80 36 22 50 86 62 52 52 61 56 14 48 24 45 64 61 68 97 55 58 10 81 47 43 31 28 68 89 38 
43 70 47 89 75 66 64 67 4 37 93 12 83 20 41 26 72 94 22 9 26 47 77 28 63 48 25 95 91 94 
19 84 86 3 43 75 66 8 6 64 92 3 19 42 94 17 97 89 89 28 35 78 78 3 14 66 49 5 71 89 
72 51 6 72 8 19 46 74 3 64 35 45 47 64 66 31 86 74 77 13 14 14 80 80 21 34 79 73 98 87 
55 32 81 4 97 65 86 70 91 22 77 90 62 32 69 67 95 44 62 17 45 34 66 4 33 83 32 3 59 8 
37 82 3 66 3 5 15 81 48 29 94 8 85 92 61 76 54 95 55 46 88 34 57 35 92 34 76 91 36 15 
49 9 64 26 58 88 11 37 91 19 40 21 53 83 75 31 34 42 4 37 20 19 94 63 65 54 58 44 68 63 
32 15 22 38 91 62 88 33 13 63 64 44 24 88 77 41 67 25 17 47 87 26 90 75 79 79 22 48 7 86 
57 65 70 7 79 65 60 60 68 76 29 46 96 47 65 7 50 90 49 30 81 50 89 3 75 93 90 37 75 43 
3 25 58 51 5 14 61 95 58 52 69 85 23 70 77 70 75 80 74 5 35 34 59 55 52 85 33 61 5 4 
29 31 34 8 63 13 87 33 7 93 69 23 81 26 60 99 85 11 32 54 6 2 79 75 79 92 9 19 98 64 
29 77 2 84 37 39 9 41 36 7 51 93 67 41 75 36 56 31 90 7 22 90 15 24 52 55 36 63 49 48 
58 21 24 70 37 99 19 70 22 77 18 61 7 17 27 3 90 95 29 88 43 96 88 47 4 56 72 53 60 92 
92 98 64 91 81 94 77 83 6 11 72 92 3 24 57 35 94 66 35 3 40 2 28 56 36 20 40 78 8 19 
82 62 92 1 94 46 79 13 11 92 82 60 76 49 76 89 66 54 7 17 56 46 47 12 78 82 57 28 80 60 
23 38 41 71 42 21 85 20 44 77 71 77 63 88 80 94 54 10 53 76 74 45 70 39 61 65 32 59 75 9 
81 70 14 68 25 33 34 24 22 44 98 63 36 20 43 58 3 30 22 76 26 37 45 33 27 26 68 63 79 45 
92 16 19 92 46 12 73 78 11 22 37 10 33 72 81 66 78 76 17 17 37 20 99 11 38 30 28 92 16 13 
14 21 66 3 8 85 31 84 85 59 85 84 22 74 88 31 27 62 15 54 61 63 19 71 86 48 74 3 20 7 
84 96 51 41 76 91 49 1 51 83 91 58 62 23 67 64 43 17 60 70 22 86 38 15 7 50 21 95 32 50 
77 79 82 85 64 74 92 58 18 98 19 39 90 88 32 62 32 96 70 18 23 80 35 93 74 19 71 72 97 87 
10 58 66 66 89 47 48 89 14 38 30 57 8 56 21 14 59 24 74 86 4 22 64 45 54 91 55 14 96 3 
32 44 20 84 37 37 24 27 71 42 34 3 55 14 55 84 4 11 94 14 13 18 7 29 65 44 67 30 95 95 
30 28 45 51 67 84 7 13 61 39 99 57 61 55 89 19 59 44 33 34 16 68 56 89 27 24 5 70 10 82 
36 70 17 29 96 65 64 32 20 19 9 60 90 89 82 22 35 81 32 85 25 46 71 10 52 25 57 40 97 96 
33 69 79 6 26 44 29 70 83 11 93 51 55 74 61 24 24 68 34 14 72 23 94 4 30 63 27 36 42 50 
19 79 91 50 81 71 41 21 57 40 18 66 8 63 38 97 49 92 95 25 76 9 84 71 54 30 59 4 72 3 
28 23 59 62 53 66 30 95 74 32 45 83 47 68 39 85 1 65 65 3 14 69 49 38 88 73 64 28 13 87 
91 49 10 38 49 31 44 90 17 55 17 94 13 24 74 61 30 77 94 50 40 88 33 7 78 49 80 22 56 43 
58 48 36 18 44 59 5 68 20 59 42 38 68 85 77 39 79 83 84 35 46 44 8 11 34 66 61 74 93 18 
14 48 2 39 29 85 41 60 90 9 15 75 21 57 86 37 70 80 98 38 97 82 9 11 45 87 74 50 24 28 
31 74 33 34 83 46 38 50 46 55 17 5 83 95 64 90 32 59 12 31 43 9 24 37 75 8 59 38 30 13 
79 48 40 50 50 46 98 51 89 6 60 21 72 98 44 78 98 13 6 22 59 76 28 35 3 37 69 37 55 20 
91 79 12 82 92 3 52 47 81 46 25 88 95 94 38 63 92 97 22 76 31 86 18 13 55 76 4 25 6 89 
20 53 69 65 15 87 97 66 9 22 60 10 77 97 70 78 53 51 11 50 76 87 40 12 53 77 54 66 50 20 
64 40 55 58 76 34 43 81 1 38 54 50 74 52 37 5 41 16 54 21 71 49 98 56 2 8 16 20 25 87 
84 29 30 90 99 5 37 14 65 65 93 31 58 84 90 22 3 96 36 89 16 51 64 28 92 44 98 51 47 61 
50 74 44 69 70 16 19 83 22 35 74 27 95 25 51 71 6 73 24 93 71 98 77 64 61 37 98 70 48 22 
31 61 14 43 15 68 44 85 31 62 34 88 84 78 74 11 94 4 36 48 60 82 90 47 50 35 50 41 10 60 
5 17 48 42 2 36 60 2 7 52 8 87 57 85 80 63 98 61 9 28 53 90 80 67 83 21 27 28 47 5 
58 19 94 66 60 92 64 5 37 70 70 26 9 81 10 82 95 33 89 23 61 95 51 51 90 40 99 94 78 6 
63 19 44 59 49 60 57 90 19 54 71 19 82 1 93 9 88 54 65 44 40 64 90 39 11 65 19 40 44 25 
57 73 64 55 1 85 74 69 3 55 16 3 2 32 91 81 77 74 53 31 2 79 43 62 57 65 35 53 60 43 
4 11 62 95 22 85 43 44 77 79 66 67 69 39 25 61 48 86 35 17 12 24 80 78 73 29 56 8 51 94 
54 50 38 91 29 70 50 98 80 40 21 61 52 48 8 11 69 84 53 92 23 81 41 41 43 4 68 75 93 22 
23 12 55 76 61 8 22 21 87 72 28 46 74 68 73 64 80 30 49 46 24 5 26 93 35 82 40 68 59 13 
63 91 89 10 46 45 53 70 95 73 71 30 77 13 77 60 75 48 52 34 23 15 94 84 25 30 65 60 36 32 
31 62 75 43 12 4 58 16 96 16 46 32 28 58 23 50 13 7 13 23 22 35 28 90 94 49 43 99 82 13 
25 45 50 40 96 97 77 81 50 82 76 12 41 10 78 91 24 48 11 34 93 42 35 81 8 41 42 71 2 29 
4 91 99 95 51 29 35 84 71 27 87 26 45 4 14 67 73 92 58 51 28 78 13 38 94 47 47 18 54 72 
85 36 20 25 36 62 16 68 53 72 53 51 63 53 45 39 18 92 56 76 2 82 63 59 73 49 24 25 36 48 
28 21 99 40 26 17 60 19 96 71 81 45 84 47 95 92 94 36 72 48 86 57 84 2 60 27 17 38 61 41 
50 23 60 73 20 24 26 9 72 5 39 39 58 35 42 24 26 75 82 21 92 58 11 95 95 24 43 31 62 22 
32 98 61 96 78 63 77 64 58 11 44 28 66 73 9 25 23 69 16 77 15 4 7 25 94 31 10 95 56 7 
26 26 62 59 98 79 66 83 55 75 8 84 77 30 92 55 83 61 43 27 37 48 58 14 44 34 60 28 24 55 
43 15 93 74 16 38 14 96 22 81 79 43 19 80 55 52 46 15 4 22 88 23 26 7 85 40 62 76 49 4 
77 61 83 60 99 67 75 48 74 87 14 98 68 26 8 5 44 58 87 60 90 69 17 64 77 21 48 35 93 67 
18 24 19 33 20 60 73 22 29 17 71 72 12 98 45 38 83 10 37 47 43 25 65 19 35 64 63 30 85 80 
9 86 34 91 81 20 35 11 89 9 86 30 91 38 68 43 75 44 75 80 73 77 2 5 41 95 43 21 37 44 
60 83 70 17 63 55 63 53 33 94 66 20 51 71 11 77 70 6 80 16 20 92 45 13 83 28 21 10 60 45 
91 26 78 64 30 49 49 40 72 94 7 72 78 43 60 94 38 19 92 65 47 36 16 93 82 92 46 51 8 65 
57 36 63 18 76 40 58 64 10 34 28 95 37 84 15 19 81 80 54 21 23 51 26 58 54 55 61 8 29 11 
17 68 21 75 50 99 31 85 15 72 40 45 70 18 35 17 14 84 42 68 7 45 93 16 26 4 11 10 41 73 
72 12 62 61 39 4 76 27 32 8 72 84 91 42 6 27 11 38 71 18 64 9 75 78 16 83 11 36 58 82 
47 30 2 41 35 66 86 84 65 21 73 57 55 7 10 36 76 74 32 58 57 46 46 73 20 57 39 24 74 46 
9 87 94 30 12 89 53 28 5 35 86 59 3 50 42 69 56 15 15 43 12 29 35 94 11 72 5 40 81 41 
60 80 87 69 13 28 58 26 90 86 16 63 31 46 44 89 13 85 4 10 20 28 45 58 42 18 78 86 64 75 
3 76 92 76 22 87 15 59 58 27 70 54 78 99 75 17 10 94 9 26 44 18 17 40 62 60 32 31 1 55 
61 46 5 49 4 4 31 2 74 25 65 56 33 69 49 53 5 53 77 77 97 66 19 34 17 12 59 50 99 68 
98 29 76 2 81 57 68 98 89 52 51 71 99 14 60 42 58 98 96 55 11 88 19 77 47 5 12 7 75 79 
45 82 27 91 68 84 53 46 46 43 46 59 8 86 28 97 50 93 52 24 84 44 22 66 16 14 84 1 12 15 
35 2 80 61 44 58 9 53 34 12 21 68 76 44 40 86 78 51 42 56 46 19 38 13 51 70 76 5 2 45 
80 82 60 53 30 66 22 80 31 65 91 26 99 78 45 31 5 21 40 41 89 65 19 58 85 83 59 41 95 62 
22 50 38 44 63 92 11 21 75 40 58 37 29 42 78 12 70 80 17 77 95 9 1 39 45 45 72 76 17 13 
59 86 71 90 7 20 5 69 44 44 28 37 20 67 11 13 10 22 66 55 80 51 82 33 25 15 19 27 2 7 
64 46 83 47 55 73 86 41 33 35 26 28 74 69 60 9 50 88 19 95 12 34 57 37 46 28 62 71 37 14 
96 64 7 52 23 18 44 5 73 55 95 65 31 93 48 70 8 48 8 87 59 2 94 77 36 49 43 95 48 77 
53 58 74 19 92 24 46 79 71 36 6 3 19 62 14 14 31 95 89 26 85 95 49 51 99 61 10 22 81 27 
41 62 4 89 57 25 58 92 18 38 52 76 75 89 92 79 32 4 76 62 54 61 24 17 67 19 91 43 95 27 
45 25 19 59 74 59 50 38 28 78 90 40 72 46 50 20 17 15 52 4 47 40 36 58 68 9 51 88 73 37 
77 10 61 82 16 7 35 46 91 66 56 63 17 46 19 60 16 39 60 60 69 31 95 58 15 74 96 65 74 62 
78 16 74 78 96 34 22 87 81 77 36 83 53 62 67 75 97 11 99 45 82 44 65 46 64 45 5 77 35 94 
53 22 2 88 48 73 22 52 37 43 53 90 48 14 38 52 63 48 57 1 3 74 87 11 99 87 31 4 63 86 
38 72 80 44 70 63 70 67 93 9 27 43 33 28 5 36 3 64 30 71 4 30 55 37 44 56 88 60 4 81 
48 40 32 89 8 70 56 40 38 83 78 98 55 40 60 73 1 57 55 5 71 19 43 40 72 42 81 67 79 22 
77 82 92 22 88 72 93 4 65 46 57 22 94 66 53 67 59 42 39 31 50 47 98 63 26 85 19 64 41 96 
63 55 28 46 44 7 44 3 23 48 93 55 47 16 53 51 25 63 32 55 25 64 30 30 17 33 10 36 8 71 
17 75 18 73 88 59 29 45 81 35 86 31 35 80 73 22 52 72 45 94 88 14 80 93 78 25 12 61 36 32 
58 10 49 19 38 32 99 19 50 64 43 70 40 5 24 70 2 34 40 46 95 50 60 45 47 73 84 31 45 88 
57 39 59 63 77 34 27 42 92 29 91 36 17 81 29 88 12 12 32 1 76 49 86 95 18 11 2 17 66 44 
24 44 23 86 64 58 7 92 45 48 21 99 41 74 42 42 54 56 14 98 70 41 61 33 33 6 92 75 16 70 
88 85 17 35 8 36 23 80 33 11 34 88 31 87 3 91 6 39 91 84 47 50 20 59 58 75 95 40 99 53 
46 41 52 91 51 70 77 18 50 33 44 89 27 88 84 13 56 42 26 76 33 22 88 46 7 85 65 32 14 7 
7 18 26 31 37 45 64 83 98 5 49 57 50 15 11 40 14 1 3 11 27 43 6 72 27 60 54 33 81 23 
20 68 14 47 65 34 88 9 28 14 79 87 63 56 24 63 9 43 41 50 70 44 87 41 37 74 7 1 41 61 
81 93 88 30 20 7 18 19 49 2 67 81 71 82 26 79 50 27 46 2 5 41 97 60 98 25 32 21 66 65 
79 76 35 22 72 94 91 47 42 63 18 31 35 81 11 23 65 12 46 81 30 22 4 18 19 53 39 76 96 50 
52 25 90 96 39 36 16 14 57 93 32 69 28 9 99 53 42 16 59 72 87 68 15 49 27 51 80 65 89 73 
16 15 33 53 17 96 28 31 96 17 63 32 45 34 45 6 31 79 72 73 32 9 4 76 24 5 18 57 88 75 
38 35 41 10 74 32 34 74 52 40 59 57 25 98 6 25 95 12 4 3 67 53 53 31 88 86 2 45 15 84 
6 3 59 40 33 52 72 41 70 87 37 21 40 30 41 22 17 80 97 1 2 67 95 78 56 41 47 63 51 36 
52 93 45 56 88 74 83 70 56 91 87 11 99 38 65 5 18 7 84 46 55 26 58 38 7 21 14 25 6 78 
15 81 36 87 74 64 33 14 80 69 67 7 55 55 22 56 83 79 88 7 14 42 12 31 71 90 63 50 40 24 
82 92 39 91 3 33 27 97 17 63 45 41 40 34 61 92 62 93 44 61 15 67 54 60 31 37 1 89 67 76 
46 27 37 51 93 38 25 38 21 5 26 96 25 66 38 15 61 37 20 93 34 76 52 7 38 55 58 19 79 77 
90 99 96 81 86 34 22 28 98 47 69 67 17 49 6 23 34 97 70 24 66 77 66 22 91 7 79 95 79 8 
76 50 21 68 61 24 78 57 18 49 22 57 43 53 77 12 7 10 74 43 69 98 85 94 14 23 42 31 52 48 
38 11 56 58 62 92 83 26 85 46 95 69 90 36 16 56 19 89 44 11 44 1 51 83 29 75 22 86 25 89 
13 91 67 15 11 34 32 87 55 10 57 66 18 88 52 25 71 89 44 96 11 80 92 48 14 81 36 69 39 3 
60 71 58 84 41 88 60 34 1 60 57 45 2 13 2 94 96 37 45 73 13 90 83 21 42 25 77 77 29 4 
64 97 71 63 94 40 10 87 99 17 79 11 20 53 72 27 10 57 88 46 96 82 20 11 98 17 12 97 1 71 
72 2 10 37 70 58 1 82 31 96 49 34 69 59 87 14 94 96 18 35 83 57 38 86 94 16 20 8 52 68 
81 60 23 21 8 45 69 54 87 85 33 8 14 11 30 35 79 88 41 31 30 10 70 98 52 47 60 17 61 81 
27 66 22 57 82 45 43 7 67 80 99 65 74 94 95 47 68 58 85 14 99 88 93 56 31 79 78 55 40 76 
28 1 28 91 33 80 30 42 12 16 36 34 54 76 96 8 36 12 49 6 4 14 81 53 16 22 7 43 50 96 
87 91 26 65 64 74 14 94 72 7 32 50 74 18 18 2 55 80 84 97 57 55 63 9 80 27 6 32 10 77 
30 93 2 78 81 60 19 51 55 35 95 79 23 81 23 16 95 3 68 11 46 99 2 51 59 70 34 11 34 6 
67 21 2 52 49 85 30 85 15 58 43 66 33 55 51 33 39 71 72 42 1 57 79 90 65 27 45 59 79 35 
15 10 18 40 16 20 35 33 72 62 57 39 98 13 68 94 77 78 11 35 83 72 5 82 97 11 59 5 57 30 
50 62 86 23 57 71 49 69 71 11 65 16 1 96 2 29 87 27 45 96 85 51 85 97 93 44 29 37 10 44 
2 27 17 64 94 42 17 58 94 39 69 92 94 59 32 19 96 98 94 29 7 60 97 9 44 54 65 23 45 98 
4 50 21 72 64 11 49 69 70 71 89 4 45 44 2 61 35 4 52 73 91 33 37 35 91 14 80 72 39 52 
43 45 58 95 86 12 56 84 84 20 78 90 16 70 25 91 71 80 29 60 43 9 48 55 85 78 41 1 9 8 
15 40 14 26 64 49 56 4 76 47 13 61 98 96 58 93 96 87 53 69 25 2 9 97 52 72 87 2 64 38 
26 73 12 79 41 58 90 45 84 24 7 17 82 52 12 59 89 17 76 38 70 75 23 8 2 88 45 29 10 86 
7 54 38 61 2 65 94 87 3 3 56 15 74 47 3 47 40 26 36 51 24 40 97 59 78 21 31 51 24 87 
95 50 50 5 50 85 92 40 27 65 51 55 82 69 45 56 64 61 22 89 29 33 8 1 43 20 25 62 59 35 
12 49 61 59 31 27 4 13 82 62 64 31 79 88 40 43 64 61 71 7 53 2 83 45 51 95 39 95 21 82 
27 27 41 7 29 14 2 38 26 82 5 17 71 1 38 80 75 39 55 33 20 44 65 86 40 74 7 62 80 87 
16 48 65 86 74 72 70 68 56 16 96 19 81 62 42 4 99 8 27 20 80 3 45 26 25 96 84 34 85 58 
48 81 10 40 75 49 2 84 90 85 97 44 15 99 78 91 23 86 82 58 72 59 94 92 72 15 27 9 12 85 
59 33 81 88 74 80 53 85 63 43 74 84 44 52 87 63 64 76 63 51 79 50 19 81 30 52 76 8 82 54 
1 8 67 69 74 42 94 99 69 43 21 30 67 56 39 71 71 17 66 52 69 38 27 50 25 64 63 8 46 25 
68 93 3 73 85 58 27 11 83 50 57 65 80 4 46 76 73 17 62 81 25 91 95 62 69 45 26 12 63 23 
64 36 84 33 1 3 34 4 40 88 44 29 91 84 70 41 60 57 8 97 10 45 43 69 75 19 32 12 22 42 
41 10 10 99 35 96 44 38 75 70 65 82 8 18 67 95 91 10 90 84 42 18 63 59 4 45 79 74 48 33 
39 74 64 4 59 76 63 78 58 15 24 46 5 94 22 34 47 20 50 72 42 14 60 23 76 75 9 63 74 80 
99 29 6 74 72 80 86 45 34 22 86 65 31 87 35 93 95 89 42 53 78 47 97 28 46 52 74 50 43 90 
97 87 45 32 81 60 47 26 35 10 57 31 22 23 81 16 39 5 41 93 63 85 48 13 65 87 53 78 70 43 
87 8 89 5 67 75 80 68 39 10 49 84 20 48 94 50 33 7 85 11 27 65 2 24 78 55 16 79 21 79 
85 45 39 49 9 79 48 70 60 87 62 48 24 48 28 3 47 37 26 88 59 12 65 49 46 32 64 14 22 7 
48 43 79 70 56 29 43 83 93 49 54 41 11 4 39 68 41 68 27 19 57 87 27 67 55 46 68 47 48 58 
99 75 91 97 70 44 28 67 41 49 49 92 37 15 93 12 55 28 68 90 95 2 99 29 24 5 77 64 33 10 
1 19 19 13 40 61 98 44 61 80 67 65 63 81 25 89 34 86 65 60 56 55 49 91 66 67 54 36 46 80 
97 73 75 47 90 52 16 15 80 45 94 34 58 68 70 33 35 2 90 25 5 99 16 31 66 95 5 90 60 25 
11 49 21 4 74 13 5 15 78 54 84 64 62 8 13 52 15 91 24 93 93 30 14 89 33 6 81 14 91 79 
66 40 22 6 79 80 81 83 86 19 6 92 60 71 63 60 50 75 10 13 79 91 66 76 50 84 50 88 87 77 
21 52 68 85 73 48 89 54 99 78 96 39 84 8 87 75 10 62 7 56 38 79 95 72 84 89 17 39 84 53 
92 49 3 64 80 6 16 85 31 73 40 38 22 51 32 5 49 50 2 74 7 79 82 56 6 30 78 39 37 82 
64 28 24 79 4 56 83 71 4 15 67 17 28 76 21 10 34 80 69 49 81 49 73 69 14 40 44 50 85 77 
33 49 35 27 48 69 85 27 15 66 95 36 14 60 65 16 74 66 61 70 30 6 75 74 52 31 99 75 4 14 
53 60 41 83 30 86 5 72 91 48 44 61 88 78 99 56 58 12 8 41 13 79 30 52 47 34 61 62 6 18 
39 15 24 51 71 3 36 39 11 81 9 22 82 98 15 18 18 46 6 55 72 24 74 59 50 30 81 59 66 19 
99 32 18 69 35 90 66 19 90 22 92 56 59 67 44 35 78 42 18 4 88 3 89 22 50 21 80 31 37 52 
37 26 4 18 80 83 2 58 51 54 58 71 79 82 63 84 6 39 21 30 65 33 10 29 97 68 76 22 48 5 
29 67 43 36 15 46 12 19 15 57 94 32 58 2 71 66 29 98 48 1 66 71 74 32 95 71 22 90 83 75 
19 21 37 2 34 7 94 31 98 31 13 36 15 85 96 12 31 89 46 5 78 76 52 72 8 60 47 62 10 30 
63 52 73 24 63 2 42 23 18 54 66 16 86 40 17 57 66 29 25 31 17 65 66 44 22 43 68 92 28 54 
23 30 90 25 84 36 17 11 16 3 96 69 24 40 9 72 24 51 95 36 8 66 30 50 91 83 80 80 65 61 
50 97 64 11 31 63 90 20 5 63 18 99 50 12 8 8 37 52 50 16 85 5 9 89 87 65 58 86 88 39 
5 77 20 38 82 62 71 47 21 48 5 88 41 16 31 49 86 2 43 24 60 25 68 77 60 16 85 32 47 34 
81 86 89 97 3 89 89 91 62 59 57 98 59 23 14 89 4 35 26 46 25 44 56 5 11 8 50 44 13 75 
13 31 90 55 33 4 22 59 44 56 96 14 49 75 93 56 37 72 15 50 83 27 77 71 22 91 21 48 85 34 
21 84 43 22 81 33 31 3 10 72 34 44 81 59 56 86 56 17 47 32 41 80 6 74 19 36 1 16 89 66 
69 97 88 77 2 16 42 97 63 45 46 13 95 9 2 23 47 28 53 36 70 20 19 69 21 80 17 59 20 96 
62 83 3 67 75 28 27 61 5 78 56 24 71 45 77 73 66 67 79 25 5 78 25 33 55 73 76 6 91 85 
14 70 16 34 28 78 11 16 77 39 61 14 51 94 97 32 6 3 49 29 31 25 64 46 88 47 48 69 93 35 
94 20 89 2 84 53 88 51 56 15 3 16 82 6 91 96 39 67 27 5 48 28 31 74 5 85 31 77 55 28 
51 20 78 34 22 73 43 78 87 69 55 13 43 2 10 72 19 26 57 60 67 40 21 23 49 52 38 14 71 56 
91 53 48 8 24 8 60 93 26 76 98 90 20 3 93 99 66 58 37 63 40 75 10 90 10 60 41 21 99 62 
12 36 99 59 78 6 90 62 71 64 72 80 42 29 15 82 18 40 58 92 40 75 68 26 21 36 2 22 80 62 
49 85 81 41 57 73 75 38 84 81 57 78 43 94 23 97 63 27 76 47 78 71 79 72 73 92 49 26 63 13 
83 24 21 23 70 93 2 26 47 49 21 14 46 64 11 97 90 19 53 5 54 88 29 34 18 90 88 23 49 19 
52 38 60 15 17 50 43 86 38 24 84 90 53 40 35 32 80 89 16 88 44 97 58 57 40 24 59 40 18 61 
84 65 19 67 37 7 90 43 8 82 96 96 70 56 44 28 67 74 70 23 93 83 38 49 73 6 32 7 61 97 
75 38 13 32 38 37 50 98 83 70 64 89 23 89 92 30 16 99 73 40 47 98 49 33 97 81 40 13 88 25 
30 22 87 42 38 58 95 92 1 8 68 67 28 86 11 62 45 37 96 79 93 60 97 89 47 37 46 7 68 42 
41 62 85 42 9 37 82 54 30 84 79 86 46 6 13 77 73 67 90 19 89 12 44 8 67 31 66 76 36 39 
36 90 14 46 93 9 15 4 86 89 66 83 40 60 29 1 73 54 55 35 67 88 50 38 70 83 25 37 79 75 
84 79 68 70 76 88 66 73 46 42 21 80 75 64 63 46 34 10 55 40 68 32 64 65 5 82 79 39 51 7 
4 1 86 64 94 14 81 94 47 22 63 53 65 74 23 2 3 64 72 49 1 78 96 62 86 65 10 14 74 63 
82 8 36 9 39 23 85 79 14 89 70 78 46 49 82 82 83 74 34 73 29 81 25 43 64 90 81 79 67 34 
91 60 24 54 17 1 94 16 81 4 44 8 17 61 15 15 5 37 52 25 95 3 5 89 88 47 33 92 97 52 
44 8 75 84 35 85 72 8 2 77 68 99 86 79 37 86 74 37 22 45 14 9 86 23 55 83 51 40 28 34 
50 14 41 34 15 78 47 19 79 66 73 84 66 26 52 11 61 86 42 98 36 19 8 16 98 31 98 89 41 3 
56 75 99 7 39 79 57 79 54 65 12 91 22 62 99 91 20 23 50 63 58 95 25 67 66 15 3 48 29 38 
77 95 18 54 18 53 69 33 8 15 14 32 89 95 67 61 5 76 11 22 64 49 2 1 15 26 13 92 43 59 
24 31 3 9 75 21 69 95 45 31 23 51 3 97 81 45 66 43 34 93 87 48 36 47 59 76 67 72 55 70 
49 91 13 24 33 73 45 54 26 64 8 43 18 87 89 10 42 35 87 27 75 86 28 42 59 38 12 41 93 11 
64 35 74 23 6 95 11 16 2 74 2 76 70 86 52 53 5 56 30 83 86 81 23 17 85 76 65 97 8 31 
58 92 41 85 98 73 78 20 54 64 63 62 56 20 75 76 7 63 40 21 32 75 80 75 22 48 72 72 17 98 
47 18 43 12 99 47 24 82 9 10 72 64 99 3 68 59 43 19 3 88 22 54 97 92 12 52 59 24 31 91 
36 57 70 98 1 1 6 50 29 28 97 51 47 98 91 83 79 72 48 32 6 75 70 31 39 60 4 20 2 36 
57 90 23 94 18 27 1 48 79 20 69 20 65 95 34 85 99 75 61 45 24 53 93 56 8 86 29 12 18 73 
54 36 3 29 29 31 97 68 35 65 31 88 14 34 70 23 77 20 45 74 50 13 54 52 40 85 16 60 90 15 
43 34 60 93 20 38 98 86 41 13 23 17 42 73 21 17 97 84 7 30 90 16 34 77 40 63 96 61 6 79 
70 76 80 69 26 84 7 35 31 50 50 42 72 66 84 1 23 1 58 2 71 95 59 3 39 88 56 29 85 5 
43 85 29 59 50 62 40 17 4 2 3 25 11 46 75 26 22 2 83 61 50 82 3 65 90 5 33 62 44 61 
1 39 78 64 58 19 4 17 17 57 49 68 18 61 84 10 19 82 51 90 86 29 54 25 13 64 73 5 52 54 
95 43 12 54 73 49 10 37 87 12 29 23 59 93 10 61 79 82 23 6 80 21 30 47 20 64 62 81 34 51 
92 51 69 34 94 86 17 1 49 15 94 66 79 96 74 94 17 96 72 84 97 32 73 2 37 30 2 30 48 88 
59 50 98 80 95 7 34 49 38 59 1 53 32 89 39 34 56 49 18 98 84 26 98 29 29 85 78 66 20 22 
22 32 97 98 63 12 91 64 40 62 39 6 9 98 23 40 87 11 4 41 5 45 1 55 38 54 45 83 70 38 
57 59 68 75 52 84 63 66 37 20 40 69 17 16 59 67 38 63 82 80 59 68 47 78 71 57 88 81 32 7 
91 11 99 22 53 81 79 79 15 99 15 5 5 67 69 80 37 89 23 2 42 69 94 15 92 73 95 40 20 71 
26 94 74 80 24 6 34 82 41 60 39 58 35 72 46 52 81 80 13 78 27 7 46 28 95 2 54 91 97 64 
32 79 75 88 42 88 79 12 27 67 2 89 56 8 20 23 51 68 52 43 26 67 19 8 1 50 73 58 69 67 
66 84 5 56 41 79 4 28 74 93 35 57 70 68 16 26 33 80 21 73 4 48 66 45 81 47 77 19 38 88 
94 37 46 4 25 85 60 26 50 37 64 3 3 89 85 35 89 96 37 84 97 53 83 69 54 82 59 32 39 59 
89 19 52 89 40 3 41 14 64 59 80 58 12 72 25 12 62 39 12 76 12 95 78 5 50 44 4 72 46 40 
86 61 31 55 95 97 25 30 60 62 94 72 72 90 67 12 16 86 46 58 99 71 67 56 10 37 38 71 37 25 
69 88 88 22 4 87 31 36 81 38 82 25 94 45 83 62 18 81 40 11 42 35 59 75 85 53 69 74 28 70 
33 78 61 99 14 25 42 20 28 31 75 26 42 31 81 62 69 3 22 69 12 52 50 14 58 12 86 36 43 64 
46 29 3 94 7 97 49 48 79 26 40 37 69 23 53 57 46 10 15 52 50 3 29 15 77 38 1 24 13 8 
97 10 39 53 42 71 35 95 11 91 22 77 59 1 73 84 68 4 21 94 88 82 90 93 15 83 8 26 75 77 
56 66 72 43 79 70 3 22 60 78 30 47 41 68 80 63 79 15 84 94 22 5 39 17 44 83 28 32 37 19 
25 17 70 64 45 8 55 36 57 42 61 4 28 43 36 57 47 68 30 51 97 67 11 77 15 99 79 78 47 32 
26 29 60 13 1 22 28 39 58 67 24 5 42 60 15 46 94 44 29 86 28 68 47 25 24 30 83 20 33 75 
54 85 41 71 76 80 8 64 22 1 27 7 11 26 4 35 63 1 32 16 82 60 99 47 40 58 74 33 10 58 
3 3 87 5 39 21 48 79 85 99 24 99 97 56 80 92 51 39 16 74 19 84 24 16 86 91 43 60 17 52 
5 18 17 8 36 89 87 57 39 47 31 52 15 17 22 87 92 11 98 80 55 49 14 95 9 16 82 95 63 32 
90 37 73 49 74 49 34 46 28 4 98 88 17 87 82 7 26 41 87 37 72 69 97 72 73 46 92 56 20 26 
12 20 87 32 17 13 61 75 58 92 49 68 4 83 13 82 93 14 34 77 8 60 91 86 85 69 13 99 74 86 
32 87 3 28 79 69 65 97 96 27 53 78 46 78 56 13 71 53 60 41 86 22 8 80 51 61 77 26 71 33 
86 75 19 58 38 67 52 53 62 24 38 94 26 80 26 22 11 95 48 99 65 26 75 81 37 93 16 76 39 22 
12 10 14 27 51 97 55 77 63 1 40 19 21 36 71 22 71 1 97 15 5 73 74 27 58 35 39 36 77 28 
16 13 37 13 40 59 28 6 31 51 92 46 2 79 63 87 35 44 47 9 6 89 7 6 37 93 42 3 72 57 
23 9 6 1 80 55 99 5 11 69 3 46 93 55 68 93 86 12 64 47 54 15 97 79 12 7 83 95 17 68 
22 98 61 23 55 64 75 86 67 12 56 64 18 32 91 54 80 4 78 51 80 50 47 6 7 53 48 69 56 54 
66 94 39 74 63 32 62 35 75 26 67 53 65 21 66 80 47 84 32 91 99 31 50 44 98 28 92 61 85 12 
17 96 79 23 71 37 10 56 49 49 77 93 68 67 46 94 45 60 27 70 81 37 37 43 87 9 11 52 97 33 
68 24 83 50 53 43 50 52 89 51 91 10 97 53 3 75 85 16 9 88 71 26 60 60 82 20 49 58 1 49 
58 81 91 92 67 42 33 46 23 43 69 55 3 69 20 52 78 14 44 20 19 83 68 48 92 63 84 92 69 87 
22 23 72 45 66 20 39 15 51 10 41 69 10 64 48 56 1 5 80 47 2 85 71 71 85 80 47 59 77 85 
73 98 57 78 37 7 86 43 48 22 27 82 98 5 53 68 8 56 90 55 75 45 43 75 56 88 56 9 71 87 
97 69 7 56 43 90 10 48 52 60 54 40 48 4 62 78 91 26 94 81 44 49 20 92 76 34 83 97 62 29 
62 17 13 78 31 88 87 79 55 40 75 37 71 15 51 19 62 57 44 23 44 23 17 26 3 87 61 74 53 4 
3 29 15 5 29 63 6 38 63 17 97 73 13 81 11 83 99 32 38 11 20 73 6 3 98 42 74 82 8 63 
96 56 93 82 31 40 70 81 70 92 39 99 52 95 38 59 2 70 78 73 12 39 34 63 24 46 27 26 14 4 
48 1 92 10 89 94 53 75 99 88 81 66 73 79 72 11 24 2 29 26 55 79 56 31 25 69 44 69 49 66 
32 81 49 16 18 67 79 29 14 23 66 87 89 12 8 52 92 71 85 90 71 55 37 74 2 61 35 82 98 85 
90 5 31 13 21 70 30 29 81 35 73 59 70 80 80 58 62 92 11 2 45 44 64 72 95 78 47 95 65 92 
64 84 89 67 90 85 75 90 84 80 44 83 22 15 7 30 45 93 86 61 47 44 79 96 95 70 45 36 21 57 
10 48 50 61 38 15 33 56 62 43 33 80 66 35 74 45 8 17 58 24 23 89 68 70 57 55 24 35 45 33 
48 36 64 55 58 87 77 11 25 30 32 8 86 41 80 63 52 89 31 95 53 16 62 15 56 9 87 62 79 71 
81 48 52 95 10 49 48 59 29 51 92 7 83 46 19 39 95 70 6 34 39 64 43 54 53 83 41 50 19 9 
76 91 10 96 13 43 13 5 5 54 28 50 11 70 22 58 86 60 79 32 72 45 19 37 81 53 89 24 54 38 
3 71 82 58 78 35 90 10 68 89 50 79 34 23 79 70 4 56 8 88 57 97 33 7 76 80 40 41 3 26 
58 73 94 3 71 34 51 8 41 1 38 50 70 77 83 78 97 49 62 21 44 47 58 11 6 12 15 76 94 75 
39 48 40 68 69 19 88 68 16 16 48 13 4 42 79 44 90 37 2 3 26 75 43 28 41 17 34 38 96 13 
40 33 45 94 8 20 19 10 46 95 12 10 76 97 19 70 46 85 79 14 88 50 20 61 86 96 22 62 27 25 
49 51 72 50 24 38 25 68 71 59 72 3 61 92 33 74 81 18 63 81 72 96 58 43 52 10 96 77 39 87 
82 87 75 83 20 67 48 59 76 95 40 95 88 21 7 41 82 46 17 18 5 47 55 35 36 19 1 32 18 50 
64 73 27 22 88 9 4 20 28 35 20 30 41 80 69 91 75 32 27 17 32 57 61 95 95 32 59 57 26 17 
91 15 70 56 35 97 49 84 67 55 12 81 37 59 54 85 2 99 82 24 40 81 56 55 83 72 97 83 6 38 
13 39 71 79 71 95 1 94 85 89 76 7 18 9 51 18 38 86 20 68 77 91 40 51 70 52 51 77 89 72 
2 25 16 3 38 52 88 24 39 85 97 15 67 65 37 63 54 37 23 27 2 1 20 3 21 7 25 72 80 79 
81 59 46 6 31 92 38 11 43 41 97 97 72 17 83 93 54 42 11 51 43 32 67 44 91 38 78 82 81 44 
75 66 31 98 67 77 30 98 21 96 44 6 85 12 41 64 87 23 34 23 8 36 73 56 51 64 19 90 82 68 
67 97 63 29 20 39 94 88 35 40 37 5 82 77 48 35 52 19 12 80 85 76 83 39 73 69 21 52 73 96 
54 22 28 10 90 63 17 65 94 64 33 93 56 80 48 96 48 63 85 69 31 17 95 23 74 94 99 84 37 80 
52 44 22 20 35 95 82 79 6 62 20 77 50 96 87 88 40 35 64 39 3 89 20 24 57 93 1 78 12 49 
76 7 49 16 30 28 88 4 73 54 16 3 37 83 78 3 13 13 38 53 25 95 4 92 67 45 60 11 93 52 
39 76 12 62 98 7 42 77 14 63 98 49 39 72 50 19 25 6 38 18 25 70 32 3 75 27 49 4 44 24 
16 51 23 7 76 69 17 99 94 70 35 17 88 8 53 38 3 86 35 22 85 9 55 21 84 15 28 79 85 29 
47 47 98 9 6 41 78 65 56 66 96 27 19 59 18 12 36 54 51 68 55 9 31 86 63 88 42 98 3 93 
12 40 20 15 83 45 10 28 5 61 21 59 75 54 1 81 51 60 64 4 5 73 48 54 38 34 65 77 26 24 
36 22 58 84 85 26 50 70 15 13 84 3 94 92 34 58 40 78 61 26 20 16 40 44 94 74 62 40 41 97 
94 10 9 37 77 7 81 32 47 49 66 46 83 15 18 17 35 98 50 47 42 86 52 23 89 71 83 20 89 83 
7 27 39 10 22 22 34 77 61 45 71 64 55 76 15 29 34 33 4 26 41 12 86 71 29 67 85 63 75 20 
45 19 88 6 38 70 21 23 25 11 59 36 15 99 5 16 51 94 72 85 2 29 81 54 5 23 69 60 19 24 
85 52 55 7 12 12 25 63 79 81 67 18 28 60 59 43 16 31 25 74 3 83 66 24 19 3 10 51 86 39 
38 33 85 62 58 52 82 38 75 45 33 96 69 13 17 93 83 9 71 58 37 57 22 59 90 12 61 43 99 19 
97 47 5 43 68 79 56 41 59 77 39 5 30 9 71 78 20 73 53 53 97 10 45 84 35 91 53 53 25 2 
22 56 39 81 66 82 73 92 50 42 88 67 93 63 93 17 7 24 1 99 80 28 68 44 9 3 71 37 66 9 
11 99 97 67 54 4 3 13 4 70 32 59 32 73 84 85 79 51 50 87 75 33 75 98 21 81 18 88 5 7 
14 43 99 46 56 84 21 15 47 1 33 56 84 72 45 37 37 60 4 56 58 96 13 10 13 38 42 79 69 43 
7 41 31 30 33 33 58 87 24 52 81 18 23 71 6 40 41 82 64 33 97 78 89 91 64 27 76 23 61 46 
71 91 73 79 21 59 2 76 26 49 81 42 71 76 52 80 9 74 79 54 83 15 73 71 10 15 22 4 57 26 
35 14 10 50 61 87 43 76 30 46 58 38 20 48 88 89 37 94 33 17 24 10 22 43 21 66 33 41 99 99 