30 325
5 47 47 57 90 54 12 97 91 86 45 44 18 60 80 73 97 30 58 74 42 2 96 73 58 77 96 68 81 73 
46 67 82 3 99 45 96 66 47 38 3 6 4 29 52 33 73 77 80 47 11 27 38 63 73 87 63 46 66 97 
74 35 86 63 67 34 72 64 32 68 42 67 20 56 62 77 73 38 44 94 84 96 23 59 1 31 20 77 15 43 
19 81 16 92 47 25 65 80 75 17 92 90 73 10 70 92 70 39 99 78 8 78 35 8 79 8 59 64 35 64 
15 16 22 57 24 22 11 71 52 36 82 89 55 67 48 14 31 34 71 17 91 8 51 90 36 82 36 7 90 99 
80 88 39 35 40 56 53 1 32 66 46 66 32 74 69 15 93 61 95 10 44 39 20 74 93 68 31 9 45 50 
32 11 79 48 99 63 59 30 78 25 14 92 81 72 6 39 32 27 48 86 33 76 12 68 94 66 37 32 40 75 
35 50 64 1 86 72 92 95 27 10 68 9 16 20 18 68 21 38 78 81 43 63 92 86 60 52 89 37 33 32 
8 2 85 38 22 63 1 8 81 26 39 40 38 61 15 19 86 68 93 5 30 70 72 55 1 10 3 76 48 84 
22 64 22 59 12 73 83 32 2 20 80 76 60 46 66 86 65 79 96 39 48 49 70 66 75 26 50 99 35 96 
42 92 81 67 92 32 81 83 26 66 99 60 80 18 28 50 50 77 58 27 33 76 98 44 96 4 65 4 45 64 
48 70 96 28 78 99 37 99 87 15 1 64 1 49 77 80 48 68 82 62 46 69 58 35 8 69 56 29 90 36 
6 88 25 54 30 87 17 86 80 6 4 56 60 53 78 97 15 65 34 33 71 32 95 99 15 78 64 26 39 87 
80 49 43 43 19 92 71 27 77 50 1 64 2 45 83 64 74 92 32 44 12 53 22 69 37 19 61 74 35 74 
88 51 64 24 39 15 88 20 33 20 33 28 35 70 57 66 18 92 80 99 27 87 43 75 75 78 90 59 36 24 
43 88 82 55 68 94 36 45 80 91 77 7 36 13 83 47 63 6 98 10 8 79 86 23 11 39 62 65 50 2 
69 72 3 4 60 17 61 51 37 40 46 1 7 44 9 49 66 83 91 86 75 67 9 99 58 33 43 53 6 89 
24 74 84 4 47 79 64 2 98 48 77 66 9 48 64 14 23 34 2 97 37 18 1 81 26 93 87 9 81 62 
72 96 98 46 55 84 56 74 1 72 23 87 82 71 49 77 59 51 67 57 19 29 35 34 37 54 63 17 41 35 
38 14 73 66 23 9 50 78 55 90 50 28 94 79 69 83 28 66 52 10 81 83 96 95 66 12 39 98 11 79 
98 3 67 12 98 16 48 40 20 7 35 61 79 68 52 69 38 92 82 16 95 7 58 73 55 78 35 63 60 29 
3 64 14 57 15 33 52 55 5 60 90 21 47 41 31 26 15 94 26 19 59 20 60 52 93 56 38 14 30 78 
92 71 28 58 48 59 19 75 89 12 33 19 62 1 83 25 71 17 77 81 89 89 95 2 94 93 83 60 20 6 
18 80 21 15 3 60 5 92 77 60 42 63 29 35 52 15 11 27 91 8 52 51 70 99 94 22 54 60 33 43 
12 74 47 93 21 70 40 93 51 61 57 82 79 56 77 50 61 94 67 58 37 87 58 22 25 70 60 82 74 52 
27 4 80 93 78 74 69 36 16 26 73 51 4 55 64 1 4 79 67 62 80 56 89 36 29 2 28 46 56 46 
32 98 89 28 31 2 13 25 68 2 81 91 52 36 43 11 38 98 60 23 53 33 64 23 65 36 24 2 85 80 
25 87 19 19 83 82 87 59 3 66 59 52 45 14 63 63 57 65 39 81 30 46 29 38 51 62 15 16 10 12 
93 9 94 83 49 39 25 73 99 47 6 26 19 69 32 39 90 45 57 62 46 15 47 21 91 12 62 32 1 15 
7 64 71 72 92 32 98 34 35 59 74 91 44 90 17 98 20 77 63 35 53 25 95 62 17 22 2 93 36 72 
36 21 38 46 71 42 72 6 34 36 85 1 77 77 55 54 18 93 63 29 99 34 55 3 51 20 1 92 75 68 
85 6 72 78 4 58 7 33 91 68 92 26 68 68 83 17 39 21 9 56 38 60 71 63 5 49 46 68 21 74 
82 23 20 18 35 23 31 93 40 57 17 32 49 98 55 91 70 46 75 25 28 57 36 93 17 2 52 31 12 94 
19 90 87 39 23 20 93 40 45 34 70 13 90 35 13 27 67 4 39 57 91 44 46 57 93 74 27 77 58 19 
14 56 35 71 80 52 94 63 25 96 52 73 56 72 97 9 28 81 63 42 3 52 79 56 47 46 64 63 56 17 
71 47 25 97 99 26 31 4 24 79 79 46 27 28 63 98 40 82 52 26 2 30 1 98 70 64 81 96 36 56 
75 90 2 82 55 39 52 12 52 56 51 73 32 41 91 9 22 57 27 53 38 18 13 48 81 51 67 50 68 25 
89 26 40 37 62 96 2 6 38 79 66 99 4 76 76 48 49 17 7 99 75 77 42 37 14 66 96 1 66 48 
65 18 61 60 55 84 58 38 19 23 44 63 87 20 53 90 25 81 44 74 99 68 6 91 8 89 51 49 17 41 
50 92 45 6 34 39 12 56 12 44 44 46 57 9 44 23 94 74 89 85 67 80 22 73 24 19 63 85 12 96 
61 53 35 91 58 43 90 28 47 85 10 38 99 61 76 39 56 63 83 79 70 93 15 19 86 31 60 27 88 88 
44 17 69 51 65 80 15 46 75 3 71 82 31 24 73 94 17 58 63 16 70 13 96 86 29 53 92 63 70 52 
65 72 47 40 87 46 97 8 33 7 46 6 75 27 65 46 29 4 15 28 16 21 86 35 60 31 54 19 95 94 
20 88 44 7 99 45 54 4 30 66 47 70 88 92 21 35 26 19 42 42 82 23 61 22 85 24 53 93 16 39 
4 55 36 97 15 25 62 39 8 76 26 43 33 91 36 50 82 31 36 98 42 9 56 82 32 95 7 72 60 98 
89 79 92 73 66 5 42 16 26 6 58 20 77 23 67 60 65 4 21 90 43 24 46 22 34 80 29 10 6 95 
81 54 99 71 85 19 42 86 29 11 5 47 24 48 17 12 3 95 18 45 10 76 79 82 74 45 4 34 27 50 
74 87 22 59 21 99 64 23 58 13 67 62 99 51 7 91 40 64 40 28 59 98 29 19 89 79 68 53 16 14 
35 23 31 43 46 11 91 90 96 47 67 96 59 95 81 40 63 4 72 25 31 77 81 80 51 11 49 31 17 17 
81 97 5 38 28 17 8 64 66 34 50 61 33 64 43 41 45 3 47 12 33 40 84 22 66 99 29 55 11 82 
94 98 89 39 25 14 6 68 22 86 93 53 83 9 2 85 16 72 22 14 84 35 51 77 73 21 18 33 84 31 
23 73 96 67 37 98 60 43 84 60 52 37 20 64 33 52 84 64 11 74 96 80 6 58 74 83 22 57 41 9 
41 65 29 42 38 92 44 28 15 34 2 17 95 19 25 18 9 20 20 54 14 68 43 50 49 58 36 36 82 50 
92 81 5 79 38 42 40 6 84 74 32 40 9 84 73 98 97 23 13 96 82 8 34 40 47 16 88 59 52 3 
15 84 43 41 67 79 48 65 69 49 4 27 12 31 23 31 62 35 83 22 31 48 23 42 2 33 39 93 70 34 
42 91 39 62 78 15 36 99 11 96 66 88 47 8 29 59 6 89 73 57 5 30 84 58 96 60 14 73 90 28 
87 27 24 37 71 29 58 89 92 75 99 79 87 43 81 40 80 79 1 84 20 60 77 7 7 69 24 73 60 44 
68 47 84 13 23 19 79 7 21 75 63 27 99 52 81 33 64 23 57 86 62 47 54 2 8 90 52 2 88 73 
5 81 5 49 39 69 51 46 39 91 83 56 63 7 99 54 35 23 49 27 70 53 60 91 65 45 49 62 71 44 
84 7 20 74 55 94 92 37 11 62 31 21 36 6 85 93 80 12 2 71 99 94 6 21 70 34 93 21 84 47 
48 87 58 59 91 55 96 37 15 57 73 33 93 54 67 26 96 75 95 62 83 63 61 39 80 84 79 95 95 43 
40 3 45 95 63 26 58 25 84 12 8 62 38 26 21 12 80 83 2 87 26 80 59 85 25 38 73 32 90 68 
40 10 26 19 14 18 97 11 10 42 9 47 87 2 47 38 60 63 25 51 90 16 18 72 96 1 62 26 69 52 
38 51 17 93 65 72 58 32 55 74 4 60 82 3 58 5 69 44 76 15 81 14 61 21 54 32 25 18 19 62 
95 23 26 75 46 46 35 54 79 21 90 62 42 91 32 48 33 29 99 71 17 52 10 40 53 18 68 96 63 59 
21 41 48 23 78 52 62 45 52 51 59 89 82 6 80 53 11 91 63 91 14 32 67 33 31 27 34 3 92 27 
1 76 11 83 88 38 76 8 91 54 33 45 79 25 81 1 96 55 5 37 84 79 58 34 34 72 55 75 3 84 
76 8 59 31 12 66 97 80 94 78 64 89 30 65 70 11 54 73 82 26 54 67 25 2 70 29 54 75 84 87 
59 13 39 28 20 63 92 89 96 19 93 12 1 85 79 21 20 20 81 78 39 88 85 83 49 8 73 50 95 85 
78 74 69 29 83 42 48 92 21 2 21 48 4 86 39 78 94 85 2 87 7 71 12 79 84 32 47 72 33 51 
91 93 73 62 9 45 6 10 68 38 62 25 41 21 39 6 35 56 20 23 13 9 29 5 88 65 52 71 81 75 
51 47 98 73 33 62 16 74 94 98 1 59 73 39 27 94 39 75 1 79 16 84 7 78 47 12 19 79 79 47 
40 32 34 65 67 91 92 82 53 53 41 52 94 88 74 58 98 86 74 72 49 17 37 44 87 89 51 73 86 80 
45 10 12 84 35 49 97 30 67 8 7 10 42 19 63 46 58 55 16 99 67 84 27 11 99 75 14 9 39 71 
32 46 78 70 11 73 45 65 63 55 52 17 33 45 75 60 29 88 96 38 42 77 77 59 75 22 68 33 78 98 
43 52 5 26 66 32 52 14 32 40 64 61 41 30 27 47 24 55 34 88 31 3 74 87 71 67 19 41 70 88 
81 60 33 5 47 89 30 74 15 23 13 40 53 34 75 25 18 87 79 14 61 94 40 35 18 87 89 65 39 70 
43 29 36 6 86 50 10 25 23 7 79 78 8 78 68 8 51 64 65 38 45 76 68 32 63 97 94 53 89 80 
79 66 59 76 8 14 92 38 69 72 12 66 3 23 23 16 77 22 90 59 15 62 4 74 71 45 74 87 67 40 
87 62 99 63 17 92 38 15 78 69 34 7 37 70 63 18 45 73 79 75 25 54 28 18 5 38 9 70 27 20 
70 27 96 92 46 82 82 17 62 59 24 23 68 92 2 44 53 17 35 60 61 67 76 66 41 2 74 72 47 80 
99 45 59 63 30 51 54 76 66 36 50 17 23 22 35 76 98 80 44 97 62 88 46 11 83 35 3 50 25 81 
54 20 90 74 17 93 24 99 65 95 3 48 27 28 49 96 82 72 77 81 71 22 44 25 61 20 50 1 59 60 
94 30 12 73 35 40 43 37 29 92 60 96 87 38 96 60 91 41 11 31 81 20 36 45 1 33 29 85 41 27 
65 10 74 21 11 17 75 6 21 81 22 77 28 32 29 54 72 11 16 22 74 79 44 90 69 20 43 43 65 83 
98 82 28 33 57 65 32 5 94 35 61 92 85 44 26 27 52 38 93 57 53 16 28 57 87 92 78 72 12 50 
68 41 67 93 93 61 27 60 28 24 54 22 12 67 78 4 89 48 60 14 19 83 79 55 57 18 24 72 65 2 
88 46 76 51 31 62 23 79 8 69 99 42 8 79 80 6 81 8 16 92 86 35 42 45 90 69 85 28 3 96 
8 43 54 7 80 35 44 34 60 6 23 39 95 83 59 43 49 31 55 90 87 29 15 85 8 91 85 85 43 99 
32 27 37 80 80 94 12 16 25 97 71 2 1 4 6 53 43 91 96 12 64 72 18 31 29 91 37 78 73 58 
69 98 5 10 18 62 25 9 55 26 87 85 52 94 79 37 71 77 47 77 18 10 53 75 46 47 28 90 47 27 
16 14 70 9 13 68 29 7 22 85 83 20 34 73 18 77 49 79 90 80 8 14 73 30 56 69 50 50 95 29 
61 46 81 21 61 22 10 92 60 26 55 43 42 81 16 18 92 8 3 6 19 48 6 99 20 69 11 56 17 25 
3 76 36 20 60 68 28 36 7 55 62 67 59 95 25 28 13 62 69 96 27 2 53 94 45 94 13 88 28 68 
51 13 85 60 5 87 21 24 52 85 38 76 40 31 73 33 19 35 51 69 64 5 86 69 32 86 15 11 6 74 
39 81 76 87 64 63 85 9 3 54 83 97 43 16 51 80 36 17 28 42 48 96 33 89 98 67 1 87 35 61 
45 75 71 11 17 57 40 99 57 64 40 87 78 68 6 35 21 13 2 10 93 19 20 57 38 1 57 68 97 54 
45 74 62 62 35 36 39 75 37 53 97 80 37 96 51 16 69 88 30 85 66 67 1 14 36 31 83 36 54 63 
7 88 62 26 88 47 67 4 99 13 5 70 61 38 85 2 10 16 18 42 12 19 64 74 3 12 77 16 96 33 
60 81 95 52 67 24 45 11 25 3 21 60 40 86 3 30 90 12 93 20 6 28 82 77 66 82 88 12 78 83 
63 88 34 93 47 55 62 80 13 28 79 27 9 50 68 48 41 66 6 3 63 1 61 19 57 25 75 31 40 27 
76 76 22 92 78 70 42 51 4 47 5 74 43 54 4 66 68 69 95 28 78 61 50 71 63 62 80 75 98 2 
70 70 86 54 24 74 82 54 44 89 68 99 25 70 97 98 34 82 35 59 3 80 68 95 42 79 40 34 76 88 
63 1 42 9 19 44 25 46 64 3 70 63 31 82 36 41 86 50 45 36 59 74 8 97 94 27 47 60 7 82 
14 83 42 68 84 44 74 20 45 73 12 35 86 48 32 97 67 36 67 83 32 42 86 23 93 86 1 61 4 45 
54 6 43 63 59 68 17 93 71 54 99 34 84 8 25 71 36 96 97 5 11 87 10 6 3 36 54 79 29 44 
74 57 96 64 73 9 17 23 68 6 28 3 45 69 59 83 46 2 86 5 15 53 50 30 45 91 5 75 74 74 
35 87 40 10 67 88 80 53 90 93 5 9 16 51 63 99 49 26 92 53 12 26 51 60 53 92 96 65 76 93 
50 50 52 92 95 94 31 39 97 60 43 1 80 13 2 14 32 55 26 5 30 88 80 76 36 29 34 37 93 49 
92 5 12 95 4 66 46 91 48 49 81 84 52 84 50 79 6 97 80 97 21 85 70 64 60 24 16 83 5 85 
21 91 95 28 42 98 52 21 16 17 24 71 11 59 1 19 50 89 42 45 72 23 10 52 50 98 79 67 54 76 
22 77 18 44 56 78 29 17 23 1 43 97 43 67 77 89 83 13 16 77 45 47 70 77 20 21 33 85 33 63 
84 18 42 96 9 34 38 25 85 93 90 65 65 41 48 67 41 49 30 42 13 77 75 92 80 96 96 18 68 62 
99 20 62 22 64 57 79 37 39 13 21 6 98 83 83 38 1 34 2 51 83 14 36 37 44 77 36 36 29 42 
97 7 97 31 97 31 74 84 76 61 66 51 24 94 75 17 61 84 89 86 38 17 14 95 38 1 28 70 20 76 
65 16 34 10 81 67 53 35 5 92 29 45 94 63 46 39 96 90 99 26 1 20 40 93 75 5 1 1 72 60 
45 62 46 98 78 97 17 63 4 70 19 49 76 96 96 24 31 98 39 42 49 38 32 65 28 11 72 84 26 8 
27 84 52 79 59 58 35 63 86 60 81 16 13 16 99 92 18 51 74 63 94 25 50 89 20 55 99 51 16 24 
68 55 39 39 88 33 82 88 48 45 76 80 65 69 37 37 19 9 79 89 81 40 27 77 78 37 26 8 63 4 
11 46 15 35 21 16 54 14 84 34 83 3 5 99 44 18 31 72 26 6 42 46 76 47 76 73 18 6 64 64 
70 63 39 83 41 29 96 13 96 42 82 79 2 23 43 37 68 85 42 87 10 30 60 54 10 26 47 32 92 72 
77 95 56 92 36 33 99 43 21 80 14 35 22 32 10 43 60 83 72 68 45 3 61 67 76 18 73 49 20 11 
84 77 71 26 36 39 97 40 75 69 66 16 54 41 41 14 47 48 82 70 32 10 9 81 20 58 18 9 61 59 
56 36 6 87 70 45 67 96 70 83 4 45 79 84 20 53 39 45 94 41 91 28 55 93 41 93 19 56 67 44 
62 73 42 5 25 75 92 84 23 80 90 48 32 49 11 66 38 88 17 87 65 96 85 17 39 88 81 23 54 9 
51 53 16 83 20 31 70 80 89 13 36 98 61 7 94 20 67 77 3 23 6 37 45 65 54 44 19 6 40 57 
9 13 32 82 77 38 5 60 78 43 82 84 21 81 40 4 61 46 95 27 39 86 45 75 76 41 4 45 47 51 
44 42 32 67 86 68 52 84 98 66 58 26 76 45 44 50 11 85 67 43 52 94 49 58 99 95 10 21 91 12 
75 44 8 91 38 67 87 74 5 16 77 10 91 40 57 96 59 49 46 24 98 5 72 33 9 97 4 44 73 88 
59 80 5 61 10 61 89 12 97 76 15 82 95 68 53 26 78 16 4 55 97 9 20 15 15 65 38 35 43 7 
96 80 97 90 50 71 44 73 56 12 73 16 80 35 91 86 93 47 13 17 44 22 51 56 97 16 76 55 68 83 
22 50 86 31 68 99 13 16 76 15 3 92 28 19 84 64 43 8 52 2 46 89 51 55 41 85 30 29 3 10 
62 46 13 6 20 95 67 28 57 43 8 35 65 92 99 78 79 99 10 37 75 42 17 74 17 36 54 21 82 56 
77 13 62 29 63 81 95 78 50 11 31 52 16 83 32 38 82 86 6 15 9 99 34 33 9 86 77 72 95 19 
53 52 78 95 37 69 58 70 63 37 26 8 39 89 54 45 53 93 32 1 32 90 66 25 74 41 30 3 22 50 
79 45 22 75 88 7 17 69 5 88 82 57 85 89 11 59 26 53 50 10 83 64 33 28 22 9 50 44 62 51 
29 91 32 44 96 50 13 49 54 70 75 54 75 52 81 70 1 89 1 60 47 49 40 79 52 93 77 20 88 84 
92 73 67 62 58 69 97 17 64 17 73 54 59 68 19 38 46 31 86 11 15 99 34 50 52 1 97 30 77 72 
23 93 92 74 28 16 47 35 77 85 70 45 46 69 81 89 36 59 12 35 60 87 53 3 64 8 93 41 8 85 
22 58 36 59 32 97 65 6 77 7 81 70 11 35 38 95 61 72 64 84 13 83 54 10 25 16 1 51 31 6 
10 66 9 66 35 57 91 55 94 5 77 8 87 92 5 2 75 39 72 55 13 43 74 49 83 90 49 62 20 46 
28 43 54 84 67 51 66 63 95 87 7 72 9 11 63 35 8 86 27 71 64 46 92 63 41 71 45 50 93 58 
34 20 19 90 28 31 45 48 45 66 67 48 74 95 38 31 90 40 18 44 75 33 86 30 98 35 67 54 33 94 
24 1 45 69 8 81 50 18 60 6 50 21 77 80 78 53 15 79 3 60 76 11 86 3 84 23 61 49 90 90 
41 73 11 24 67 64 53 3 33 69 60 97 23 23 79 4 82 48 88 24 3 28 96 64 47 24 17 99 70 85 
29 82 86 58 86 35 83 52 16 8 59 28 81 13 63 65 86 72 3 21 50 60 42 21 98 5 21 93 79 34 
96 16 87 94 96 74 61 45 92 35 17 61 91 10 75 71 10 83 40 13 21 84 81 22 11 71 53 78 93 71 
25 34 57 82 53 13 75 14 36 25 52 81 25 13 95 28 24 40 96 24 34 74 47 1 62 11 57 83 90 79 
17 89 44 6 71 50 79 86 54 31 79 54 77 97 60 92 32 74 76 69 19 97 13 61 80 94 55 16 19 74 
55 24 92 3 75 31 76 68 92 17 67 7 28 31 9 12 84 65 77 19 26 57 75 97 55 61 62 39 99 5 
17 58 88 17 2 25 52 72 97 11 55 43 12 48 2 46 24 60 23 39 77 31 99 8 42 46 23 97 98 84 
2 19 20 30 39 63 74 46 40 3 70 83 83 15 15 82 58 90 3 22 47 55 91 13 87 20 46 8 59 96 
85 46 10 91 25 88 40 52 40 96 91 47 32 89 52 40 49 62 96 77 76 40 28 97 94 1 61 15 38 26 
99 30 73 24 51 37 2 38 22 92 87 42 94 81 45 48 50 94 42 4 15 17 49 60 33 3 52 88 92 21 
45 5 9 76 4 83 63 51 73 41 1 63 76 98 18 16 82 32 74 68 44 67 18 91 7 99 70 12 7 36 
94 43 48 33 22 20 24 51 99 81 13 48 23 27 89 66 69 42 28 84 39 37 10 23 85 91 26 52 74 49 
27 22 36 98 14 23 47 54 34 89 55 1 52 95 44 35 49 34 12 10 28 39 51 88 30 90 96 90 86 75 
34 72 51 88 76 33 30 3 63 58 26 71 70 84 55 36 22 61 2 95 18 77 68 73 9 69 84 14 85 67 
95 32 78 40 76 41 26 53 31 44 43 57 39 61 88 31 76 22 60 76 83 2 49 95 68 1 51 27 43 22 
56 83 80 37 50 41 32 96 67 28 54 43 66 93 24 72 73 54 16 69 7 9 39 25 49 23 89 41 99 58 
66 91 12 87 84 3 58 87 4 32 43 98 19 49 45 72 49 83 27 79 36 83 33 65 51 46 10 19 76 33 
90 13 6 31 97 8 20 43 55 17 4 35 76 69 89 75 82 88 18 13 94 60 59 61 54 80 60 45 99 49 
43 13 69 37 58 84 21 68 59 7 79 67 38 12 34 43 1 76 8 38 89 22 90 70 97 49 47 69 69 65 
54 20 30 13 28 84 41 63 6 26 49 48 66 51 63 32 1 79 62 39 23 16 3 68 66 31 78 35 12 57 
56 99 76 94 45 55 28 52 57 9 32 18 3 19 22 99 74 73 83 65 59 59 14 78 58 57 98 98 93 40 
23 81 56 7 74 50 1 5 28 92 6 5 20 30 6 80 4 16 93 12 53 28 60 47 83 1 16 90 93 96 
36 78 81 87 99 51 40 19 24 15 56 58 95 24 9 35 33 2 25 90 37 11 25 26 47 8 2 41 64 97 
70 20 6 38 87 25 42 21 61 3 84 66 92 48 66 63 61 13 44 59 99 66 95 11 39 70 54 86 91 26 
20 26 19 73 33 35 44 30 41 31 69 44 76 74 19 42 27 55 96 37 80 48 92 17 18 11 34 71 60 35 
67 49 79 51 65 5 25 92 80 4 77 22 13 60 30 6 51 50 9 80 71 27 27 11 69 11 30 1 28 16 
92 23 60 14 3 84 59 66 55 8 28 48 47 31 45 47 28 76 21 77 93 37 45 72 19 36 63 31 55 78 
89 75 80 82 28 73 78 50 97 59 35 1 94 28 26 24 95 93 98 4 62 22 84 84 13 67 2 75 98 14 
17 65 10 93 28 3 60 81 62 97 12 56 31 82 16 47 81 79 66 6 13 42 99 82 29 98 28 67 17 61 
62 84 48 70 37 9 79 4 95 22 60 62 82 52 70 62 72 14 68 52 22 65 76 20 83 28 73 3 7 4 
48 44 77 34 44 19 64 82 26 22 13 5 86 95 54 33 32 17 8 19 26 12 68 27 43 49 99 56 85 7 
8 19 60 48 42 18 24 80 85 25 33 76 18 92 49 47 59 57 19 93 52 61 66 53 59 54 74 79 80 82 
94 49 22 9 5 2 11 71 44 49 95 62 73 14 74 99 38 19 13 37 49 14 70 28 90 40 77 33 55 21 
61 62 78 45 31 61 25 72 42 95 90 31 82 75 36 54 74 60 94 72 31 87 20 26 53 92 73 87 11 36 
70 90 31 69 76 66 21 60 41 81 31 67 53 11 3 81 56 79 16 24 98 17 39 61 41 92 22 96 77 37 
68 7 43 62 2 23 15 30 21 17 96 16 67 55 96 74 86 39 95 95 90 92 62 51 45 31 73 97 8 76 
54 56 89 98 29 80 31 97 82 3 30 96 78 29 71 2 28 36 64 89 25 31 94 34 5 25 39 49 45 12 
8 44 22 43 1 29 99 87 47 62 70 68 98 17 41 45 3 64 5 15 9 84 26 97 54 12 41 74 69 58 
64 16 7 91 30 65 11 66 61 17 2 78 59 11 88 85 68 25 18 4 15 39 57 36 83 80 37 34 8 22 
29 48 67 83 45 48 61 57 69 7 87 99 91 92 96 53 14 16 66 88 31 12 31 40 27 2 39 7 2 52 
7 32 40 69 39 50 17 62 10 79 39 49 92 97 85 63 11 80 80 46 80 97 55 78 25 30 32 61 75 40 
45 10 57 37 64 70 88 5 70 37 86 10 23 33 81 52 60 19 22 39 16 3 83 74 74 10 62 50 85 47 
11 51 2 63 13 80 70 84 13 35 50 46 7 79 15 73 83 70 67 59 35 53 25 41 29 7 45 14 38 13 
48 92 84 66 49 75 93 59 84 4 98 95 55 4 68 76 26 12 85 27 68 98 25 98 66 65 84 81 40 42 
45 85 75 55 96 76 57 99 16 26 7 68 56 48 28 70 29 56 39 69 95 45 23 27 72 83 96 61 73 74 
88 7 57 40 11 9 58 70 20 38 38 20 94 89 58 56 29 61 41 91 24 92 59 66 68 31 12 74 37 29 
54 27 27 78 86 66 23 16 55 69 53 22 80 63 82 63 13 39 28 10 15 89 59 76 85 50 11 5 59 80 
76 40 76 46 89 23 32 23 95 22 36 42 93 5 1 83 69 19 27 92 67 95 35 90 71 82 59 12 79 79 
56 39 23 85 18 71 72 63 4 19 69 75 55 55 58 93 21 61 21 53 70 43 88 47 38 46 67 80 92 35 
57 29 63 55 89 43 53 35 8 90 85 92 87 41 61 21 36 93 78 4 92 70 59 34 63 73 92 10 51 60 
27 82 64 71 64 65 17 13 11 29 88 12 27 95 19 22 72 89 54 56 44 74 80 27 5 21 27 91 25 51 
58 98 86 24 54 31 62 8 20 19 79 62 37 99 61 64 73 11 76 96 76 25 57 2 30 88 33 35 86 62 
39 68 76 43 89 20 88 95 59 87 48 48 73 43 39 90 33 30 46 47 71 39 94 94 45 62 2 89 13 75 
41 29 16 88 12 24 48 14 83 12 5 16 44 76 33 35 95 31 46 77 11 96 28 67 86 79 51 49 81 75 
29 78 2 35 20 48 44 37 44 83 77 90 52 58 56 79 58 88 83 33 27 29 42 53 95 14 20 2 30 57 
11 87 37 6 89 45 31 45 44 82 18 55 88 48 23 57 17 1 10 73 83 67 37 71 41 57 27 48 12 21 
50 19 79 57 91 3 28 4 47 64 14 38 31 59 3 89 92 32 49 30 80 31 38 55 30 72 39 72 66 21 
79 57 75 65 13 23 97 68 7 12 88 80 41 31 63 36 1 97 85 71 28 55 93 43 95 73 29 47 19 24 
28 85 67 52 16 19 77 91 99 92 43 55 35 18 37 78 63 38 97 4 24 90 60 84 48 42 15 50 89 13 
39 24 10 59 64 79 49 72 65 71 10 71 13 88 47 4 74 47 69 22 25 29 11 15 87 79 70 91 52 24 
61 90 74 84 14 37 52 8 10 62 81 66 72 3 98 30 91 72 11 86 89 53 47 36 55 13 55 71 46 59 
42 76 67 89 37 84 76 72 21 74 91 90 55 44 11 60 17 45 35 51 59 73 19 49 63 25 64 8 4 97 
6 34 21 77 78 55 25 76 72 48 27 6 41 48 54 68 12 19 16 82 86 74 88 77 49 53 49 27 59 51 
97 2 10 93 90 24 62 47 33 37 25 8 57 68 10 69 67 8 40 55 13 40 64 24 41 17 14 14 4 83 
75 14 12 66 41 74 93 4 82 51 74 99 58 82 91 6 99 61 99 79 92 37 8 44 84 96 8 47 14 62 
7 80 78 6 78 36 4 46 88 16 14 67 29 20 81 64 67 85 22 39 98 2 66 83 70 49 45 64 93 29 
51 64 20 96 84 68 33 73 53 77 48 54 3 74 58 43 95 29 59 85 21 63 6 82 80 18 70 72 30 90 
20 87 67 89 92 57 10 43 69 61 86 83 40 88 49 11 96 65 98 78 65 57 99 41 15 78 38 58 97 34 
82 81 54 67 52 9 87 71 93 48 51 77 37 5 4 81 57 59 21 98 66 72 6 39 30 16 86 26 78 94 
28 1 22 85 94 75 59 90 62 58 74 49 11 28 30 76 10 41 6 67 53 77 72 98 87 3 20 46 16 89 
9 79 61 54 99 67 82 52 59 79 51 44 83 40 40 23 38 29 1 47 16 3 8 68 37 83 27 97 99 90 
18 82 2 37 42 51 32 1 25 98 13 79 73 92 76 15 30 3 16 69 68 81 91 1 43 47 4 82 11 28 
97 15 36 25 90 96 98 12 8 11 80 26 61 99 31 87 78 55 1 57 14 80 9 89 43 52 66 20 43 49 
43 58 9 19 8 80 53 28 25 15 96 53 9 2 61 65 2 41 91 92 57 60 69 55 48 76 13 67 11 8 
56 71 63 92 87 27 17 46 39 77 85 32 73 63 66 37 12 9 57 46 44 72 67 62 72 94 95 37 1 44 
29 27 59 48 98 91 31 42 81 18 97 5 51 5 76 15 74 27 78 61 36 59 26 93 79 6 36 50 21 48 
91 22 85 40 87 7 6 41 55 34 83 62 83 97 25 45 78 33 29 49 67 8 4 79 41 24 26 6 86 25 
32 4 39 39 13 89 93 23 31 19 54 81 64 75 94 69 84 40 73 17 30 78 27 8 36 51 87 34 31 20 
92 16 95 91 17 52 66 88 39 99 56 90 71 16 29 47 51 20 7 29 19 50 18 43 68 57 46 72 79 29 
66 5 47 13 69 93 36 21 2 91 46 62 87 9 93 45 36 87 87 86 85 95 28 52 62 69 30 28 91 67 
31 58 59 37 17 15 67 92 50 93 20 22 49 38 53 27 41 31 25 54 35 10 17 33 61 53 46 27 89 53 
35 70 14 87 99 17 49 48 93 15 69 16 28 91 44 92 36 97 17 16 17 9 62 71 44 41 34 79 22 81 
13 39 98 56 14 48 25 20 61 39 12 48 97 42 73 7 74 45 30 9 36 72 11 40 54 69 98 92 37 88 
6 82 49 53 96 56 93 10 20 30 58 39 77 12 28 8 16 57 26 55 40 88 55 15 45 98 36 57 50 26 
30 33 8 65 67 12 74 90 59 71 89 39 41 37 99 32 20 79 28 22 10 33 40 96 43 64 5 87 52 21 
12 71 77 81 15 52 82 56 78 53 11 37 18 92 80 15 22 88 1 16 31 37 6 69 97 17 77 21 31 21 
70 55 56 76 46 62 67 42 54 88 59 10 1 58 19 23 51 84 30 61 72 22 15 38 44 59 82 8 52 26 
8 94 45 78 42 42 15 72 71 2 17 48 70 54 13 95 39 34 37 81 83 32 90 60 18 26 93 77 60 10 
92 10 60 97 35 21 43 82 36 17 24 42 66 30 65 80 93 80 80 73 39 83 37 7 86 26 11 16 65 24 
58 9 3 55 50 87 99 2 40 93 81 57 74 21 38 43 65 21 91 8 25 20 62 38 67 56 59 7 95 23 
48 39 57 10 61 24 68 94 63 71 10 94 77 58 25 63 40 37 90 89 68 97 9 67 45 54 66 19 8 8 
49 28 46 2 16 69 83 44 2 68 10 29 68 77 12 41 6 19 96 68 45 37 74 31 47 46 87 96 6 34 
42 3 20 31 48 33 51 19 73 45 63 68 94 20 80 50 99 29 35 30 11 87 75 16 5 79 11 28 97 95 
93 83 33 2 19 11 67 99 75 92 62 80 44 8 61 60 80 66 79 38 19 21 99 88 76 26 17 38 63 98 
60 7 70 34 63 43 68 40 21 22 72 74 49 41 34 17 88 67 42 61 22 62 27 76 46 65 29 63 32 14 
35 50 70 36 5 80 58 40 72 59 33 9 22 48 64 28 10 16 16 59 84 83 94 37 77 38 34 87 67 65 
94 15 72 80 18 87 3 19 11 29 46 78 36 16 31 46 25 55 10 27 70 96 47 72 66 37 56 88 74 65 
59 57 56 49 28 43 88 53 33 85 20 75 1 33 25 44 5 94 92 25 71 29 14 9 35 37 92 73 30 68 
3 24 46 3 36 18 71 70 78 57 97 1 24 58 91 76 37 15 20 24 97 7 19 24 57 18 16 89 44 34 
17 48 41 28 10 33 35 97 81 21 28 21 13 71 26 47 79 25 40 28 89 33 68 66 2 60 69 73 20 78 
30 36 72 71 60 47 53 87 27 20 22 98 35 12 69 99 3 19 84 68 48 64 68 97 2 26 80 74 98 18 
86 50 58 1 34 57 23 31 54 96 92 33 93 92 41 68 90 22 7 43 22 16 13 21 68 71 34 59 63 4 
37 59 12 77 21 10 71 44 33 29 87 1 36 55 24 83 64 7 62 94 22 7 49 78 52 1 55 10 40 87 
88 77 10 15 16 18 22 87 36 86 30 90 98 8 2 57 11 40 37 66 60 35 8 18 80 8 44 18 14 16 
25 89 44 33 53 82 73 41 11 84 94 81 99 39 18 26 21 80 9 63 77 8 48 64 47 37 2 43 2 18 
59 45 68 9 69 11 28 7 63 5 78 52 75 61 3 9 91 11 86 83 28 1 85 92 31 53 90 57 76 83 
70 47 79 69 80 4 56 1 58 2 63 2 25 43 36 37 94 76 30 73 26 77 95 75 18 59 39 38 43 54 
90 91 11 2 25 67 23 54 5 91 14 33 59 52 42 8 73 55 79 30 36 73 28 33 77 65 90 18 55 40 
29 4 90 21 84 21 57 54 37 99 86 32 16 27 78 73 35 30 27 18 78 11 97 74 89 13 98 15 5 97 
12 32 32 63 27 87 50 73 30 86 83 3 26 22 35 3 26 44 52 6 58 99 31 4 86 88 35 61 19 32 
83 69 2 68 83 75 50 56 24 90 27 12 94 65 93 41 16 74 57 48 78 35 28 63 9 67 65 96 70 10 
72 85 54 99 13 47 2 93 13 49 70 85 39 3 74 52 98 16 60 35 26 16 39 39 3 15 60 21 53 21 
23 94 23 48 91 5 92 92 72 31 83 89 34 31 40 95 40 36 60 62 71 26 88 62 41 40 14 28 64 35 
84 41 54 57 71 6 15 80 32 64 43 73 9 4 51 49 31 40 42 67 87 39 84 79 21 93 72 75 32 83 
92 97 43 9 61 12 81 11 75 9 50 30 40 94 96 12 22 4 97 44 46 78 38 63 82 50 96 97 42 96 
96 47 44 72 88 2 75 94 67 26 25 33 14 10 30 78 42 17 28 48 43 46 25 74 22 27 71 54 28 41 
14 11 53 38 4 16 35 19 90 17 32 45 20 12 58 10 50 88 13 68 14 84 99 39 62 65 58 45 1 72 
39 74 74 9 14 32 53 88 77 67 62 30 92 64 9 31 44 81 30 72 79 53 98 63 48 58 14 77 36 77 
42 38 70 19 45 15 98 39 61 77 20 20 1 13 89 89 99 55 43 94 25 40 46 12 81 25 14 90 75 93 
5 88 33 94 35 85 85 35 64 92 66 70 47 69 75 90 29 25 25 69 40 8 62 76 43 7 27 88 47 46 
22 85 1 50 9 12 44 34 49 1 13 94 62 21 3 90 53 15 89 40 48 52 16 18 33 19 30 56 57 7 
74 13 31 94 32 51 4 48 3 52 4 12 53 27 17 58 21 60 68 34 97 99 27 74 54 45 18 63 22 27 
16 4 53 2 91 47 6 67 29 19 85 4 15 11 37 35 86 87 66 56 77 28 73 95 27 68 22 75 98 45 
53 78 46 30 71 96 4 21 11 46 92 16 79 7 60 56 43 28 6 89 45 95 4 65 33 85 62 84 58 99 
85 51 41 91 46 59 56 36 72 8 80 96 72 84 55 93 63 17 54 36 93 73 52 95 73 10 98 48 73 93 
11 26 86 32 83 41 64 8 83 74 36 83 35 41 61 55 83 22 86 77 39 92 3 25 79 77 11 47 24 88 
88 34 48 44 89 48 12 77 2 80 83 19 64 52 22 83 17 16 28 15 72 83 98 25 52 94 74 84 33 90 
39 19 20 67 7 87 72 74 6 15 28 30 6 5 94 57 70 58 24 95 46 47 46 61 92 87 98 52 79 30 
28 58 61 65 43 96 68 30 67 13 97 39 8 16 33 50 32 80 32 88 25 95 2 89 32 42 29 92 31 48 
2 89 34 49 81 81 33 12 24 10 56 85 3 36 60 86 41 79 4 61 6 5 42 18 18 44 1 43 98 30 
4 69 34 72 70 30 28 37 18 89 4 43 3 85 12 14 71 23 20 23 30 21 39 34 68 26 40 60 99 24 
28 4 58 88 43 4 30 59 76 71 32 37 5 97 22 46 27 8 69 24 55 42 96 21 63 82 23 20 28 59 
9 95 87 73 64 19 50 39 73 40 65 18 21 57 78 20 6 80 4 54 34 79 93 77 45 65 73 71 51 91 
41 18 94 64 20 26 33 67 86 41 71 82 99 78 92 40 17 59 29 52 78 85 15 46 68 85 38 29 59 73 
58 97 6 87 91 51 1 66 66 55 98 24 7 90 84 35 26 2 44 77 99 36 33 68 23 45 61 16 58 62 
30 19 24 58 97 47 90 46 91 66 48 9 21 42 78 41 79 83 35 94 34 82 78 67 2 99 58 67 54 20 
47 39 10 31 23 16 37 51 53 32 32 83 30 66 13 8 99 46 8 15 42 86 42 66 38 72 94 78 48 32 
38 68 6 84 51 23 62 40 27 91 33 9 35 3 51 92 43 62 79 65 81 50 20 15 34 39 17 87 30 44 
75 35 60 21 90 7 98 31 60 50 9 38 87 42 8 58 53 29 67 5 25 31 41 47 67 65 8 75 12 64 
40 83 13 82 74 78 70 41 75 72 50 71 86 72 42 6 35 20 22 58 60 24 59 89 5 40 65 1 94 30 
27 37 49 53 61 28 32 13 54 41 14 31 39 76 69 9 78 44 85 61 74 11 48 11 93 14 23 10 78 94 
39 65 18 73 47 91 45 74 78 77 92 67 75 50 6 65 7 46 26 13 51 85 22 59 98 95 29 66 7 82 
11 57 56 15 74 57 22 36 51 48 14 85 24 80 69 90 26 91 9 30 42 39 14 30 58 29 86 41 47 14 
38 73 6 51 79 12 45 80 24 60 4 45 82 66 58 6 43 38 73 65 78 59 96 9 49 36 67 79 60 39 
26 25 18 88 96 59 91 65 5 39 60 5 69 66 69 68 45 51 56 12 28 68 25 95 17 34 87 16 58 39 
98 12 42 95 81 22 68 88 96 70 30 65 84 4 65 93 25 41 50 55 40 70 81 88 14 65 57 1 85 98 
66 27 70 32 1 66 5 43 73 47 61 62 7 97 2 8 93 67 11 78 36 88 39 11 78 49 90 92 1 16 
91 16 37 1 80 78 40 51 94 69 77 45 8 71 75 2 42 99 19 96 61 53 53 75 80 93 38 96 74 89 
5 80 25 31 9 54 32 11 76 60 23 53 5 45 90 18 20 86 14 48 80 13 67 23 81 72 7 49 6 24 
26 82 77 90 52 64 73 87 7 18 21 18 7 2 63 49 74 80 36 7 66 8 7 58 1 97 38 79 22 15 
61 11 52 22 3 26 40 81 41 49 9 15 76 20 21 53 53 63 34 85 56 60 99 65 90 50 26 44 59 21 
47 86 60 79 76 12 84 66 13 76 49 75 97 80 32 90 20 6 70 9 22 69 93 59 98 1 29 25 47 4 
89 77 26 42 84 44 21 69 58 16 76 12 41 37 6 21 75 85 64 48 70 64 67 48 3 26 59 97 11 7 
98 24 25 98 65 89 73 89 42 95 96 34 96 72 18 8 93 27 28 22 57 37 54 98 90 91 34 60 49 94 
99 22 90 13 15 27 13 80 81 42 23 92 9 6 85 74 78 15 26 52 30 66 66 95 3 60 78 99 1 5 
43 75 16 28 76 95 13 63 37 81 48 50 87 65 43 61 16 68 5 39 88 78 61 44 6 37 69 51 39 67 
15 51 5 4 82 14 75 41 3 28 86 24 45 92 62 93 7 24 58 89 15 87 41 2 30 67 68 74 86 97 
41 16 87 80 3 77 22 45 19 42 96 6 6 44 42 11 10 29 6 52 59 10 75 66 86 16 23 7 18 86 
21 60 37 92 35 95 15 76 62 22 39 75 73 67 42 35 27 76 29 96 18 87 37 37 22 9 14 21 37 81 
98 5 56 5 87 44 23 63 54 65 68 54 68 19 54 17 45 62 22 26 1 62 64 60 27 20 28 19 93 36 
89 89 39 5 47 4 85 70 33 31 52 6 25 17 3 53 15 43 43 66 91 78 7 42 32 39 42 54 47 18 
96 1 4 92 14 78 17 26 21 21 63 57 27 5 82 79 94 9 11 1 18 44 88 91 70 61 24 84 54 57 
3 25 57 53 2 11 69 69 78 14 23 79 26 69 24 20 65 57 49 30 80 30 3 95 35 96 4 68 26 19 
20 30 50 94 36 48 6 28 50 92 29 68 36 97 84 28 73 2 97 57 44 5 69 59 14 44 29 46 80 76 
54 73 16 39 25 61 24 98 20 79 39 22 26 90 49 26 93 13 24 12 82 88 1 63 22 33 16 63 50 51 
1 63 50 90 42 46 73 89 73 9 34 33 79 47 99 79 74 66 33 95 17 89 91 43 72 48 97 7 68 20 
7 53 20 66 58 34 55 30 74 45 7 64 27 95 3 53 76 23 94 11 57 22 13 23 68 53 99 79 89 32 
33 72 32 10 6 57 62 19 43 66 29 53 48 60 35 12 75 87 7 56 4 20 30 58 77 93 47 34 1 78 
72 10 16 17 14 23 59 95 70 55 72 54 93 50 1 56 33 23 42 50 65 80 48 6 15 12 41 26 54 1 
99 12 46 22 38 74 99 66 97 44 64 79 85 49 95 47 99 31 98 37 1 85 49 69 99 10 58 25 8 7 
16 27 47 99 26 43 51 37 43 67 11 19 53 44 29 20 71 53 78 38 37 18 68 91 14 34 49 17 7 33 
87 92 65 80 73 96 17 42 80 65 16 14 12 50 9 75 33 19 13 78 62 53 27 13 16 6 17 57 74 35 
55 19 10 16 87 89 80 80 52 94 53 87 90 86 96 56 71 77 42 2 24 34 53 22 18 91 32 14 99 57 
99 38 18 71 87 62 97 36 99 49 83 39 67 17 43 19 18 68 52 96 64 52 75 77 4 73 91 54 87 73 
31 76 10 17 99 59 95 24 96 78 44 56 49 31 32 46 49 45 88 6 97 36 26 75 80 28 26 71 49 62 
94 20 93 78 51 91 13 88 37 4 79 76 87 20 82 6 59 99 13 63 83 4 57 55 41 81 93 33 23 96 
86 70 56 67 45 23 9 79 2 65 59 19 92 69 39 40 71 76 16 36 64 5 17 54 38 14 28 67 56 20 
2 58 86 72 30 24 59 60 12 1 78 27 88 57 46 9 33 88 71 7 64 63 87 41 79 49 63 72 88 63 
8 94 67 85 60 36 89 73 52 94 56 24 83 44 47 65 91 59 47 18 71 34 77 67 16 20 13 68 58 5 
60 2 33 1 54 8 84 25 12 55 69 45 78 53 12 8 88 73 81 17 97 54 55 15 79 93 1 68 73 14 
30 6 63 12 54 36 12 30 23 30 34 97 5 72 83 46 51 18 40 78 25 34 42 17 88 31 34 32 8 47 