30 464
89 3 25 51 64 41 63 32 81 87 10 45 96 61 28 36 54 33 85 51 55 55 17 12 53 11 14 55 97 93 
17 19 35 53 63 52 47 47 62 86 69 15 85 80 53 90 77 85 87 40 60 27 29 18 30 44 83 6 41 21 
64 76 8 28 42 79 76 6 87 93 24 57 96 47 2 84 20 5 96 76 27 92 36 65 90 6 9 9 21 80 
38 83 77 75 85 23 16 36 57 17 25 5 10 39 25 47 69 10 86 72 36 86 75 84 77 48 73 50 9 92 
43 26 15 77 40 39 45 57 70 18 95 9 64 13 53 7 75 89 90 85 56 98 90 74 35 78 28 10 47 76 
57 1 47 3 51 76 10 33 43 19 8 7 87 4 56 97 64 26 3 60 82 22 61 5 3 87 67 97 52 56 
4 83 39 95 27 83 73 28 19 57 47 41 24 78 61 97 54 18 88 35 51 81 87 3 76 50 20 33 37 53 
9 4 16 26 95 54 48 72 56 29 83 82 4 35 99 94 76 35 79 44 21 87 9 83 8 86 14 27 13 37 
61 48 38 20 26 25 37 56 51 5 72 39 74 30 20 12 98 53 50 49 19 89 65 26 63 28 50 85 36 70 
47 3 82 94 75 92 26 65 38 19 18 70 82 19 60 84 14 94 39 99 26 28 94 82 15 11 29 28 17 22 
17 56 78 51 8 26 27 31 21 64 36 79 84 67 81 2 93 67 50 65 49 75 80 45 44 70 10 45 12 66 
1 22 89 18 89 99 61 49 33 2 92 16 16 23 58 29 26 18 18 91 84 42 38 87 55 83 17 90 88 50 
26 94 83 49 68 99 97 23 9 51 60 44 43 83 48 60 80 14 24 85 40 44 81 40 53 63 3 45 88 35 
90 15 30 85 42 61 52 13 3 2 3 93 71 67 51 18 54 75 96 98 96 76 96 1 19 73 30 39 30 19 
15 94 21 73 62 45 21 70 26 18 16 36 46 77 5 73 10 12 35 42 84 32 59 93 7 45 90 53 56 23 
91 17 38 33 84 34 45 52 90 53 92 48 52 42 79 24 78 6 6 50 70 92 72 58 61 13 26 67 96 64 
34 74 36 5 18 71 90 22 68 48 8 63 95 29 5 46 64 54 93 50 35 27 11 38 27 86 9 50 49 74 
90 28 30 57 42 72 32 54 61 2 40 68 71 31 61 36 1 2 58 55 70 88 57 25 3 54 37 86 13 52 
39 78 97 99 15 34 36 83 52 96 97 54 73 81 32 42 21 78 69 90 60 18 87 52 66 54 38 20 22 82 
8 41 76 83 93 69 45 10 33 67 79 11 61 89 87 80 36 71 10 4 36 58 44 80 16 81 6 99 2 78 
53 97 11 44 99 72 54 16 80 24 74 83 45 28 74 7 84 97 44 70 71 56 1 37 41 66 22 39 42 74 
52 40 57 82 81 64 95 61 43 2 78 65 23 99 60 17 81 35 30 42 6 22 35 53 26 80 82 67 6 90 
10 46 52 63 66 20 18 12 18 53 26 5 79 35 60 45 77 57 85 35 58 10 72 66 78 98 9 30 56 64 
24 9 4 87 90 40 29 78 16 88 63 33 76 32 90 79 12 84 6 17 53 43 1 11 82 73 85 32 74 84 
69 39 69 88 19 57 27 33 62 95 83 79 51 83 67 71 25 10 10 97 77 49 6 22 31 90 64 27 68 44 
68 26 98 83 43 66 21 48 28 59 32 99 47 49 69 35 7 63 11 82 3 32 78 25 14 57 79 33 94 69 
50 93 83 74 37 67 56 78 36 62 48 33 48 41 1 97 1 74 27 20 87 91 59 87 36 54 78 19 58 61 
41 39 12 87 41 3 73 91 45 93 88 93 98 10 77 97 34 97 33 17 1 68 42 54 90 27 6 58 9 21 
66 42 50 44 41 26 19 61 52 28 81 5 18 96 95 90 82 24 65 23 4 32 25 65 5 70 1 37 43 95 
89 67 10 29 93 38 20 48 53 85 36 59 52 29 61 86 61 58 31 61 97 76 52 41 87 55 66 18 3 64 
37 99 94 94 17 32 94 93 39 85 45 19 16 63 23 1 81 66 47 89 14 8 69 32 81 75 34 52 88 42 
45 62 82 64 27 97 19 52 68 33 48 84 61 44 24 28 64 94 90 30 2 99 20 97 91 11 67 78 14 30 
86 27 20 96 70 72 98 86 92 57 81 95 10 57 97 57 60 41 21 37 71 43 89 33 51 98 94 12 11 56 
41 43 40 95 1 15 41 80 60 31 89 23 59 70 20 58 69 37 12 20 18 25 36 38 74 87 17 74 79 89 
63 93 27 79 71 50 54 49 78 33 36 21 61 76 47 92 19 47 3 1 42 63 81 16 67 85 74 67 4 17 
62 64 81 63 39 2 17 54 61 95 62 2 52 13 53 88 98 32 34 92 20 80 2 88 91 86 72 71 75 65 
47 4 57 81 10 56 60 87 49 48 68 28 74 84 85 54 90 27 10 89 69 92 93 38 38 88 96 30 35 5 
84 70 94 65 18 35 6 27 83 42 66 50 24 66 20 21 20 61 88 42 91 1 90 2 91 94 89 38 63 31 
69 59 88 89 40 22 62 56 14 99 88 53 16 10 86 5 14 86 31 99 38 96 43 91 71 58 90 80 5 24 
60 40 47 36 61 76 81 37 76 19 9 83 3 63 81 8 55 61 43 16 53 18 51 59 10 7 12 45 16 84 
99 64 22 71 35 67 96 60 39 65 69 85 35 29 41 18 24 53 14 90 8 16 27 12 96 56 93 98 90 48 
36 23 81 10 80 63 63 22 20 86 1 98 87 78 70 63 72 4 67 78 91 87 6 92 7 93 62 38 92 59 
65 9 48 30 27 48 27 46 3 61 18 95 61 22 73 47 31 52 60 13 32 40 99 26 28 82 82 93 42 66 
39 57 80 9 63 43 46 20 48 24 90 61 7 27 53 3 80 15 99 22 78 73 7 64 87 36 54 89 6 16 
92 12 4 42 29 62 40 52 79 17 31 46 13 64 58 56 87 27 1 10 87 34 45 53 98 83 82 23 45 25 
38 67 86 50 52 71 65 15 97 33 19 90 89 97 78 68 68 52 24 81 53 75 89 52 7 77 44 39 17 22 
15 76 16 15 2 63 40 9 33 45 54 70 9 2 1 34 51 60 65 81 49 97 71 8 96 78 16 31 53 30 
98 96 50 79 94 33 84 72 95 22 49 43 56 92 32 68 78 69 99 9 61 98 78 76 14 45 53 10 68 64 
57 70 30 43 14 89 78 37 9 90 12 83 71 75 60 58 73 57 61 4 18 72 55 26 14 99 79 44 60 65 
90 70 30 13 41 87 97 69 25 47 61 44 32 57 33 68 13 66 20 89 90 87 38 3 74 51 85 82 79 45 
20 84 59 8 4 49 82 41 69 85 67 86 66 10 94 32 35 6 83 75 83 90 7 19 67 29 20 14 96 50 
92 63 29 18 20 37 23 65 34 98 88 11 21 92 95 79 13 46 44 80 50 96 74 20 6 44 23 3 32 57 
35 88 19 82 14 32 41 19 14 68 74 30 20 10 25 25 35 27 31 94 13 72 1 6 33 24 36 82 64 29 
41 7 78 56 80 46 18 22 89 38 76 12 90 67 16 54 85 70 76 83 32 42 55 91 55 35 31 33 29 37 
28 49 58 67 60 22 61 7 22 24 62 39 71 53 74 2 74 9 75 88 92 30 89 99 95 53 80 85 58 70 
98 75 70 17 60 68 93 90 26 55 17 24 56 77 4 32 17 75 74 73 95 56 40 41 25 90 79 98 68 21 
50 98 16 26 94 18 75 96 28 86 55 4 43 62 26 30 36 46 17 68 2 91 2 25 52 13 12 7 8 93 
9 98 28 54 34 58 2 10 37 20 62 58 29 46 44 67 31 14 20 48 43 50 57 96 25 34 34 11 99 4 
73 41 49 51 26 8 51 1 97 80 51 90 44 2 68 4 96 16 31 79 75 86 71 62 27 25 27 69 53 21 
34 47 33 31 16 43 29 20 55 45 79 61 63 83 19 65 13 27 54 90 76 45 96 50 84 69 27 13 80 30 
97 14 79 15 24 13 25 57 8 11 75 56 44 63 40 11 39 88 79 6 62 61 74 27 66 10 95 6 68 97 
9 25 61 72 62 74 20 2 81 58 25 10 59 61 51 54 79 26 40 44 64 3 45 23 2 51 14 85 63 42 
40 1 79 98 14 96 13 59 4 92 25 83 55 18 68 43 16 97 99 79 18 60 6 70 34 30 46 89 35 80 
21 80 82 58 65 80 49 2 82 65 40 3 63 9 69 12 61 35 29 83 56 28 87 60 75 65 58 34 48 60 
20 88 69 1 66 25 55 51 19 93 77 36 54 44 11 26 26 65 60 58 38 25 31 28 45 33 40 39 60 64 
62 6 67 56 96 19 73 10 17 2 84 99 27 78 83 72 83 33 46 71 81 59 88 37 78 42 53 82 48 58 
79 15 28 64 28 88 19 10 41 59 35 9 55 10 1 88 68 25 39 22 36 98 98 55 74 17 60 19 43 15 
64 22 67 90 37 17 43 26 32 97 72 56 32 9 95 22 6 46 13 33 99 19 21 54 57 86 11 12 57 57 
66 92 75 4 23 13 35 21 61 56 74 88 23 15 63 64 8 52 7 80 36 15 41 86 81 15 69 1 12 47 
33 80 69 21 36 94 8 99 22 39 4 91 18 85 92 84 50 86 7 9 42 16 14 54 14 37 89 95 62 73 
98 61 78 19 24 1 58 40 49 48 9 2 68 31 67 36 40 29 88 17 7 38 46 53 84 44 95 35 23 95 
83 75 10 33 88 70 44 32 84 67 21 29 80 24 14 49 78 27 54 26 6 50 21 53 20 67 53 21 95 45 
78 48 27 90 87 67 46 57 64 54 18 62 50 2 19 98 97 16 52 10 68 86 2 28 62 44 89 39 80 19 
73 95 97 88 54 93 35 38 33 71 23 1 70 5 99 80 67 92 72 56 59 53 51 72 92 80 37 35 19 14 
28 12 65 28 96 3 64 22 2 81 15 86 84 64 68 71 68 78 90 19 17 43 64 24 11 16 67 27 51 16 
91 39 42 7 33 65 80 26 77 24 35 79 88 51 21 70 67 64 95 85 40 21 82 64 61 45 36 65 64 70 
41 46 84 61 69 7 33 90 68 15 44 66 59 84 93 22 6 88 59 20 63 47 29 58 39 66 79 12 30 97 
67 21 41 34 85 79 5 72 28 9 91 93 89 90 6 43 51 37 55 97 51 9 78 57 51 11 88 99 22 50 
83 82 67 77 85 56 69 88 94 19 95 41 72 89 18 80 18 58 50 28 97 30 10 55 34 50 4 16 21 18 
96 45 68 33 68 57 49 8 36 66 93 97 82 12 57 1 84 32 27 56 48 12 45 43 79 16 81 15 87 28 
53 16 85 46 58 6 16 9 65 15 38 69 91 69 38 56 42 41 91 6 17 81 75 27 15 32 51 44 76 46 
25 17 80 32 18 57 61 25 10 26 67 44 51 98 5 30 3 43 69 93 34 74 33 58 79 35 67 73 16 67 
56 2 89 26 81 38 91 57 56 12 11 9 11 65 73 42 56 54 32 96 79 67 9 36 18 20 87 11 8 96 
9 20 66 30 12 13 13 78 98 45 91 76 80 72 67 53 50 36 65 93 20 50 23 84 54 73 13 62 32 42 
22 56 77 48 28 81 22 2 71 72 13 57 59 16 99 49 42 98 98 83 1 15 53 33 10 82 8 44 22 74 
55 53 16 71 89 33 18 17 17 12 47 90 70 34 84 19 74 39 59 95 6 66 32 83 92 64 94 40 86 59 
9 33 57 68 46 77 89 74 28 23 6 32 40 24 15 73 10 82 67 37 83 72 46 46 19 64 90 69 70 5 
13 74 42 15 76 19 69 67 83 79 18 70 80 37 8 31 86 51 94 8 20 4 84 69 45 26 99 73 84 71 
27 6 38 70 76 60 21 83 20 31 24 10 23 67 48 64 95 81 9 48 64 95 82 28 34 84 95 87 86 80 
21 73 95 88 28 73 21 8 45 53 94 74 94 48 89 34 97 37 50 18 28 19 52 58 45 88 14 42 75 88 
24 25 91 35 60 4 79 59 81 58 21 6 60 61 14 31 88 85 21 11 52 95 25 91 46 16 20 88 85 57 
16 77 17 1 21 23 58 40 80 61 15 56 54 44 75 24 41 78 64 81 81 39 13 13 70 58 77 29 21 71 
56 95 50 19 73 13 50 38 9 21 16 37 16 44 55 13 64 68 36 60 67 12 3 87 19 13 43 71 16 99 
76 56 31 87 2 20 68 24 32 34 39 30 98 11 63 61 31 31 25 34 19 32 50 7 37 29 63 79 56 1 
22 49 30 90 81 42 88 12 95 73 56 86 16 75 65 65 21 58 15 90 90 94 56 20 71 61 67 75 47 98 
65 28 40 61 91 51 5 74 73 22 58 95 82 13 6 72 78 13 33 74 74 61 80 41 17 51 40 38 82 10 
76 23 10 67 86 73 84 27 73 86 53 62 58 25 8 70 94 51 53 96 99 35 18 56 72 81 43 90 15 34 
26 98 64 61 35 2 36 15 27 59 20 7 44 82 32 91 4 70 86 85 36 88 19 34 35 70 69 87 55 22 
25 45 70 32 9 66 98 76 44 44 35 33 2 38 68 81 72 6 64 12 85 84 83 94 50 85 11 89 95 47 
87 25 55 67 29 92 1 27 89 4 72 47 85 83 56 77 61 54 84 84 6 64 77 66 54 94 40 64 59 67 
8 75 5 80 20 74 99 69 86 1 58 58 61 94 74 91 18 20 69 79 60 50 95 83 23 64 6 27 6 9 
4 82 85 39 74 60 80 87 87 57 58 94 15 75 60 44 48 76 74 72 68 12 95 95 59 12 6 67 38 34 
58 72 40 77 20 18 80 14 70 98 90 24 56 40 53 78 90 31 6 4 13 96 58 78 32 60 65 34 95 43 
15 4 93 23 80 25 63 48 40 72 88 15 95 51 3 23 7 38 48 38 86 76 87 98 2 27 16 80 84 93 
19 39 38 28 69 7 99 25 69 97 80 51 83 69 94 92 69 18 45 60 86 92 40 78 55 17 47 12 20 83 
2 51 93 59 97 68 12 20 36 50 37 77 65 84 43 68 52 64 56 33 90 27 86 22 79 88 8 66 69 11 
3 25 86 67 13 99 98 59 70 56 73 53 30 24 74 45 27 66 20 87 19 18 5 95 17 15 9 27 80 98 
62 1 53 12 58 70 43 43 73 26 45 56 66 30 28 20 67 49 7 87 79 20 59 22 66 54 57 23 33 16 
68 85 44 9 15 29 28 73 5 36 14 88 84 21 34 91 81 63 38 56 74 85 95 34 56 37 38 92 26 23 
8 66 82 25 40 82 77 3 19 95 16 57 42 59 8 70 6 6 88 65 17 52 91 90 43 70 46 31 22 49 
27 11 31 31 21 51 98 38 72 66 85 87 78 37 75 11 82 47 21 23 11 9 48 68 82 24 67 94 77 85 
20 6 42 74 47 1 29 24 27 90 61 59 56 13 77 63 88 95 76 79 43 80 92 52 34 69 40 48 5 86 
10 80 63 87 84 7 70 14 81 83 15 53 6 14 8 28 96 59 84 58 23 44 68 1 25 30 13 47 80 59 
86 72 16 70 23 1 18 77 23 90 52 98 82 70 87 34 40 82 15 35 54 98 48 81 58 24 91 54 37 82 
64 38 69 34 77 28 57 8 55 14 69 45 58 10 63 57 5 52 51 68 50 15 43 47 52 25 28 90 52 99 
9 40 84 37 40 19 87 48 43 20 41 97 13 44 3 97 49 51 56 37 98 75 30 99 5 74 66 6 52 84 
64 9 60 66 96 37 21 15 88 95 98 87 91 30 59 12 36 95 26 41 77 23 65 21 81 84 89 6 44 71 
15 7 28 63 58 35 59 16 11 1 99 15 84 18 12 77 65 90 63 36 87 57 85 67 96 38 98 31 95 93 
34 86 71 28 38 34 3 77 4 91 97 1 40 12 41 63 64 37 23 78 91 95 93 31 57 22 89 44 92 56 
52 52 90 38 53 82 3 65 84 15 34 35 45 25 70 63 73 16 63 35 91 37 22 48 63 90 68 84 67 6 
81 4 53 59 18 36 95 53 30 72 86 87 28 11 99 61 39 74 92 56 16 27 8 54 24 4 60 41 29 90 
61 74 57 21 40 70 87 43 91 90 74 26 70 38 70 81 64 57 71 73 10 15 43 14 29 50 58 12 1 22 
10 31 10 57 94 25 9 62 16 37 57 40 55 58 94 68 40 88 50 86 74 22 52 90 98 60 32 61 65 48 
97 8 93 17 32 56 72 24 6 40 81 25 64 9 40 65 54 4 93 56 62 69 63 26 62 86 7 60 86 74 
69 88 24 10 56 11 64 47 60 49 48 49 96 18 60 11 84 29 23 32 18 49 2 45 84 87 47 22 38 2 
20 83 85 76 14 95 67 19 24 46 86 88 37 99 89 13 9 14 49 90 91 49 6 19 90 55 12 95 73 89 
96 94 35 56 44 7 13 73 33 70 75 80 31 48 75 54 52 64 42 67 69 13 24 80 52 40 25 97 29 24 
69 99 89 39 33 3 59 52 74 83 24 77 70 6 65 3 45 9 24 74 85 96 23 57 25 37 88 84 34 93 
81 78 58 79 16 75 9 90 28 53 93 44 4 64 58 26 51 35 13 93 7 74 41 5 68 20 93 16 65 55 
42 78 8 72 27 71 13 73 47 31 39 37 6 68 76 60 62 97 29 9 37 45 33 18 46 3 31 27 23 79 
88 86 27 77 67 90 65 86 2 86 15 89 42 91 78 22 19 96 16 18 87 78 50 3 89 92 28 45 82 55 
79 87 40 17 34 36 80 80 9 70 33 17 2 1 64 15 69 15 95 88 4 32 44 72 28 61 83 15 48 78 
25 44 33 56 73 70 30 22 99 75 28 9 79 96 3 92 5 79 10 47 86 40 15 46 84 70 95 73 7 97 
28 64 11 39 50 2 21 7 14 54 24 65 73 89 75 98 27 97 81 18 55 85 2 16 23 72 71 2 96 30 
90 42 28 61 95 17 97 40 52 38 7 70 14 67 16 91 77 4 53 60 73 53 14 94 11 8 94 93 89 44 
36 18 21 17 9 43 86 54 36 25 57 44 23 47 31 7 63 35 79 43 51 14 89 48 90 50 15 21 5 28 
19 3 12 43 86 57 20 55 7 80 39 66 84 69 58 2 64 77 59 34 74 73 37 69 97 16 14 84 28 39 
95 50 45 27 47 33 86 27 21 75 51 28 72 36 58 48 35 15 53 14 1 55 98 11 89 64 59 80 76 90 
20 3 52 99 64 78 25 8 72 61 44 45 7 54 23 76 43 53 74 61 35 27 21 20 72 37 64 58 17 98 
68 45 64 26 37 53 94 17 64 32 97 68 26 50 9 40 70 19 41 26 52 63 52 39 78 84 32 54 63 95 
90 5 55 32 13 91 56 59 55 33 3 73 16 16 56 82 57 1 34 81 44 6 1 29 78 36 72 86 49 7 
4 49 77 4 45 73 10 83 97 59 45 29 51 3 23 14 77 53 3 42 63 58 58 85 31 31 71 2 60 52 
19 40 69 91 47 46 31 52 53 52 64 33 3 62 90 56 70 73 66 27 32 93 84 43 69 13 48 84 81 24 
42 84 27 20 48 80 17 95 16 87 35 57 34 2 46 63 46 89 20 96 83 74 59 72 16 76 91 12 14 99 
77 56 18 17 86 29 51 81 30 93 36 80 23 33 62 40 80 11 34 27 41 43 53 74 76 79 56 16 48 33 
97 91 34 19 97 65 78 75 69 64 74 11 37 20 90 9 8 85 69 95 4 88 22 2 8 68 27 44 98 27 
97 42 17 8 97 9 56 52 75 57 85 35 19 63 20 19 89 55 41 70 88 96 7 89 71 52 16 51 40 95 
23 83 98 51 85 47 78 32 69 6 54 36 20 75 69 78 42 33 55 88 54 96 61 58 44 84 87 75 43 16 
62 76 77 96 42 10 64 41 19 45 5 45 56 86 51 40 43 62 92 74 38 52 58 91 38 24 11 81 50 46 
32 99 39 45 74 71 13 14 86 17 80 18 46 85 11 99 46 26 12 37 13 56 39 81 3 94 92 89 46 6 
30 15 43 83 22 45 93 71 72 50 14 12 65 40 12 87 24 40 2 92 22 28 33 96 35 55 52 67 69 95 
87 68 16 62 30 5 92 50 44 69 39 74 54 55 4 19 90 58 87 49 30 65 82 39 26 27 80 70 58 59 
36 34 14 24 9 92 60 53 12 30 4 75 60 68 23 33 44 71 69 11 28 61 53 38 26 7 99 5 72 33 
23 57 2 91 88 22 41 58 44 38 93 34 68 65 77 1 67 72 54 73 2 32 36 60 49 53 26 77 59 23 
59 61 62 27 63 79 42 74 12 36 25 52 91 51 11 5 27 68 85 11 36 15 53 26 1 90 69 31 28 2 
97 27 11 58 91 88 67 45 15 70 13 46 16 78 1 7 90 1 48 54 87 32 60 49 29 76 87 65 66 7 
79 36 60 8 23 26 51 6 50 84 45 74 79 26 67 13 1 71 22 29 18 38 54 93 48 1 29 58 36 45 
14 80 63 63 12 79 14 55 37 46 48 70 74 47 55 85 85 14 90 1 65 15 8 86 97 66 29 32 12 36 
69 5 15 15 54 35 23 62 18 96 69 82 5 91 20 96 96 18 2 26 46 37 23 7 28 96 15 37 69 49 
25 67 50 37 59 52 57 28 72 10 72 81 47 48 33 18 57 85 17 19 39 85 15 66 84 97 19 10 12 36 
83 2 61 80 70 29 27 88 63 34 12 83 3 66 56 31 41 91 39 28 92 95 34 39 92 56 12 3 99 98 
91 16 84 32 83 86 27 68 14 4 18 80 23 10 99 16 85 48 73 49 89 92 86 45 35 98 57 67 18 89 
20 41 15 79 33 35 63 81 58 1 10 73 76 44 61 65 6 76 73 34 11 69 3 51 41 15 14 82 63 97 
25 99 9 45 68 6 10 12 39 60 63 76 78 76 78 38 91 82 42 89 58 96 81 63 16 79 38 26 93 34 
60 24 80 60 34 86 22 8 17 65 78 18 59 77 99 96 47 42 27 33 95 37 29 7 23 71 3 90 17 26 
8 25 74 89 16 58 37 22 87 85 99 16 52 71 94 23 58 65 16 64 50 12 50 21 72 60 55 70 58 65 
30 64 26 37 74 43 41 24 82 85 34 81 61 70 56 76 27 35 31 84 83 53 81 57 79 18 4 23 5 55 
23 24 30 61 54 80 94 11 90 56 15 29 29 6 30 4 66 15 26 53 88 84 27 25 36 81 14 36 19 15 
4 99 11 22 39 8 52 84 93 14 63 34 43 37 17 11 54 7 71 73 13 64 36 40 50 18 6 81 51 44 
38 49 29 43 73 18 10 90 39 14 74 1 87 24 98 27 19 19 26 65 13 13 50 74 38 92 18 87 78 6 
30 53 55 23 29 3 94 88 31 31 81 8 87 53 93 80 77 38 41 27 17 17 8 39 65 46 61 83 66 98 
55 99 62 77 73 95 2 67 70 2 78 67 45 80 48 89 76 82 50 90 58 49 14 18 14 43 20 93 67 13 
67 65 4 85 68 25 66 20 49 64 90 58 35 90 62 15 70 5 16 99 8 14 45 56 72 77 72 81 77 68 
27 10 79 91 5 82 2 17 21 58 34 39 23 84 36 15 24 61 4 58 73 51 37 33 53 80 9 3 6 31 
69 86 72 57 72 86 50 68 42 47 55 27 50 22 54 22 23 13 64 4 78 37 30 29 32 48 93 16 62 91 
96 75 73 99 87 93 28 96 43 93 92 45 55 51 60 92 66 32 99 97 66 20 87 92 71 86 49 40 1 64 
53 34 41 74 99 14 40 38 15 42 55 41 62 38 76 50 74 88 52 56 83 88 55 75 64 72 64 3 13 59 
3 12 53 28 69 6 34 28 74 61 55 54 63 56 65 27 85 41 84 50 87 35 38 45 29 52 67 35 11 77 
47 44 47 61 67 68 15 4 29 65 22 69 20 69 9 50 58 71 12 82 69 88 59 16 21 7 89 25 8 37 
51 92 97 33 36 19 62 41 71 16 68 41 62 29 97 69 16 86 44 95 44 80 25 98 7 5 93 11 92 78 
1 3 25 49 28 62 88 23 59 46 3 39 48 29 26 99 17 32 36 7 41 93 15 47 28 95 44 80 44 77 
68 29 22 19 85 88 46 99 90 36 35 64 17 19 64 65 46 11 6 15 46 22 47 41 40 10 50 3 27 73 
89 39 87 5 31 75 25 32 39 58 83 83 99 77 17 40 62 90 66 63 37 60 94 11 41 2 95 39 10 59 
96 64 76 45 5 84 81 96 98 77 24 14 53 97 47 1 95 39 54 95 60 90 49 9 2 18 28 5 74 62 
22 41 33 20 28 1 89 9 1 39 19 69 50 67 86 57 43 65 42 99 13 70 9 85 63 95 66 68 66 73 
94 81 34 86 58 69 39 2 39 48 64 66 10 28 62 79 52 48 77 40 81 63 51 23 35 9 69 90 50 87 
26 83 95 48 95 13 17 57 97 56 19 30 34 95 49 69 16 78 15 33 5 90 34 70 33 44 23 13 29 68 
10 5 48 84 99 50 17 85 35 65 78 46 32 20 35 74 18 3 53 81 37 64 35 32 14 28 72 58 38 60 
92 3 74 65 45 60 24 20 34 17 48 85 99 66 68 14 34 85 84 83 50 73 32 22 35 9 19 13 12 47 
86 24 14 36 54 8 50 23 78 12 76 41 14 82 55 81 29 29 65 25 73 85 15 32 64 21 79 29 98 31 
33 44 62 30 50 83 84 88 82 58 17 25 49 99 69 66 53 92 81 73 90 52 46 11 24 73 37 74 1 27 
23 61 20 30 33 31 21 18 1 63 94 60 98 4 25 53 67 60 64 2 44 73 12 83 23 83 44 59 18 95 
59 13 45 3 28 67 37 17 32 77 53 3 75 53 95 87 94 67 45 69 47 80 81 11 92 58 41 14 90 81 
67 49 46 33 8 38 2 4 71 1 97 93 82 26 52 19 77 32 51 14 51 32 16 8 44 37 5 89 83 23 
32 74 55 81 29 94 88 32 92 94 26 80 55 69 59 53 4 65 46 67 41 19 90 52 57 38 47 80 30 70 
86 87 5 34 69 78 59 83 1 15 98 23 56 46 34 35 5 67 55 1 90 67 22 77 8 66 37 26 86 17 
42 86 22 62 2 87 96 23 23 7 14 49 39 61 57 93 79 9 2 8 96 72 72 61 70 79 60 71 67 27 
38 11 93 3 42 35 68 35 52 90 40 83 93 16 33 34 55 85 90 35 54 20 56 55 61 35 33 39 79 44 
52 6 97 89 3 20 83 45 53 20 28 63 96 68 18 99 39 79 95 1 1 60 49 80 92 71 79 56 8 56 
73 80 84 29 44 72 63 93 35 41 13 8 53 50 95 50 14 76 19 63 75 45 36 30 76 24 15 98 50 75 
98 66 31 35 59 5 35 88 98 67 51 85 25 60 53 88 11 63 22 82 99 16 81 88 38 5 10 41 81 48 
1 9 97 38 4 99 34 22 9 57 40 13 27 34 17 44 50 79 56 43 37 88 39 81 47 33 41 69 73 64 
51 34 98 44 7 33 6 76 47 86 32 51 12 53 18 77 85 20 11 76 66 98 69 20 1 35 3 82 33 47 
79 80 81 7 78 89 89 87 34 66 60 68 28 91 6 87 20 60 68 32 85 1 52 40 51 30 10 73 76 80 
44 78 18 11 81 7 16 88 84 80 66 52 94 50 21 84 75 9 34 33 15 56 43 48 43 66 14 88 69 55 
72 93 87 29 90 71 52 37 7 97 36 53 31 91 7 76 96 32 46 31 35 27 66 63 58 49 41 94 87 48 
25 97 77 68 25 3 18 93 5 82 32 56 87 66 51 12 47 79 17 85 88 64 44 99 90 84 13 56 56 16 
84 38 18 21 17 12 41 39 36 24 16 23 16 37 65 89 76 10 66 80 93 64 92 93 13 29 94 40 13 71 
2 73 55 57 74 87 38 77 18 74 42 2 61 67 73 20 9 50 75 20 85 29 24 41 17 18 51 19 3 84 
54 29 57 79 24 19 84 74 43 59 31 6 97 2 61 4 97 78 76 6 48 87 98 29 21 18 75 13 22 39 
57 92 72 82 58 55 7 36 7 69 15 67 59 28 63 63 70 5 38 40 10 79 86 16 98 54 77 15 31 36 
75 3 33 76 82 44 50 43 3 83 36 26 53 53 61 30 80 34 41 9 23 57 84 90 44 54 25 15 13 25 
28 37 14 67 84 17 43 55 98 55 75 34 4 56 6 27 80 44 38 29 19 87 55 14 63 44 94 92 52 3 
82 61 80 4 10 55 6 60 44 10 22 29 49 3 76 99 45 77 17 68 26 64 26 47 12 43 73 54 58 23 
17 39 14 60 74 81 45 12 45 36 5 44 1 52 37 66 32 15 72 42 5 6 15 36 91 7 97 52 13 25 
52 27 22 63 77 23 3 79 2 88 21 7 30 85 34 68 66 77 44 9 52 52 83 40 10 51 11 1 81 4 
51 27 62 41 37 81 11 11 60 46 89 55 25 92 24 11 56 42 94 92 77 3 81 74 79 6 27 72 92 57 
12 96 33 58 11 86 27 61 3 54 41 59 93 74 11 6 48 91 28 46 40 83 25 48 71 59 15 69 35 83 
1 23 10 48 99 20 2 22 53 96 73 24 12 53 85 21 40 93 13 17 17 29 63 6 47 34 12 58 53 23 
19 84 57 86 90 29 58 4 7 38 89 67 33 32 90 3 5 99 93 90 45 93 96 82 95 27 98 39 31 72 
91 21 41 1 71 48 95 33 63 80 50 21 30 47 91 23 2 95 26 46 80 91 2 53 90 90 37 24 41 74 
41 12 93 18 45 18 7 85 89 87 22 27 47 41 21 53 88 86 49 70 24 85 46 9 15 11 72 76 37 8 
63 34 5 24 34 48 85 5 49 73 58 70 67 88 58 22 67 32 5 61 52 87 31 85 65 87 98 15 75 80 
43 8 54 53 11 64 25 12 18 5 79 63 96 75 5 99 94 17 98 44 3 81 11 95 30 46 46 88 27 17 
34 87 13 43 38 17 30 88 45 6 51 10 87 57 75 14 3 29 40 92 25 3 21 50 44 6 21 42 42 22 
23 8 49 88 75 84 12 61 25 9 75 65 99 55 98 20 22 34 66 8 92 82 68 25 40 76 16 77 55 94 
52 58 35 29 67 84 22 33 33 32 70 59 83 94 83 81 54 76 55 95 75 39 78 94 69 6 36 23 3 14 
77 76 59 79 7 9 68 6 79 17 50 61 56 15 32 4 82 91 86 24 54 38 7 22 20 26 53 6 70 22 
35 41 3 94 67 59 52 7 70 91 14 44 64 62 24 89 20 10 3 35 76 58 77 38 81 22 99 66 14 48 
9 58 48 62 72 89 32 85 44 71 70 41 77 6 97 35 65 69 32 73 12 92 64 4 73 39 1 22 17 46 
2 19 12 47 40 22 14 53 9 87 60 95 99 72 69 83 80 56 76 51 65 57 39 64 35 43 90 6 91 31 
1 26 77 47 5 60 99 7 57 37 31 2 44 53 86 93 29 20 17 46 33 91 96 11 51 59 48 3 11 26 
30 71 57 35 9 36 94 19 60 12 16 32 5 79 25 53 38 66 79 19 3 77 12 30 7 64 63 89 47 91 
60 23 46 12 18 2 24 16 5 6 23 11 99 90 6 91 49 25 14 15 23 24 79 85 75 7 22 34 78 53 
23 21 27 46 57 3 30 25 48 89 33 97 77 64 29 59 64 63 97 50 32 78 76 72 15 34 2 19 38 56 
49 71 7 74 63 56 25 55 97 1 65 81 16 30 36 33 35 8 85 2 34 39 33 51 56 48 20 80 89 14 
83 29 30 13 7 5 92 52 90 37 65 17 1 2 63 85 64 62 27 1 90 6 58 59 61 30 18 73 60 64 
81 41 47 88 9 61 27 40 41 24 19 88 12 19 77 93 17 36 99 41 1 85 15 49 67 35 42 29 72 46 
88 68 44 6 80 78 91 89 14 27 44 45 95 38 80 66 21 58 49 74 88 3 80 52 69 6 64 41 36 5 
20 82 27 1 75 71 37 2 21 91 21 9 4 88 42 65 35 46 51 20 5 98 82 57 15 34 28 64 71 67 
95 74 56 5 64 73 11 85 86 63 49 27 36 36 42 38 9 45 45 59 39 3 52 81 37 69 99 91 79 27 
19 1 74 58 26 44 84 27 45 88 97 25 87 63 43 54 31 85 5 90 40 68 39 27 11 76 7 78 17 62 
90 42 40 39 76 48 50 85 11 4 68 15 13 79 35 57 6 73 92 80 50 24 94 49 60 58 81 36 64 38 
8 56 31 74 52 67 81 99 74 41 84 47 43 66 16 60 59 68 10 75 9 18 3 16 58 62 53 28 17 92 
95 60 51 52 79 4 4 98 64 88 65 48 19 38 17 99 73 29 58 71 57 2 21 69 43 38 67 71 73 84 
42 58 6 14 34 35 5 75 84 91 44 5 52 22 38 94 42 48 13 48 88 92 23 9 5 36 20 68 2 74 
47 29 24 82 24 14 45 70 83 78 27 27 10 37 71 3 40 3 74 13 66 10 13 18 36 51 65 47 73 74 
50 55 97 53 46 71 53 7 92 51 80 18 30 37 2 65 18 81 21 61 86 49 99 25 83 76 56 22 75 67 
18 5 8 68 39 42 6 57 72 82 99 10 13 18 43 57 11 37 11 18 79 43 66 90 68 55 76 68 71 68 
90 37 39 16 43 14 82 67 12 61 83 97 79 36 80 25 7 23 78 57 41 84 16 22 55 24 37 67 86 70 
54 84 83 43 84 51 71 57 48 24 11 49 93 89 68 92 65 84 57 28 98 78 2 33 97 69 46 58 56 51 
98 33 6 21 51 52 89 92 49 24 14 10 30 61 54 50 96 29 48 52 89 3 4 23 8 25 44 72 73 66 
82 48 86 26 43 80 9 33 85 36 41 90 92 3 20 53 94 11 67 85 71 87 81 39 82 97 19 21 81 17 
93 32 90 38 43 75 54 43 92 50 14 19 27 40 10 60 26 97 4 43 37 94 85 39 74 57 97 21 98 43 
92 20 77 19 94 8 70 46 40 48 46 89 91 19 41 55 93 12 59 42 20 11 48 42 47 22 88 34 7 54 
61 52 36 44 51 68 34 36 73 34 40 49 75 42 26 65 65 59 10 12 82 87 43 53 11 21 1 53 86 71 
94 44 41 94 17 69 33 3 42 41 9 36 13 4 5 93 30 84 85 58 47 24 58 87 58 19 71 9 93 1 
18 64 56 35 17 4 30 40 85 71 30 49 3 47 14 83 10 38 52 83 7 69 1 58 31 54 21 39 49 33 
91 9 15 98 68 96 50 43 9 70 13 14 20 38 84 75 94 27 88 54 92 12 18 18 3 99 23 43 9 7 
96 32 80 26 43 92 2 71 20 63 33 29 63 64 26 12 71 11 90 63 61 53 48 58 82 85 3 43 51 35 
53 99 96 72 30 60 78 16 97 93 24 55 34 24 21 6 58 33 92 63 17 85 83 82 95 89 57 97 60 43 
16 1 61 27 21 52 28 16 7 97 13 43 94 59 87 77 84 46 93 58 85 20 60 24 79 31 68 37 34 66 
15 19 18 51 40 6 71 20 89 80 1 17 91 76 33 83 67 97 60 3 59 22 54 66 89 26 42 44 86 27 
24 78 94 1 23 72 95 21 90 66 5 82 96 1 73 60 45 1 61 41 23 12 40 71 31 8 7 74 46 32 
24 35 17 93 74 11 21 53 21 57 65 46 73 92 59 87 78 25 89 81 58 16 2 96 78 23 31 51 68 24 
79 15 63 50 64 79 34 98 39 33 73 4 45 81 2 8 84 1 41 24 84 63 60 78 74 88 61 55 50 75 
26 96 42 37 57 73 92 63 58 40 78 26 74 13 58 38 47 96 31 23 94 76 87 56 73 90 21 80 52 12 
25 44 95 44 6 55 21 88 23 75 15 94 33 76 81 12 16 52 36 32 47 47 89 5 41 95 32 90 37 6 
32 93 8 24 90 17 90 99 23 73 67 56 24 98 19 98 94 84 99 10 34 71 23 6 35 87 64 8 24 64 
63 80 57 62 58 90 32 59 75 68 50 77 48 4 93 6 54 10 9 33 75 81 69 57 54 61 94 52 39 22 
19 65 93 80 24 64 92 24 90 41 18 1 62 55 56 93 74 64 34 99 75 25 65 10 26 86 91 50 4 46 
57 70 54 31 38 20 46 28 79 74 58 14 42 90 26 82 12 77 86 16 27 67 76 13 79 32 39 56 36 75 
84 1 41 75 87 51 15 88 76 60 70 44 68 81 1 33 66 21 16 87 83 28 57 70 97 30 72 3 45 60 
62 69 43 29 57 46 3 2 32 63 46 30 7 74 58 21 39 11 26 60 2 35 39 3 80 95 63 30 61 20 
89 9 93 68 74 79 76 3 35 48 47 51 7 62 59 9 88 55 48 98 29 12 8 2 23 43 78 35 52 88 
46 47 64 12 52 85 81 40 78 6 84 99 74 75 64 99 21 29 19 35 35 66 36 42 25 89 92 62 73 98 
95 90 48 89 66 30 36 45 20 53 99 70 25 4 46 86 24 45 82 70 70 67 9 73 78 33 55 99 23 81 
92 26 17 26 43 36 87 23 7 57 30 58 2 46 19 32 16 47 2 75 79 10 96 12 92 40 13 55 49 40 
91 55 26 96 34 49 65 76 28 48 81 6 16 97 99 97 25 59 37 91 32 85 20 72 69 23 15 84 61 83 
21 34 86 22 3 83 21 64 69 10 32 15 43 59 65 7 72 65 12 93 41 33 6 8 86 61 34 44 18 58 
49 93 72 48 96 9 8 38 94 72 62 66 85 76 72 19 22 48 24 26 39 12 87 13 18 47 86 23 16 93 
92 20 95 96 29 85 49 23 16 56 80 19 44 87 29 20 99 64 14 40 65 83 21 46 14 73 51 43 82 1 
65 12 98 58 84 87 73 2 31 46 50 86 22 21 26 11 69 66 90 71 52 64 90 79 22 86 60 99 56 78 
51 2 72 44 74 76 96 82 25 11 27 56 72 55 56 1 91 28 5 60 24 15 63 17 43 86 38 21 53 99 
55 56 51 37 46 98 9 15 29 76 45 40 58 95 68 26 36 63 70 78 54 79 71 40 16 2 13 31 21 28 
27 65 29 12 18 1 2 4 76 8 35 12 86 78 65 1 31 88 59 11 35 19 57 13 61 25 71 94 60 24 
97 93 96 27 96 7 77 82 13 42 71 82 62 43 22 52 90 62 66 28 79 22 55 78 63 11 15 95 96 2 
98 84 67 37 24 56 55 42 28 59 41 53 18 87 87 69 93 71 59 89 26 12 14 23 33 4 72 7 4 8 
62 33 72 26 4 45 92 54 32 8 14 6 23 7 70 21 66 18 31 24 15 24 63 21 7 1 47 2 21 4 
12 80 98 82 24 88 33 94 55 95 51 32 42 49 6 5 4 43 38 68 88 33 84 85 54 11 85 3 87 30 
51 29 23 61 47 76 94 90 51 93 54 96 91 20 55 32 51 82 18 76 34 83 76 74 94 1 19 4 54 18 
54 92 14 24 3 95 50 99 27 21 40 87 64 36 2 35 57 21 54 78 74 27 88 7 38 6 60 44 79 19 
61 54 81 91 42 47 12 76 49 36 96 62 97 60 37 74 69 86 17 2 40 71 75 58 92 36 34 15 78 9 
39 76 41 17 63 72 76 33 68 76 73 49 92 57 49 49 79 48 25 66 49 32 93 20 66 56 49 6 1 63 
62 57 18 78 46 28 15 25 57 65 49 9 44 74 71 41 28 15 17 80 70 39 83 42 22 20 78 16 51 28 
65 47 79 58 35 12 41 97 35 53 14 66 46 80 33 15 92 5 8 97 73 71 63 24 66 52 48 55 77 89 
19 4 5 30 96 39 13 41 41 22 87 17 77 33 86 35 58 36 4 9 11 32 15 69 43 82 86 16 25 81 
59 63 25 57 8 96 13 19 88 8 9 7 7 3 2 84 5 7 68 43 98 48 32 94 17 10 22 26 53 34 
45 35 75 78 76 36 47 32 18 87 29 58 15 94 15 8 68 80 7 30 50 13 1 23 24 73 89 37 45 22 
96 19 57 73 67 35 22 48 53 30 6 41 34 21 8 85 46 15 65 70 65 78 6 34 84 82 62 62 51 87 
54 34 74 58 91 9 41 81 44 32 99 71 2 8 64 72 99 76 86 98 88 36 88 53 48 12 58 4 42 15 
16 37 72 98 84 63 83 26 34 26 59 39 41 96 61 43 76 33 37 64 74 68 57 16 42 3 50 87 25 79 
85 98 46 77 1 11 78 34 54 20 42 62 28 35 56 86 57 15 89 70 55 19 11 46 61 64 64 86 10 38 
34 60 16 76 29 92 48 91 75 58 27 77 64 62 60 36 93 74 80 15 3 74 24 8 29 80 25 38 65 29 
18 85 79 54 19 35 76 38 8 39 64 40 63 88 97 84 82 74 7 98 87 66 83 21 72 34 14 56 48 70 
28 1 88 37 89 45 58 37 74 98 16 79 16 19 32 4 99 55 31 40 35 93 45 11 49 70 95 61 48 26 
8 7 11 60 49 9 47 10 27 31 18 88 43 88 69 94 1 60 22 13 48 63 30 58 66 2 61 13 75 94 
60 2 66 87 7 74 7 50 67 86 96 47 27 16 1 65 37 80 85 57 69 24 20 88 67 11 79 58 67 93 
27 44 42 40 25 7 1 40 71 25 36 28 3 30 26 50 11 3 82 97 60 23 32 29 52 35 80 25 7 56 
32 75 29 22 36 61 26 41 31 68 93 56 20 34 74 85 58 89 27 51 68 36 51 66 93 91 83 66 45 49 
80 41 69 78 33 46 40 40 67 91 83 37 2 63 13 11 56 14 26 30 21 91 34 38 39 56 9 12 79 41 
41 1 45 91 92 6 92 50 16 45 93 47 54 18 30 36 69 77 71 20 29 1 32 37 34 17 80 25 3 92 
85 31 34 37 95 19 33 44 18 97 99 44 32 96 97 86 71 52 29 9 78 92 7 61 75 97 88 12 14 79 
69 33 71 91 34 62 24 11 30 7 93 44 39 3 85 94 33 12 62 6 43 78 98 75 5 10 57 46 51 78 
93 12 78 55 6 42 19 86 42 55 72 11 90 47 26 18 78 86 97 67 90 95 71 14 98 66 9 19 42 99 
4 20 77 51 17 35 89 87 95 1 30 64 37 9 69 65 63 36 37 25 63 76 32 82 14 20 25 9 11 27 
63 84 1 57 9 53 20 65 84 76 78 7 6 46 61 32 52 30 34 15 68 76 11 72 63 15 77 77 68 45 
69 50 29 17 24 32 61 98 8 35 49 4 95 82 37 95 88 26 90 83 75 68 75 47 48 10 96 29 40 53 
49 37 53 3 28 57 76 20 76 37 8 96 92 90 14 52 19 38 69 91 55 64 63 80 83 38 13 26 80 38 
24 30 30 37 77 47 20 30 22 76 87 50 80 62 92 68 49 62 83 97 89 68 7 12 8 75 99 32 75 43 
88 26 90 47 70 94 97 71 6 14 71 4 36 4 84 30 87 30 34 19 41 23 95 42 16 23 79 51 15 42 
98 81 40 94 27 54 63 65 76 96 63 18 17 14 99 45 23 17 57 31 7 62 71 67 12 10 20 93 55 87 
53 63 46 16 56 70 7 5 81 72 45 71 18 30 95 81 22 10 76 24 72 60 5 70 16 98 45 26 30 82 
2 40 89 79 91 10 79 23 67 21 93 42 1 99 30 67 31 50 74 50 99 83 98 1 86 77 5 96 33 51 
27 55 36 31 26 71 80 39 24 18 10 45 57 9 49 95 8 94 39 4 18 94 22 33 66 95 68 17 94 20 
26 72 62 69 88 60 90 79 12 84 34 67 37 69 30 19 10 27 97 61 42 25 4 92 54 29 57 92 18 90 
33 70 81 97 33 66 62 9 29 52 47 85 34 24 42 65 39 68 9 93 83 90 74 88 23 37 42 98 72 48 
73 47 65 45 77 93 11 86 32 20 35 12 51 45 94 28 43 8 38 22 19 72 64 51 3 48 73 20 43 48 
14 95 88 1 86 82 90 68 23 73 34 29 92 68 57 56 6 75 19 43 23 71 19 29 29 41 16 76 79 41 
7 90 99 80 38 67 69 47 41 35 13 85 3 51 48 91 78 97 80 23 82 32 72 5 97 81 42 44 78 95 
37 56 99 66 32 45 59 28 52 65 73 11 92 54 6 29 99 13 92 16 11 35 22 6 26 46 87 18 10 58 
53 52 30 32 69 83 66 48 80 61 7 84 16 93 82 12 93 49 1 35 39 79 81 10 85 70 69 90 69 40 
28 33 48 40 15 42 78 31 70 98 37 62 1 18 34 98 67 29 55 34 21 67 68 12 9 19 28 91 32 45 
58 55 46 81 13 19 21 39 55 57 64 16 56 80 46 71 97 47 43 48 75 52 97 6 14 85 22 65 90 23 
36 92 84 42 14 78 34 98 1 93 29 47 77 45 89 34 87 60 46 22 36 28 42 31 54 84 81 30 68 31 
1 50 55 19 88 65 71 79 61 38 53 78 97 19 26 57 22 83 33 97 19 27 59 27 88 19 70 75 43 98 
84 74 20 35 53 60 50 74 68 61 80 70 74 78 45 87 4 51 87 13 2 8 34 28 17 8 34 10 25 25 
79 52 62 80 23 98 90 95 58 26 50 20 72 4 75 14 32 16 57 43 54 94 59 74 62 55 40 62 61 63 
17 83 59 53 36 54 39 96 63 44 50 35 25 63 75 60 48 1 94 90 66 37 66 1 88 54 47 19 2 45 
39 70 80 86 86 14 57 90 37 35 89 6 7 97 30 3 48 7 48 73 93 23 30 17 70 35 33 57 13 3 
25 13 68 53 84 65 11 65 91 47 84 41 12 33 38 7 46 27 64 91 18 99 92 29 58 25 37 25 99 13 
66 99 3 83 32 17 7 6 1 92 91 84 7 83 86 48 49 93 95 68 93 14 42 10 89 70 31 46 95 41 
91 44 83 85 90 60 33 6 31 8 65 49 8 70 86 76 23 60 96 24 99 87 68 1 1 59 71 74 16 76 
41 49 16 41 37 19 55 85 48 1 46 83 74 35 53 60 75 58 53 12 38 44 82 43 21 36 33 38 72 78 
33 47 84 40 32 53 43 53 85 51 54 90 74 40 49 84 56 46 34 4 75 69 34 30 64 67 63 48 44 7 
66 59 20 10 56 4 70 97 55 79 36 35 49 50 52 71 80 33 20 92 19 89 50 30 34 94 24 24 17 33 
67 59 56 60 59 1 93 51 54 87 5 78 32 70 68 88 32 19 42 88 73 14 9 89 11 11 98 12 68 92 
27 89 2 16 5 20 64 26 85 65 38 63 71 41 57 52 94 21 65 47 91 86 60 66 75 66 35 20 88 12 
24 32 24 95 51 66 1 66 22 44 63 91 57 62 3 8 37 85 61 62 17 38 19 58 10 26 62 12 84 82 
43 98 97 67 46 96 81 7 62 31 24 86 11 62 52 4 84 93 55 74 39 98 21 33 87 80 41 13 40 27 
48 44 54 30 82 29 75 23 78 20 73 17 62 91 93 14 64 15 14 97 95 83 35 68 30 1 26 9 12 60 
49 57 9 81 34 73 86 27 17 43 86 9 10 16 16 52 17 69 6 88 5 17 80 65 71 95 35 41 35 72 
43 34 16 62 40 62 55 17 32 91 1 27 55 6 13 11 93 51 22 93 52 74 53 57 26 99 53 85 53 96 
55 28 80 2 85 11 64 32 12 97 74 25 32 67 9 87 35 15 95 1 45 57 44 12 25 62 59 41 66 32 
18 25 5 65 53 68 91 45 66 82 61 62 3 22 47 54 48 2 35 95 42 13 9 27 27 66 61 37 78 16 
15 61 15 96 4 12 94 65 38 91 26 1 2 65 16 15 40 53 43 72 47 51 49 60 29 19 49 65 22 58 
43 83 16 83 95 93 16 3 90 74 16 26 23 15 76 99 67 47 40 60 74 32 38 9 54 71 19 53 81 69 
54 14 9 57 58 51 68 3 91 37 1 68 66 48 85 55 73 38 7 64 96 47 3 17 98 68 81 72 54 56 
41 19 2 66 80 56 70 36 65 26 84 14 43 25 97 52 54 89 66 43 7 61 41 19 61 50 23 28 68 2 
58 33 69 21 39 9 23 20 89 34 32 68 19 28 41 25 61 94 29 51 20 86 82 90 68 50 76 91 26 39 
86 92 3 98 9 23 18 26 47 84 99 30 14 62 62 96 82 61 16 83 67 7 15 48 1 19 92 97 30 3 
8 12 98 96 78 14 15 46 79 81 71 77 30 7 72 32 70 34 58 72 89 47 53 98 40 24 20 86 33 9 
45 57 58 97 80 69 22 49 51 32 62 32 97 49 9 36 40 99 8 87 37 96 61 70 70 10 36 10 43 63 
40 19 89 2 44 10 31 21 20 10 45 40 45 99 94 65 4 52 87 94 19 97 90 99 60 69 43 95 62 74 
86 99 6 21 42 63 80 75 38 91 61 67 44 48 41 79 67 48 86 30 10 53 87 38 24 5 48 72 41 86 
89 99 79 99 43 76 76 65 73 72 19 36 14 50 79 19 70 67 48 19 38 86 8 50 21 25 63 19 58 48 
66 20 62 69 82 33 99 4 40 71 72 23 52 25 74 60 7 79 53 60 36 94 52 20 11 63 48 53 10 28 
88 85 16 27 74 88 87 55 35 27 84 91 5 55 23 23 43 95 24 44 79 20 68 51 12 34 34 8 84 7 
67 11 37 81 16 25 70 16 56 37 56 39 92 52 27 1 46 30 65 53 50 19 88 26 19 56 24 30 72 96 
45 95 47 83 21 35 54 37 51 59 72 14 70 54 58 35 29 58 16 64 49 91 22 3 95 81 34 74 5 61 
15 16 50 82 68 64 7 2 4 90 8 69 80 45 2 32 64 44 84 53 28 14 67 9 25 61 73 60 69 83 
91 54 98 26 75 44 32 97 20 87 76 94 31 90 5 21 11 43 53 9 28 68 28 57 4 53 21 37 16 15 
68 23 59 32 56 67 2 39 33 30 17 4 64 56 97 50 70 26 57 78 9 26 72 82 98 95 29 92 53 49 
16 98 25 85 37 23 56 16 16 59 85 57 11 37 82 6 7 35 15 62 88 81 30 58 94 94 27 53 84 70 
75 90 10 20 22 34 22 16 67 26 22 69 57 97 50 45 50 9 73 95 43 27 24 69 8 47 80 64 78 8 
71 38 97 73 88 59 50 26 92 19 5 70 4 39 16 97 61 98 83 49 40 31 9 97 97 65 30 5 27 32 
80 6 37 62 74 15 43 45 43 16 97 12 70 73 50 35 26 10 69 41 51 13 3 43 55 75 46 77 12 47 
95 12 92 97 42 14 40 54 11 74 11 19 59 81 27 91 75 18 5 99 42 11 97 79 27 82 54 12 91 9 
63 96 62 4 17 6 53 61 31 45 56 2 84 14 34 3 3 16 32 16 56 24 76 39 55 27 92 42 12 42 
4 83 68 77 11 29 73 25 71 36 85 86 51 28 54 36 21 77 14 22 65 93 43 53 83 92 4 70 80 57 
21 68 44 69 93 6 80 10 60 44 70 70 18 23 89 29 24 45 95 10 27 49 65 29 34 61 60 62 27 3 
56 51 51 86 86 7 15 43 25 50 85 64 31 69 35 13 30 21 51 25 61 64 1 65 90 79 92 36 69 80 
45 65 85 2 48 27 11 43 54 99 50 63 1 62 34 62 21 18 25 71 37 65 69 12 38 29 12 56 59 49 
49 24 99 50 57 54 25 98 19 30 95 77 78 99 30 38 10 97 60 78 17 87 73 38 42 41 82 68 37 6 
8 15 68 14 70 23 62 94 24 30 34 59 17 2 28 48 25 36 51 49 5 18 29 71 69 85 11 58 60 74 
65 4 76 57 20 55 68 83 70 9 41 10 3 37 47 45 51 43 97 19 59 98 24 70 3 52 15 90 90 55 
75 25 53 35 43 65 94 32 97 70 55 24 41 35 60 66 23 93 68 53 16 86 18 39 92 98 65 69 81 80 
43 77 80 44 97 39 28 23 5 6 96 85 82 30 32 73 57 2 43 14 79 4 53 23 91 27 90 21 41 88 
77 14 5 30 24 65 54 26 67 38 48 46 74 51 5 85 79 16 62 4 58 35 54 90 28 37 80 61 44 2 
98 82 39 43 21 51 30 44 74 3 94 41 9 29 95 80 39 49 70 28 82 22 52 25 69 40 50 5 60 47 
69 7 56 89 27 27 56 36 22 45 51 78 37 7 62 37 97 9 17 35 1 50 22 42 58 18 67 44 24 57 
57 8 8 42 92 51 70 52 62 41 25 19 11 81 44 3 15 77 55 41 21 39 30 2 66 86 73 8 55 17 
47 55 70 92 82 59 26 27 54 29 5 50 17 38 65 27 26 72 68 47 14 39 97 2 68 14 29 24 15 92 
54 98 83 48 26 96 1 53 89 21 57 6 23 70 43 35 67 67 58 7 3 92 12 21 39 27 97 87 65 87 
88 40 95 62 20 23 27 69 42 13 42 55 49 27 54 17 74 26 32 34 16 2 9 52 5 6 96 94 16 12 
73 37 16 97 37 5 43 57 23 75 26 75 63 78 20 6 65 46 50 44 42 90 64 98 38 68 59 52 58 8 
64 7 96 52 3 53 43 51 74 81 84 47 24 49 84 59 80 13 35 52 86 23 48 68 10 61 55 39 88 70 
57 23 51 26 31 71 55 37 90 64 61 73 24 92 21 2 90 57 52 26 36 78 29 54 36 62 47 41 16 74 
89 52 51 57 91 95 5 38 33 94 15 97 30 74 11 5 31 61 37 28 94 27 67 16 92 68 20 54 54 25 
96 1 11 25 94 82 22 14 26 49 88 88 30 72 83 97 56 80 32 58 78 86 77 64 62 6 78 48 35 42 
62 61 70 53 44 18 51 63 32 7 75 26 56 41 23 3 15 37 59 11 37 9 50 47 27 25 2 21 91 9 
92 39 93 23 79 54 9 90 1 6 10 44 14 80 66 72 68 54 52 63 10 15 83 55 87 37 52 8 56 58 
49 34 4 22 88 52 74 15 37 30 80 86 16 4 91 35 89 83 27 87 98 54 79 4 11 72 60 35 45 37 
58 7 18 77 51 55 19 22 7 32 39 72 46 53 54 81 7 42 88 25 62 72 54 90 41 28 29 51 15 57 
80 10 50 40 48 86 9 1 67 80 60 6 33 88 10 12 22 56 32 88 36 63 9 98 18 38 48 37 54 16 
54 85 93 22 19 89 35 56 80 68 40 26 84 12 51 72 89 75 4 90 91 8 59 88 44 61 70 75 18 31 
28 59 99 18 31 88 78 81 43 72 56 5 31 46 76 28 66 25 72 38 14 54 15 11 41 90 30 99 74 89 
80 34 8 39 36 8 32 28 80 92 67 48 49 26 14 42 48 48 89 21 23 24 81 22 67 42 45 18 69 28 
61 15 13 51 78 15 64 67 24 96 24 35 35 75 40 89 78 62 10 82 23 68 16 9 30 43 42 93 34 69 
36 15 99 27 96 27 6 49 57 86 90 17 57 71 19 99 68 61 54 90 15 17 96 49 77 45 47 28 54 71 
63 13 74 7 68 66 10 61 18 36 75 78 80 98 5 18 10 99 48 97 45 78 1 65 80 6 17 81 47 5 
71 97 80 4 94 16 35 68 72 21 64 3 98 52 6 25 46 72 27 40 81 31 39 37 55 65 48 41 65 52 
80 87 44 79 52 10 49 46 85 76 7 58 56 82 43 61 21 64 31 37 28 85 5 64 79 70 65 52 5 54 
75 12 4 70 48 17 19 96 37 23 97 22 63 72 38 88 27 22 11 19 81 70 44 7 90 48 82 99 12 94 
5 81 64 86 68 55 77 49 34 84 64 76 59 25 47 37 17 22 18 71 27 14 22 87 25 33 77 44 29 37 
99 28 65 70 22 33 42 17 49 59 43 87 86 92 61 53 59 54 64 42 95 59 39 69 45 61 4 27 15 5 
81 72 33 32 34 54 13 11 23 78 81 25 51 97 48 9 24 56 53 87 60 49 38 93 94 58 59 68 98 19 
67 31 46 87 69 22 19 61 38 35 69 45 7 27 91 24 28 66 95 8 12 69 57 91 18 80 5 5 92 99 
29 65 97 45 94 56 30 36 61 92 77 19 69 18 42 16 50 12 93 95 61 42 61 32 39 45 79 17 51 65 
82 1 23 99 46 58 60 77 78 35 62 80 11 90 95 27 80 71 51 17 84 15 34 39 65 79 19 74 73 10 
52 94 42 24 54 30 95 4 80 61 86 23 1 6 54 11 81 20 64 28 3 12 2 79 35 47 35 11 52 28 
55 23 69 64 28 40 19 59 85 51 60 86 28 61 87 57 92 99 26 26 61 92 83 67 68 46 48 10 55 42 
10 6 5 63 9 64 20 5 61 15 1 89 68 56 19 26 66 53 73 1 19 49 69 47 40 26 56 86 87 83 
43 50 85 49 16 85 40 44 32 98 37 54 84 50 64 36 90 54 91 95 41 32 41 84 28 61 31 30 9 6 
55 49 14 39 96 36 30 39 18 64 64 93 85 56 26 8 10 33 6 28 6 87 31 10 13 28 43 76 51 76 
84 24 4 64 39 74 8 99 22 7 73 24 89 18 46 82 41 25 63 73 63 36 86 83 53 27 80 91 51 36 
28 2 45 38 5 25 31 24 11 72 82 51 98 22 3 16 4 3 88 25 43 46 57 46 38 69 58 66 29 6 
31 51 66 82 26 76 93 20 47 31 41 59 30 84 46 61 20 87 38 54 53 29 40 14 18 72 61 18 23 30 
1 42 32 78 17 10 74 75 30 31 59 92 85 74 5 56 83 99 62 78 68 11 50 71 63 98 84 59 63 28 
85 83 81 78 66 81 57 39 85 21 39 81 70 49 44 60 46 79 64 90 85 33 88 99 69 11 68 91 58 27 
62 82 70 43 45 99 41 12 37 30 55 31 86 19 85 73 2 7 17 83 93 23 47 52 26 83 59 85 91 73 
83 35 1 48 23 27 52 75 36 32 46 88 14 12 21 90 42 43 14 21 34 72 83 36 21 90 57 34 54 77 
55 57 4 41 73 73 23 99 42 63 82 26 58 32 69 87 70 87 15 73 85 79 14 27 65 2 67 44 99 58 
84 30 6 42 84 17 88 77 28 87 67 25 90 69 87 84 99 41 4 47 30 83 85 15 4 64 40 24 9 86 
9 33 58 88 46 64 60 34 78 3 14 27 12 21 48 43 93 17 51 5 40 7 32 28 15 67 95 54 28 25 
80 14 6 50 91 46 82 56 74 87 38 89 7 33 82 63 60 95 70 78 6 54 39 52 13 80 23 89 5 65 
18 3 26 34 65 47 50 67 39 41 72 1 78 28 88 18 43 17 85 55 37 95 14 48 68 53 13 99 69 14 
60 4 42 34 95 81 47 13 59 15 61 90 42 62 84 18 57 85 75 60 51 71 35 7 44 55 51 36 11 93 
57 46 3 39 61 43 5 88 70 74 14 93 79 96 15 59 27 85 11 55 96 35 25 80 8 29 25 96 28 59 
98 42 6 13 96 62 78 48 50 73 15 48 92 10 88 82 72 59 25 39 73 48 95 25 8 75 66 17 47 98 
86 38 92 91 37 96 97 26 70 60 22 51 47 60 57 25 6 37 54 52 40 12 62 89 24 38 20 70 33 70 
74 13 94 64 5 43 79 22 66 96 94 2 21 91 30 55 40 84 23 32 35 16 89 58 76 31 72 21 19 59 
40 10 66 88 46 83 23 64 21 93 81 76 58 25 10 92 36 38 91 84 75 58 32 20 9 89 38 48 55 49 
41 48 51 22 27 10 94 7 55 55 49 5 15 96 81 12 21 39 64 42 15 88 93 46 28 30 62 69 32 56 
71 8 12 58 54 7 97 96 65 97 21 92 14 36 17 1 36 23 47 4 87 86 61 51 78 74 25 93 43 12 
14 89 45 12 67 66 64 87 54 81 83 93 5 82 78 22 88 9 4 37 17 77 82 12 57 63 94 31 75 79 
8 6 15 95 56 4 16 90 26 27 65 58 13 80 47 22 59 54 98 55 3 95 61 92 28 7 99 51 82 66 
78 61 58 50 39 85 85 29 14 83 47 88 34 69 11 46 37 95 29 68 97 12 88 59 22 63 6 62 44 43 
63 99 11 48 5 64 78 67 99 18 19 73 75 66 77 18 48 60 83 30 81 92 89 1 2 32 42 74 89 69 
71 94 89 63 29 9 79 53 15 99 9 16 96 42 47 38 81 2 2 46 8 95 58 18 10 62 85 87 9 5 
17 78 75 28 71 83 61 95 25 92 67 3 72 97 59 22 58 52 71 5 1 30 75 98 92 17 32 9 69 1 
25 4 51 23 47 59 99 79 76 32 22 94 43 14 41 87 12 96 92 54 15 35 59 63 99 61 38 84 61 30 
11 84 33 22 96 70 77 7 39 8 28 23 3 90 70 37 39 33 88 38 85 71 27 20 73 74 71 93 53 1 
62 17 49 46 73 11 75 88 67 67 4 27 52 77 26 86 13 91 86 47 53 73 76 86 30 26 65 95 57 87 
16 1 16 9 10 94 79 25 17 43 48 71 39 87 76 29 7 44 13 61 52 29 99 6 1 47 75 71 85 67 
96 34 29 24 92 17 64 42 1 16 77 4 70 90 1 84 85 38 21 94 93 53 33 63 7 62 33 51 75 77 
86 58 92 67 77 12 15 29 80 75 13 74 24 4 76 14 30 94 31 52 4 6 48 45 82 20 87 30 30 17 
38 16 46 36 14 66 40 38 64 54 48 58 24 70 66 49 17 56 94 87 12 92 88 54 6 77 1 36 25 63 
59 54 8 68 34 73 26 20 14 64 96 94 66 38 79 55 97 29 18 10 81 86 82 19 97 11 22 35 19 23 
88 63 12 62 29 49 64 17 43 32 32 62 48 2 1 27 60 18 77 78 5 2 24 16 47 51 83 91 2 61 
95 74 5 98 64 82 37 17 42 66 95 9 79 79 8 79 98 50 10 29 97 43 19 66 77 45 19 49 25 87 
90 46 52 2 72 60 29 85 97 79 2 92 31 89 71 43 98 61 52 51 40 32 28 49 78 6 76 30 43 18 
60 68 74 73 65 18 99 59 23 11 61 27 27 90 15 42 3 49 46 24 36 67 84 22 80 1 87 71 8 55 
46 1 27 16 86 48 72 76 31 63 71 13 81 28 70 49 26 50 12 58 69 28 72 8 79 4 19 47 54 15 