30 472
75 95 5 56 39 90 93 55 43 7 40 60 26 45 63 10 83 45 89 53 18 53 80 7 26 68 1 78 61 72 
28 17 41 23 3 8 64 52 57 55 24 53 98 31 30 10 2 66 90 26 36 19 4 84 55 4 60 39 89 73 
38 28 24 55 98 18 26 99 32 32 97 11 83 62 40 19 87 93 6 7 33 58 46 72 62 38 48 98 56 27 
87 79 14 14 8 81 23 26 59 61 37 43 37 12 97 41 75 37 13 1 45 36 21 14 45 73 90 48 16 57 
79 74 86 37 7 70 59 39 21 98 66 82 81 92 88 33 65 5 91 88 54 1 50 67 55 32 60 85 27 80 
45 51 92 11 80 22 15 39 40 6 4 82 18 99 11 46 87 29 39 40 7 35 58 46 34 30 51 46 83 97 
84 43 1 17 37 40 93 58 18 94 25 29 40 88 11 94 85 30 88 27 9 43 95 1 80 46 42 8 92 58 
66 16 33 22 15 51 3 60 73 45 18 82 33 63 7 55 10 73 83 48 1 15 32 68 53 49 67 12 80 70 
83 46 89 31 37 89 75 71 29 93 36 42 23 43 52 97 5 58 56 8 55 24 32 82 85 3 79 61 39 83 
64 97 67 3 11 73 33 44 66 46 45 38 3 63 42 4 30 50 37 84 39 82 85 15 15 90 17 16 68 71 
22 15 15 20 69 3 18 47 87 94 26 96 72 36 37 54 45 50 78 75 22 71 15 55 92 92 8 60 20 39 
42 5 10 71 52 66 89 20 59 42 31 92 75 91 57 15 88 68 49 1 96 97 21 22 33 88 29 12 39 11 
7 3 88 56 92 79 80 10 36 85 39 67 32 58 36 25 67 84 3 97 49 56 75 56 87 27 54 26 57 84 
12 94 19 4 89 86 82 41 1 1 92 88 92 24 43 76 4 83 8 64 42 8 81 42 82 15 97 30 80 68 
34 21 26 68 41 72 68 81 61 75 96 75 92 18 45 2 58 62 87 2 82 16 57 86 44 30 79 60 82 4 
42 67 32 18 28 99 67 18 50 21 58 56 76 5 19 61 8 96 21 49 41 93 17 47 85 62 90 83 20 63 
95 62 17 59 59 34 58 86 77 23 88 82 44 24 21 49 54 97 2 54 98 79 73 5 6 28 54 14 78 49 
35 38 34 35 28 98 1 28 96 33 53 50 58 7 39 63 82 24 54 93 32 63 76 27 95 46 51 24 15 23 
45 56 9 22 91 36 16 71 83 57 60 88 37 71 90 73 10 6 37 46 85 44 42 2 38 3 5 80 60 98 
7 74 8 97 96 58 51 16 40 19 74 29 55 84 32 88 67 46 95 47 31 37 7 81 33 2 27 6 46 61 
40 34 46 53 80 45 32 14 48 81 14 25 78 13 36 78 1 17 62 82 88 62 38 51 71 30 61 12 83 64 
71 63 76 82 76 17 94 31 20 28 74 44 60 85 19 5 66 48 19 16 12 76 62 70 51 75 13 61 96 78 
51 89 6 72 42 55 28 42 75 13 2 57 89 19 27 6 72 12 20 41 91 4 87 42 82 29 61 87 75 33 
2 87 71 74 68 53 93 80 29 34 18 21 51 72 36 89 79 75 55 8 11 69 39 42 70 86 95 54 93 20 
28 60 73 48 27 11 78 57 72 86 12 38 78 20 20 92 89 3 51 41 72 41 11 52 44 82 94 96 29 66 
44 85 38 18 51 43 93 35 95 93 51 17 89 6 19 12 86 43 97 30 45 40 69 68 25 16 67 20 57 56 
8 21 60 96 11 64 10 76 43 59 89 24 93 56 48 63 64 38 38 12 34 6 51 88 49 17 91 17 44 11 
30 98 71 46 71 19 13 12 90 61 93 68 27 30 79 75 23 87 22 59 1 58 36 69 47 82 65 71 92 34 
33 19 56 70 53 94 71 6 22 64 98 17 6 5 30 10 64 78 80 88 87 53 15 47 79 14 65 10 20 28 
53 52 5 24 29 16 18 97 77 25 28 30 66 60 99 47 70 52 7 3 25 71 76 18 75 83 36 30 82 32 
41 16 84 99 27 13 85 36 98 19 96 45 92 40 33 60 6 5 65 99 97 38 63 12 48 10 5 95 91 89 
9 18 54 11 18 35 10 32 44 91 18 55 63 48 11 79 4 65 5 45 60 11 95 54 51 49 18 94 36 2 
47 69 42 32 70 18 53 32 16 85 26 19 26 44 12 37 74 12 94 10 16 93 27 67 53 31 36 19 50 94 
66 51 35 7 81 79 43 79 19 73 95 75 13 72 10 40 67 70 18 20 38 32 2 47 6 75 22 51 75 30 
38 81 42 61 8 89 76 51 51 55 8 78 44 94 77 35 77 23 6 87 61 10 61 43 49 88 72 41 78 32 
36 60 37 48 32 63 89 21 64 41 27 23 30 39 24 13 34 64 81 9 39 50 76 44 94 55 24 54 7 11 
69 50 81 37 9 39 50 66 49 50 77 41 18 95 92 42 48 18 81 79 27 41 43 65 52 2 7 69 87 29 
19 82 52 15 62 17 27 58 27 57 36 15 24 57 22 73 57 66 73 3 62 4 99 80 6 71 8 14 54 78 
84 75 96 5 40 41 31 77 47 61 36 72 51 33 95 10 28 63 87 65 96 30 85 50 74 54 2 89 29 47 
94 15 46 64 80 21 24 13 23 93 56 39 49 5 33 30 52 13 24 97 23 79 44 41 66 18 21 55 22 52 
60 82 9 79 31 50 88 61 3 37 52 14 65 6 97 67 96 58 68 45 26 46 90 15 5 8 24 65 48 28 
71 65 70 24 27 91 86 74 54 14 45 86 56 96 15 65 30 39 31 67 26 57 61 18 5 70 78 50 74 47 
88 93 52 64 49 32 44 3 83 74 24 67 49 79 17 63 62 34 35 31 25 10 50 26 66 5 11 28 18 63 
27 36 3 15 60 89 49 8 98 2 70 16 39 86 64 31 5 45 40 88 5 59 13 70 23 80 20 41 56 39 
63 90 89 77 20 79 20 8 27 85 92 80 17 18 22 42 96 1 60 35 97 90 3 88 30 81 39 24 60 69 
19 63 11 34 95 84 44 88 56 89 38 8 37 56 63 85 66 55 39 70 9 96 58 90 39 3 24 54 16 41 
39 44 91 76 35 37 73 99 83 70 71 62 72 41 66 59 56 42 30 41 57 45 92 33 5 40 70 69 45 94 
92 4 7 65 57 58 63 54 28 46 84 34 94 95 91 28 39 45 91 88 69 17 46 34 1 39 29 17 1 44 
15 99 58 60 90 61 31 33 32 39 19 5 45 97 18 73 16 22 6 34 72 10 24 25 98 40 42 69 51 37 
84 92 47 1 83 91 56 10 1 58 31 13 3 34 96 77 9 71 99 62 43 47 69 52 85 32 2 19 58 77 
24 8 65 22 1 99 81 72 16 98 25 80 45 41 6 98 55 98 15 32 4 58 15 75 95 94 19 28 75 21 
84 84 53 13 16 54 3 20 33 13 16 5 36 8 6 94 55 39 93 32 28 67 72 53 53 16 47 18 89 3 
62 60 85 4 92 10 84 44 58 72 76 2 23 84 2 24 76 67 93 41 70 8 68 56 94 37 53 45 50 41 
89 2 49 36 85 76 7 84 50 75 12 38 90 82 89 44 10 24 3 87 42 37 22 17 5 92 43 54 18 64 
98 78 69 69 99 16 45 27 73 8 34 89 6 51 63 45 63 42 51 12 40 3 98 2 20 9 30 13 76 36 
89 64 9 56 56 45 45 82 83 63 37 59 99 46 73 37 58 46 79 94 65 8 1 43 76 71 89 38 69 49 
25 11 21 14 71 90 60 39 14 43 39 73 8 43 17 56 48 76 43 74 37 77 56 78 95 14 42 47 51 55 
16 26 80 81 51 40 86 93 79 78 26 24 15 8 88 18 67 8 9 36 78 96 28 12 48 93 13 44 28 92 
96 48 78 27 13 67 12 32 42 10 43 83 65 3 98 51 65 38 66 15 73 82 53 38 32 64 87 93 72 52 
56 83 75 56 26 33 86 57 15 9 34 95 16 13 50 36 5 47 4 69 9 29 99 67 29 63 10 26 98 66 
43 91 82 87 81 39 51 60 9 70 90 42 40 46 43 99 71 80 83 52 75 13 17 17 76 11 40 6 80 20 
13 99 60 93 57 2 5 80 34 90 57 99 78 56 59 50 12 60 18 84 30 40 91 46 81 53 86 9 29 68 
92 65 34 25 69 92 90 19 81 41 37 81 73 49 60 44 4 81 24 45 66 1 41 66 2 3 75 90 64 98 
50 1 14 56 32 26 94 24 30 48 5 86 48 14 85 84 78 49 70 49 11 84 51 67 4 60 17 96 24 65 
71 38 49 53 90 37 79 55 1 78 62 13 57 84 76 5 64 17 46 83 52 94 36 60 38 31 54 31 29 12 
86 74 49 7 46 72 72 20 34 89 23 27 73 53 66 95 59 22 89 59 57 53 7 52 89 58 61 26 74 83 
69 5 60 31 64 75 10 4 10 4 54 46 83 1 32 81 61 42 38 95 17 91 35 38 82 23 94 19 30 38 
25 59 98 99 76 72 18 14 99 67 96 90 81 77 57 23 72 94 56 58 47 24 2 1 58 75 29 24 76 97 
40 25 76 30 22 7 55 74 71 96 28 98 12 6 49 67 73 88 21 90 88 46 5 43 65 62 84 27 18 32 
37 64 15 59 50 93 31 16 63 76 73 54 12 69 29 72 28 69 27 6 11 26 15 7 59 43 1 53 35 58 
73 72 76 62 77 93 95 18 20 25 66 72 47 41 2 21 22 49 80 69 34 50 16 18 30 51 57 81 52 6 
39 5 27 22 97 56 25 24 29 90 26 70 28 76 20 97 82 74 37 54 71 95 64 14 69 67 84 63 94 44 
62 22 98 74 29 64 90 89 27 32 2 97 10 63 87 46 97 82 5 12 75 1 98 50 15 60 23 72 35 11 
78 31 38 15 91 79 80 53 50 8 30 23 64 46 31 39 24 73 49 90 12 56 88 27 33 59 31 2 56 23 
18 20 94 58 24 46 87 1 27 84 76 2 52 13 15 30 60 85 75 86 36 31 23 88 14 78 26 64 84 16 
44 86 29 54 55 12 49 76 61 34 52 56 9 87 2 39 54 11 62 39 26 76 71 36 83 7 55 10 62 18 
71 68 45 96 96 32 94 63 21 16 65 41 51 99 32 51 1 21 40 64 17 27 76 78 52 52 86 84 12 11 
3 45 87 53 79 59 63 77 10 73 51 55 14 37 1 39 99 29 21 90 21 52 60 3 16 43 9 20 2 10 
87 28 84 79 21 81 37 29 25 19 48 89 46 9 77 5 50 30 50 79 73 51 45 98 72 41 50 60 51 76 
48 67 71 3 25 98 26 83 23 90 43 76 65 88 76 48 95 93 4 40 12 57 13 86 42 78 28 64 51 37 
84 51 64 55 9 85 46 45 44 66 83 39 72 59 90 44 91 73 58 90 14 54 48 72 83 43 32 2 40 70 
98 30 51 41 84 10 44 92 98 50 8 89 29 18 53 36 87 80 60 32 76 37 51 46 51 36 93 59 32 64 
74 86 56 66 34 21 81 55 24 54 95 27 65 27 6 97 4 35 35 89 80 27 22 54 89 70 77 31 30 12 
51 14 70 82 70 76 47 95 77 34 78 60 14 18 70 91 14 85 4 14 8 57 62 42 43 34 50 75 87 45 
2 22 20 63 85 77 65 63 47 99 99 80 12 38 24 86 21 18 24 14 56 91 28 56 22 70 44 53 62 93 
22 2 7 11 42 61 27 50 83 34 79 1 35 44 94 87 98 31 5 55 8 18 45 55 45 11 68 24 10 64 
99 59 80 6 69 19 2 50 39 41 1 76 50 52 55 26 27 60 2 59 67 38 25 64 27 17 15 71 72 24 
15 77 55 50 50 45 56 98 95 22 82 59 93 9 76 68 60 16 12 56 88 79 44 45 17 50 15 30 51 20 
53 76 31 72 87 16 69 47 63 14 34 20 28 51 77 75 24 15 15 24 21 12 91 70 72 80 2 98 47 73 
49 74 98 12 19 27 71 8 17 8 89 40 9 70 46 97 90 58 14 76 71 25 67 35 36 80 45 36 89 36 
16 29 74 16 99 81 31 64 56 90 17 73 98 80 39 64 58 1 76 46 32 31 69 4 63 35 49 23 46 81 
33 8 57 19 47 1 92 14 14 1 94 3 4 75 62 58 13 31 96 98 38 97 3 11 34 1 12 65 34 76 
95 29 51 52 60 24 59 17 47 10 79 40 87 86 15 60 6 57 32 17 77 58 35 42 2 85 51 28 40 7 
82 46 94 34 44 10 38 48 55 13 48 49 4 54 78 89 32 41 60 60 84 29 59 26 5 44 55 6 77 71 
84 67 12 94 76 81 6 82 51 56 11 84 75 95 10 94 19 58 58 50 14 3 2 59 88 56 32 77 49 26 
61 91 91 24 55 41 99 55 61 15 33 36 50 57 12 30 56 62 54 16 81 62 83 72 42 9 21 43 97 97 
8 58 59 94 82 44 29 34 61 58 86 96 60 25 9 74 59 24 29 64 86 33 84 73 27 30 62 46 72 37 
72 55 62 56 24 39 67 73 80 7 83 8 23 64 31 18 18 44 23 12 62 93 67 63 51 52 71 71 62 3 
41 39 24 69 44 40 77 98 8 89 25 97 26 44 42 28 31 33 21 61 42 25 44 40 64 11 47 1 82 25 
42 76 42 24 57 32 93 91 95 79 15 8 4 87 92 31 54 71 6 1 54 89 55 87 77 23 14 97 46 5 
37 16 15 20 10 70 79 74 62 71 55 98 10 20 51 49 80 27 79 77 75 33 74 32 40 39 16 19 14 31 
6 26 36 67 42 24 45 94 17 89 64 31 65 28 61 4 9 19 8 11 98 97 73 51 48 97 76 55 41 46 
43 54 44 97 10 21 92 87 12 80 68 96 46 50 49 39 50 94 31 77 31 5 45 95 94 33 72 8 77 30 
51 70 27 16 24 92 20 1 74 62 17 48 84 76 55 1 38 24 72 74 78 21 76 63 23 15 23 53 97 29 
45 15 48 27 57 67 14 36 42 84 8 74 55 64 18 40 44 88 59 81 38 42 84 62 10 88 96 84 83 79 
92 80 34 12 2 50 3 72 88 3 52 83 10 9 40 15 85 43 57 5 42 93 8 90 28 14 29 82 56 14 
59 59 35 96 22 98 4 70 5 64 24 78 76 57 59 37 75 90 10 69 19 42 30 7 56 13 42 59 56 21 
53 9 95 97 28 11 21 44 93 77 44 24 16 39 4 46 47 45 7 78 36 55 85 81 61 57 41 51 22 94 
3 60 22 40 70 29 21 58 15 77 26 92 74 9 37 65 13 6 20 55 41 67 50 70 24 97 27 84 64 62 
18 67 63 28 12 37 70 98 51 38 9 52 26 67 98 1 50 7 37 19 11 35 33 57 23 41 66 21 31 81 
47 64 10 57 75 21 93 6 41 8 88 55 84 98 24 48 26 11 66 72 40 31 8 66 20 14 2 40 90 16 
65 43 29 73 33 35 29 10 63 35 22 65 92 22 94 69 18 18 75 4 27 94 68 98 64 4 54 23 65 43 
61 68 94 94 73 60 37 59 92 15 67 45 5 61 34 67 70 90 96 70 83 62 86 35 21 80 40 88 96 75 
56 84 61 65 99 27 55 54 3 97 97 98 45 90 80 80 96 27 88 72 33 41 48 89 75 15 74 36 88 64 
48 11 19 69 32 78 76 6 30 13 69 56 38 9 14 69 2 44 48 59 31 56 36 30 75 64 34 82 21 32 
69 46 86 3 82 83 88 14 3 35 80 96 65 41 86 85 10 67 16 48 91 46 68 64 81 60 30 7 85 7 
93 62 84 79 31 34 75 93 57 84 36 69 92 90 62 82 82 78 92 42 35 94 17 30 45 29 82 17 57 57 
15 84 58 53 67 43 48 95 69 63 19 87 63 78 62 46 67 78 82 76 85 4 78 6 12 64 21 94 18 63 
64 45 29 48 99 51 45 39 18 92 88 49 19 88 90 31 12 69 75 31 50 30 53 6 93 40 41 18 55 26 
76 7 34 80 7 21 51 54 36 11 7 7 18 86 99 43 20 42 44 18 54 73 69 94 71 23 33 80 81 8 
26 21 12 31 47 1 48 52 66 98 50 57 42 62 32 18 86 44 31 28 66 90 78 21 74 85 98 58 71 19 
69 93 83 86 68 26 10 10 65 9 26 28 30 75 57 6 4 16 91 25 96 2 25 59 41 84 28 78 47 67 
67 22 14 92 95 21 35 78 42 85 78 47 21 50 41 18 92 88 41 15 8 4 60 32 29 2 48 91 65 55 
91 81 53 78 77 79 32 21 53 43 64 19 30 75 82 78 87 63 32 75 85 13 45 12 38 11 21 68 45 22 
51 7 84 97 97 99 29 47 61 64 83 68 55 48 78 80 98 72 81 11 2 24 11 41 13 68 20 11 86 57 
30 25 22 86 9 96 33 83 54 3 59 54 31 69 59 4 2 92 65 51 43 13 12 18 84 96 87 65 77 57 
83 52 14 37 75 2 42 32 39 25 89 2 45 82 33 39 80 94 84 85 97 67 6 79 80 1 67 36 84 70 
91 91 37 76 75 66 19 15 79 30 8 12 40 34 4 75 13 95 71 83 7 40 8 72 48 89 37 24 86 26 
52 73 75 74 97 32 94 1 51 53 72 34 10 55 86 22 70 29 11 58 58 83 1 6 26 78 69 86 12 85 
27 76 93 89 76 50 12 25 95 93 76 40 26 34 66 26 64 80 86 72 86 72 57 53 98 3 13 41 29 77 
46 59 30 78 70 26 27 59 60 7 19 56 40 35 38 72 55 65 1 99 21 19 86 90 36 32 37 8 34 79 
98 96 5 49 62 3 60 44 25 20 18 42 28 89 73 58 26 28 84 32 65 27 50 85 32 61 9 77 95 55 
78 41 44 1 47 36 11 47 19 32 97 48 89 55 8 32 71 89 73 15 77 51 37 23 2 89 54 19 27 37 
75 30 79 11 4 66 74 97 40 6 75 72 13 83 9 80 59 45 74 33 66 10 84 72 78 14 51 88 57 12 
88 47 29 47 85 45 12 85 33 38 58 24 37 27 85 58 42 76 73 27 54 11 45 14 93 1 26 69 22 58 
99 14 21 93 21 38 83 75 98 22 65 87 72 23 49 59 6 86 90 89 79 3 33 13 1 30 77 81 19 53 
81 92 89 91 12 18 47 47 46 1 78 48 76 11 62 19 57 42 10 53 24 24 25 70 79 6 76 29 42 49 
89 72 94 45 50 82 29 7 94 62 72 49 81 92 86 59 7 40 24 22 87 74 12 90 75 48 12 17 42 13 
4 57 37 28 44 73 81 78 61 44 11 60 66 62 3 20 8 41 90 93 84 56 26 47 56 3 9 67 81 22 
47 20 46 24 61 20 74 84 86 62 73 59 26 54 87 60 19 83 57 61 42 51 48 25 72 88 90 19 12 17 
63 46 78 45 18 15 19 53 5 15 42 77 40 16 18 34 77 86 81 67 32 71 23 36 95 30 61 22 38 15 
82 60 13 80 75 87 19 58 16 74 24 90 25 51 54 46 99 87 89 55 35 56 25 88 1 21 3 40 78 76 
52 66 20 38 17 38 38 43 56 89 64 56 16 76 64 10 99 53 56 44 57 19 31 92 24 46 78 71 32 31 
79 11 69 65 9 75 88 2 96 46 56 42 98 12 4 81 47 19 11 34 13 29 89 38 98 75 9 96 88 78 
79 95 60 80 92 65 46 35 87 57 84 63 53 81 79 92 9 96 63 39 14 91 6 89 3 98 66 81 58 47 
76 31 97 58 61 93 28 41 21 72 80 77 45 23 30 9 54 97 68 37 83 22 72 73 28 76 85 2 28 5 
54 19 2 56 84 15 41 84 8 30 35 4 96 39 71 45 73 94 51 5 72 71 61 5 41 10 68 19 3 96 
69 28 28 57 62 37 68 24 9 58 40 27 12 30 77 87 27 70 31 96 88 76 68 77 73 72 97 93 15 78 
1 25 42 89 23 34 88 72 34 98 29 7 78 82 19 17 64 11 2 10 71 6 9 53 17 90 28 63 82 4 
90 49 32 68 22 32 9 3 43 90 12 32 68 64 21 44 7 97 36 84 91 56 5 2 15 19 6 41 52 30 
33 50 96 81 25 27 48 72 96 92 76 20 81 50 59 74 86 72 84 25 23 64 60 70 67 35 34 68 42 3 
61 20 30 92 94 64 45 80 92 72 47 66 20 21 15 82 83 27 35 49 90 31 36 86 34 27 63 45 5 33 
50 86 75 38 92 13 10 31 66 44 63 27 2 92 46 29 50 4 40 55 66 73 68 41 43 99 77 34 33 67 
27 37 48 98 71 10 90 38 72 75 43 5 7 96 74 20 47 83 46 42 25 49 23 72 37 91 43 64 37 1 
20 69 65 88 24 8 89 35 18 97 8 16 29 79 6 3 83 58 5 54 59 26 75 36 21 26 62 85 71 40 
93 51 41 70 75 60 30 18 38 26 28 11 2 82 66 48 53 53 59 58 1 68 83 24 23 44 74 29 54 17 
50 60 6 37 96 28 63 80 4 64 64 68 37 41 56 85 32 99 14 75 31 21 39 80 62 99 1 74 86 13 
7 52 54 27 39 16 29 26 45 15 33 7 77 87 45 85 97 95 6 81 31 15 80 8 23 42 39 28 75 90 
53 2 32 16 61 56 90 82 80 87 70 58 82 40 21 82 39 95 11 79 80 58 6 87 29 7 88 12 53 27 
52 58 82 3 34 66 55 8 80 94 68 69 66 65 32 56 45 68 88 72 16 80 50 67 33 5 86 78 78 85 
48 77 94 12 11 44 5 27 42 58 77 79 23 82 89 36 67 38 75 16 17 77 55 96 23 8 35 68 79 68 
4 76 9 83 84 75 2 30 89 85 27 5 99 19 85 20 12 11 42 45 77 5 46 67 24 4 9 56 10 67 
16 58 14 48 97 30 27 35 27 28 40 75 88 84 52 56 22 81 16 75 44 13 42 62 34 5 35 90 57 54 
99 69 25 3 58 99 28 37 24 32 22 44 80 92 82 82 64 72 65 31 81 88 25 48 69 45 75 1 41 9 
43 82 67 78 51 82 61 51 30 41 33 87 56 18 79 2 35 76 13 82 17 14 22 92 44 30 15 92 53 34 
44 48 22 33 85 68 77 14 49 12 34 85 27 94 28 19 35 64 16 60 6 98 16 61 10 11 85 31 52 30 
32 79 88 24 83 68 83 3 81 99 78 52 70 37 35 81 38 10 7 19 67 61 6 69 72 20 63 62 88 39 
75 22 93 68 74 43 7 66 24 65 27 83 16 69 88 49 75 19 72 45 97 62 5 25 64 41 88 62 81 5 
97 3 3 68 85 1 98 66 8 63 21 38 53 87 40 37 61 88 55 27 66 34 84 17 63 75 1 46 8 37 
53 46 51 10 82 40 25 13 97 18 47 70 52 29 66 63 51 84 73 53 90 33 78 13 13 22 48 64 53 7 
22 61 52 13 18 54 30 5 75 60 68 76 8 42 88 96 47 84 88 60 63 4 92 56 91 56 56 68 50 87 
28 20 22 77 4 10 80 33 54 66 50 49 91 65 45 5 84 54 90 10 89 16 4 25 89 78 50 3 5 62 
61 24 75 56 58 18 81 91 28 99 12 71 62 8 79 64 82 40 69 73 83 37 85 87 41 24 73 75 38 50 
78 98 48 60 54 65 96 56 25 31 18 9 68 81 22 20 76 2 29 96 97 33 13 42 8 38 18 61 47 80 
64 29 26 87 33 52 5 71 30 35 46 92 91 5 32 38 65 24 78 59 35 29 55 27 1 94 19 57 70 97 
72 98 94 56 5 98 60 86 22 92 9 20 30 53 54 56 93 43 80 47 55 37 65 38 26 38 62 55 21 21 
73 47 10 16 46 84 36 70 7 53 89 32 91 39 90 12 67 28 46 66 13 20 35 7 59 63 58 86 20 63 
97 82 9 60 10 48 27 89 40 33 52 50 18 1 27 54 92 26 16 58 48 48 68 93 20 62 28 6 54 62 
85 63 4 19 15 2 68 16 61 42 98 25 95 97 61 77 92 20 92 9 39 29 95 24 95 79 39 18 80 67 
32 86 90 18 27 25 40 28 11 37 67 15 85 3 27 10 64 52 23 78 99 96 12 8 78 40 42 93 52 62 
87 43 88 59 59 73 74 99 23 65 83 86 27 86 86 38 8 61 76 78 43 78 28 78 79 1 37 78 22 21 
53 39 98 3 71 69 87 28 66 24 90 80 92 41 83 85 49 7 49 71 70 3 97 95 90 20 30 22 25 97 
22 16 7 96 25 79 86 37 18 19 52 65 72 81 43 28 23 82 3 65 25 92 60 15 6 1 87 35 12 11 
60 97 66 62 39 58 43 21 92 16 42 92 45 79 43 38 51 20 69 30 7 28 30 13 51 53 56 73 65 30 
42 94 26 33 36 49 98 27 17 78 99 27 49 37 17 99 78 97 13 7 5 35 14 66 99 66 92 10 18 68 
34 66 1 75 1 27 27 63 2 76 21 85 3 20 12 86 48 86 76 60 73 62 20 25 65 68 43 30 43 69 
85 64 8 13 49 19 5 85 93 74 6 24 38 31 77 79 62 49 18 87 92 70 59 19 40 91 96 78 21 73 
39 41 83 11 8 58 43 71 28 95 2 55 88 71 58 55 31 57 12 94 72 22 92 90 52 29 17 43 92 57 
80 43 16 68 40 21 44 27 24 96 88 44 48 97 22 15 78 19 56 35 80 55 93 8 39 85 23 49 59 64 
63 69 66 42 20 85 58 65 18 71 91 30 38 58 6 47 14 56 49 24 56 25 26 24 2 53 77 52 30 62 
72 46 60 36 16 70 35 5 16 44 21 18 61 18 68 8 35 31 66 57 83 80 97 59 97 13 33 85 99 29 
49 79 88 91 39 42 66 65 15 54 90 7 30 24 94 64 81 52 18 20 80 95 19 29 94 40 22 3 80 29 
76 89 75 32 25 96 28 66 99 43 81 25 35 61 32 11 31 35 3 10 94 9 61 60 91 47 23 38 25 34 
63 68 3 78 38 82 58 62 75 97 77 29 6 77 99 38 84 74 24 20 37 40 93 90 46 25 71 17 99 51 
55 56 61 46 31 88 22 46 26 71 14 66 94 92 32 45 31 56 35 92 61 2 12 83 94 84 53 56 24 91 
48 13 40 38 53 73 81 19 49 55 23 1 88 70 38 57 85 43 77 18 37 71 95 24 89 1 80 50 9 80 
74 36 44 71 13 92 70 18 45 78 28 62 38 50 87 47 67 41 91 43 88 1 18 2 71 1 44 81 56 65 
42 94 21 21 1 28 40 49 29 50 84 69 12 58 80 12 75 57 56 34 42 21 69 94 52 42 23 58 37 86 
2 89 51 21 90 13 67 12 31 82 37 59 86 32 90 50 54 2 73 98 3 66 84 88 97 7 91 60 80 17 
3 13 44 18 54 47 26 75 61 6 87 71 61 23 7 73 58 28 12 9 25 11 62 22 14 49 80 4 16 21 
47 21 88 68 63 92 10 80 15 96 10 26 82 65 56 1 34 54 97 74 86 96 65 11 33 48 55 46 89 67 
21 75 91 47 66 40 38 28 52 29 30 29 28 24 79 56 13 47 3 86 81 18 57 72 84 53 51 55 15 43 
41 29 38 50 79 75 87 71 1 48 17 4 2 10 4 6 42 6 61 42 95 2 81 36 83 67 83 38 56 43 
33 85 26 82 99 34 37 81 6 15 84 3 14 41 37 96 79 66 91 80 96 69 9 80 11 33 22 63 58 26 
26 97 32 23 38 73 82 66 25 69 84 28 95 69 49 19 7 88 66 87 15 94 2 83 28 7 83 24 52 84 
98 20 78 62 59 25 18 90 1 98 86 86 48 89 94 1 46 49 32 6 83 51 18 65 77 61 98 26 52 3 
97 28 19 54 96 23 76 75 43 86 96 34 99 9 20 63 20 5 31 21 71 47 4 46 95 2 72 74 60 91 
73 28 41 6 34 63 55 90 11 41 7 23 87 69 57 59 62 57 83 95 69 96 48 31 81 56 43 42 55 73 
76 18 59 83 35 36 78 46 91 8 18 46 69 66 24 59 61 21 64 98 34 21 49 27 74 14 59 90 38 82 
21 92 62 20 54 86 40 20 42 51 23 23 75 77 80 9 75 31 5 2 78 48 59 81 55 88 19 72 75 34 
80 42 47 59 74 22 34 10 67 47 57 3 6 87 45 82 44 58 62 61 20 18 35 99 25 37 97 57 85 10 
87 61 48 21 37 35 79 80 25 71 53 2 7 31 58 98 93 26 25 24 76 8 81 73 92 39 37 51 87 85 
37 13 10 11 81 72 12 21 25 88 85 96 26 52 53 23 71 98 53 14 29 30 99 80 12 93 47 32 96 44 
9 72 6 71 46 25 61 94 60 93 78 34 96 90 33 22 73 87 49 32 80 22 88 85 18 98 95 75 80 56 
94 86 48 51 61 31 22 73 13 48 83 36 77 7 52 86 57 80 3 96 9 28 10 78 13 65 9 45 74 38 
98 94 24 57 27 91 24 58 12 52 4 81 23 58 71 90 66 22 71 37 80 52 60 62 26 16 63 92 92 61 
96 1 93 91 25 93 60 25 81 18 19 59 10 31 28 31 76 99 26 23 21 70 4 55 76 29 34 5 28 33 
29 52 48 37 7 43 2 52 17 93 63 96 11 69 73 17 54 20 93 26 41 36 48 97 90 13 82 79 78 98 
6 79 5 35 30 19 85 12 43 83 61 46 61 17 35 95 84 89 95 50 24 48 8 77 34 32 82 39 67 45 
47 2 28 4 46 42 59 79 43 19 49 39 2 21 14 67 36 69 33 56 41 24 58 68 56 63 43 35 32 2 
59 13 55 41 51 29 85 54 17 79 64 93 49 89 25 5 79 84 37 99 53 10 71 27 47 74 48 15 24 59 
94 75 70 48 86 75 59 63 90 41 19 36 2 89 80 3 17 89 72 19 37 21 49 39 68 11 89 16 62 18 
22 89 74 66 48 23 20 33 66 88 86 30 39 84 43 40 24 92 64 41 33 86 92 10 82 82 63 14 8 16 
7 17 69 7 99 56 6 5 96 8 45 74 38 73 34 31 89 93 1 8 42 31 65 9 3 15 76 30 3 73 
79 43 51 80 36 5 9 21 24 52 86 31 24 65 1 67 69 52 74 9 1 84 58 85 90 5 83 96 53 20 
55 85 5 61 24 86 69 86 37 25 93 68 40 74 69 94 88 81 71 75 23 66 65 77 81 94 8 59 23 9 
82 80 96 4 3 65 61 67 72 86 26 61 10 24 65 50 31 90 8 94 14 98 25 92 97 33 78 97 25 53 
60 59 67 22 67 31 78 78 43 56 70 7 58 11 36 1 29 9 52 71 84 66 43 53 63 5 76 82 37 52 
9 29 43 54 80 54 56 53 36 30 27 66 29 61 46 82 6 30 35 20 5 72 23 79 5 30 64 91 74 73 
34 16 6 64 88 74 83 65 96 81 7 71 84 77 42 8 19 39 76 30 42 77 41 88 17 76 61 56 97 44 
7 64 68 49 94 65 47 82 67 43 42 72 9 47 25 37 66 44 13 56 95 11 59 25 23 58 58 54 10 34 
18 62 49 62 88 40 86 31 33 58 45 98 16 75 94 15 3 10 64 43 19 31 96 24 32 97 80 80 8 62 
93 4 75 44 30 17 87 82 8 19 66 17 89 87 39 39 92 98 1 32 17 98 6 32 21 42 47 33 50 60 
68 89 30 6 62 13 48 28 40 10 77 15 44 95 2 71 88 11 39 58 8 41 25 62 60 27 33 4 48 1 
46 79 85 74 61 15 30 41 13 41 73 25 7 1 92 26 77 31 24 24 19 32 60 47 64 36 12 62 81 14 
16 49 93 74 67 91 60 8 9 31 93 81 82 11 84 75 84 4 16 51 40 24 27 67 20 59 99 73 17 39 
61 4 82 92 65 92 82 48 18 52 96 50 90 79 28 71 30 26 49 81 76 97 30 66 18 93 87 13 32 40 
49 53 55 99 19 16 64 84 45 74 59 80 35 58 96 97 67 29 47 2 71 66 36 30 70 49 9 18 36 20 
83 24 11 1 59 23 52 62 56 62 74 80 36 75 93 11 50 22 57 89 90 16 56 58 18 45 94 3 45 15 
50 20 51 57 78 3 23 63 62 70 90 35 88 58 94 10 71 17 68 73 86 78 62 13 95 6 68 8 27 94 
76 19 84 62 62 54 7 27 52 75 18 56 36 75 11 46 86 98 69 28 50 80 12 12 59 72 3 17 61 9 
42 28 69 2 90 20 96 32 47 33 10 96 49 25 84 98 38 56 2 97 32 30 17 41 24 90 64 98 53 31 
93 6 77 89 60 48 83 58 64 60 75 90 10 13 39 3 14 31 70 50 85 90 29 31 75 64 53 15 72 65 
33 74 51 98 19 46 54 40 57 27 33 20 29 35 19 6 71 93 55 46 67 4 39 34 80 47 89 80 55 14 
96 71 82 62 50 73 90 69 50 32 18 58 45 56 56 13 99 77 67 28 62 41 88 96 24 69 61 73 53 54 
17 53 94 73 56 91 76 92 57 86 60 56 71 45 62 29 29 54 9 14 56 73 44 23 51 67 50 95 88 59 
12 57 20 32 51 29 48 28 49 40 97 29 86 19 48 13 76 3 93 64 11 61 35 80 74 33 77 81 53 86 
39 34 15 2 56 36 30 3 37 92 68 35 97 67 95 75 77 71 25 25 23 2 31 40 95 48 72 50 74 92 
87 32 32 61 38 9 39 59 98 21 68 69 26 5 43 53 70 37 65 8 60 73 36 31 2 83 67 53 68 23 
74 86 37 6 92 91 88 37 94 90 69 61 25 3 88 87 58 70 31 38 34 83 49 54 26 14 7 46 57 33 
90 31 99 70 49 24 85 16 41 79 80 32 45 3 79 75 34 75 65 12 53 38 80 68 44 78 38 62 23 33 
23 11 57 82 57 2 99 96 52 36 33 25 73 32 22 39 5 4 84 85 96 72 73 39 5 20 24 45 72 28 
65 20 24 88 9 66 55 42 65 94 81 41 51 35 75 80 72 82 74 98 89 94 83 42 12 29 23 20 2 43 
42 36 21 54 96 17 91 64 96 17 11 1 33 54 35 13 65 60 76 74 66 74 30 38 63 54 8 85 43 30 
25 75 10 55 97 69 89 19 25 6 64 83 15 7 19 41 16 97 72 35 40 28 26 34 70 87 94 69 30 43 
54 50 35 22 32 49 81 70 33 3 89 73 93 1 5 78 34 49 71 47 42 85 1 61 26 44 55 72 6 56 
99 43 86 23 19 36 77 25 80 50 21 72 54 67 83 41 57 19 11 72 55 37 81 74 23 67 25 67 19 57 
53 8 31 81 72 17 66 76 87 66 48 7 29 7 72 73 6 31 25 13 68 63 82 59 14 27 56 31 49 36 
13 83 9 18 50 83 74 36 6 39 95 97 8 30 14 99 16 11 6 22 40 48 23 39 49 99 99 94 79 86 
29 59 93 74 65 6 85 89 84 32 33 49 61 41 34 33 69 56 65 52 8 24 99 97 16 85 94 4 4 66 
58 56 28 25 81 83 26 88 4 4 72 78 70 10 63 72 77 76 98 21 22 19 22 40 41 88 63 66 47 99 
31 11 70 26 92 58 93 49 13 52 69 54 27 52 85 57 25 96 79 67 84 15 77 80 59 13 11 91 63 88 
70 71 53 5 77 53 3 24 64 6 12 46 24 45 72 46 90 31 3 94 55 23 42 28 70 50 48 56 94 97 
25 23 67 82 83 2 4 45 14 34 89 90 31 94 38 60 34 32 40 89 88 6 61 47 55 84 9 33 83 22 
9 53 7 86 51 5 97 46 90 10 35 77 81 66 91 30 71 42 73 90 97 2 88 64 90 59 27 90 37 47 
32 67 14 66 82 95 47 45 93 70 98 89 99 38 10 2 99 88 89 48 97 52 50 30 26 75 42 11 21 67 
17 39 61 3 16 16 67 77 13 5 98 3 83 46 72 64 33 80 95 93 81 10 71 71 64 6 76 71 52 14 
18 8 73 48 64 79 88 51 22 81 26 26 32 66 6 43 62 16 3 18 17 10 25 16 47 75 74 28 64 35 
77 73 73 64 89 25 34 85 42 49 24 68 63 7 40 68 69 96 65 17 91 53 21 52 30 46 48 63 43 39 
95 88 5 78 15 31 59 4 1 14 46 34 42 82 3 96 12 35 50 93 1 97 72 23 78 89 70 13 26 74 
72 74 18 90 70 88 16 32 72 60 4 18 49 79 77 32 13 35 16 44 79 21 86 28 94 85 94 69 84 50 
93 82 5 96 81 70 86 48 12 23 92 56 45 53 27 9 43 98 58 91 94 67 32 95 10 60 68 80 18 95 
11 82 67 49 76 55 26 82 29 42 8 19 87 34 45 10 48 90 4 31 39 77 49 80 22 62 25 58 83 5 
44 96 13 79 66 14 49 11 69 39 31 28 67 9 28 6 50 88 99 62 67 16 15 5 64 81 72 79 16 19 
25 98 80 93 36 3 34 47 27 97 91 75 13 9 61 68 57 52 41 36 57 95 92 9 1 59 16 94 52 23 
52 71 93 8 45 6 53 75 24 19 2 24 26 1 92 97 58 46 70 52 63 66 86 96 81 80 75 93 80 15 
24 72 35 81 24 47 37 68 37 41 12 55 76 66 50 95 27 20 87 93 66 7 49 2 85 83 46 46 32 60 
84 85 90 70 42 17 15 10 22 82 93 19 12 17 79 84 73 69 42 72 9 73 65 38 5 3 35 94 54 32 
18 44 5 81 39 91 92 20 52 16 28 11 21 70 96 7 19 11 45 36 9 3 18 38 33 15 42 61 36 10 
70 24 53 70 93 36 4 99 34 84 77 50 57 93 85 83 95 50 97 94 61 79 72 28 53 94 81 81 22 78 
72 33 52 51 64 38 16 84 92 17 71 76 57 67 12 93 5 54 76 43 98 5 13 51 22 31 18 39 67 41 
3 65 48 79 89 36 67 44 63 96 53 72 78 43 57 98 31 37 9 15 95 14 66 92 50 26 62 32 63 93 
23 39 36 89 31 39 8 90 4 47 79 52 64 69 25 19 35 63 61 11 89 27 22 20 62 1 36 50 57 11 
35 53 51 29 72 21 43 52 87 2 57 61 3 48 92 92 26 49 66 33 59 91 86 50 32 70 47 83 14 64 
24 41 83 87 92 58 14 79 80 81 57 51 85 97 29 24 28 87 97 4 9 61 72 2 22 30 76 71 65 60 
66 53 78 64 44 15 45 21 2 99 67 96 59 53 53 35 62 42 23 1 23 83 49 95 87 91 33 64 32 9 
69 73 15 70 24 94 6 54 79 93 70 22 67 25 75 99 78 54 13 10 23 23 18 91 12 67 59 89 10 97 
17 45 90 23 83 9 60 72 12 38 8 99 90 28 9 69 46 27 20 33 55 67 66 18 14 17 74 67 64 64 
83 32 19 22 98 59 44 28 14 35 79 97 17 33 49 95 58 78 96 19 83 1 19 28 73 64 73 32 2 91 
27 68 70 40 94 2 31 18 39 94 82 4 81 38 89 85 57 55 94 12 64 13 5 28 28 94 37 44 76 71 
98 44 17 18 50 13 88 8 81 79 96 85 7 86 65 2 57 73 86 14 12 99 65 43 82 90 76 22 39 48 
66 54 58 60 28 14 70 57 26 86 98 11 5 1 66 8 70 19 79 86 40 1 44 32 69 1 48 37 6 66 
65 11 92 66 80 19 91 26 91 6 77 45 73 1 28 31 74 27 6 96 46 9 31 84 74 4 46 63 82 92 
46 45 3 62 22 64 43 63 75 45 2 30 41 36 82 10 69 45 70 44 75 24 85 38 60 56 2 63 10 92 
69 80 30 9 41 15 10 79 42 75 66 24 89 29 54 61 13 50 75 94 58 36 33 76 56 62 8 69 56 49 
69 28 59 59 74 75 4 97 84 77 58 2 17 93 59 76 25 35 47 57 28 82 4 53 15 54 60 29 65 71 
60 98 17 12 52 97 27 48 70 31 61 18 77 13 90 38 72 72 99 84 12 29 9 14 95 56 61 17 6 61 
43 72 8 95 4 51 21 55 24 25 22 23 14 99 1 90 51 17 14 75 89 64 11 11 87 51 8 96 68 1 
27 25 71 74 82 44 28 97 27 96 5 66 24 73 61 2 19 44 60 25 80 29 43 44 62 95 64 63 74 15 
91 83 18 98 94 64 34 35 17 81 79 94 97 62 37 42 17 7 69 39 91 82 63 31 84 18 22 65 32 79 
84 68 96 59 21 81 14 20 19 93 86 2 42 19 49 31 2 42 61 16 46 55 47 60 73 33 16 85 61 44 
91 41 41 31 56 44 15 17 41 33 28 69 78 65 85 22 75 13 96 74 15 79 25 21 75 24 86 4 64 55 
33 92 63 57 23 70 42 76 46 1 4 16 79 34 24 88 47 76 4 1 65 91 19 15 57 17 90 89 37 96 
62 43 39 53 59 8 30 20 42 16 97 7 76 57 67 23 20 15 91 22 82 29 8 24 29 12 17 54 30 29 
43 30 9 60 42 8 42 33 75 27 17 28 88 56 44 53 17 84 38 54 59 1 12 33 62 97 95 51 61 22 
46 29 36 24 21 32 98 17 47 25 69 72 63 65 16 93 50 56 16 68 59 29 11 32 35 38 83 76 23 8 
33 38 7 37 36 11 53 49 10 27 55 65 84 36 66 82 48 31 6 55 47 41 59 93 49 64 39 3 22 13 
68 23 84 76 28 98 37 44 21 40 37 75 91 25 33 33 79 69 86 21 37 48 58 96 63 24 32 72 24 33 
54 4 1 86 75 10 19 17 57 55 22 96 55 50 73 16 59 73 52 44 38 43 95 37 65 56 36 4 71 85 
59 24 95 65 50 37 94 13 87 79 44 12 15 60 76 37 23 21 93 84 10 69 23 59 16 50 62 49 32 30 
45 4 71 38 89 38 75 63 3 61 97 38 67 81 9 87 6 28 57 95 6 67 18 84 45 86 21 1 7 10 
10 88 15 82 31 93 32 99 47 8 40 63 12 2 67 89 98 34 44 37 86 21 21 49 24 74 66 62 18 55 
62 67 89 90 84 7 83 54 26 82 86 78 98 50 32 30 30 61 12 29 48 11 55 58 69 75 17 67 8 73 
54 54 81 2 81 73 83 87 90 54 12 61 87 72 24 91 36 81 87 92 94 9 31 90 73 77 88 5 12 98 
71 4 41 44 20 50 38 11 83 41 60 12 10 11 93 80 39 74 48 3 61 3 60 19 36 69 1 79 99 91 
48 98 63 2 81 23 43 15 11 95 56 5 87 35 98 74 59 20 4 72 67 51 51 3 94 26 27 18 69 49 
69 35 75 98 92 28 35 42 15 17 78 92 66 95 94 41 58 14 11 57 21 23 91 97 72 78 85 15 6 66 
61 3 10 60 23 73 56 67 24 37 32 9 78 87 48 47 45 10 85 62 34 7 90 21 55 63 72 51 66 58 
60 46 88 51 10 40 68 45 72 54 40 68 40 96 92 84 94 54 34 42 64 81 86 63 1 17 40 83 81 53 
58 2 46 95 57 97 98 69 80 97 53 79 31 83 92 7 14 98 72 15 20 73 95 42 7 49 5 28 58 59 
80 3 32 37 71 60 52 48 32 33 59 28 43 41 95 34 54 56 32 14 87 84 7 74 8 32 9 7 16 62 
89 94 1 16 62 18 44 36 74 79 6 81 94 19 15 84 28 13 39 77 15 16 6 65 98 74 43 38 2 78 
65 51 9 17 37 58 35 55 4 5 99 55 25 69 30 41 51 85 56 26 83 67 23 79 28 63 36 32 52 54 
60 45 10 27 91 24 99 47 20 21 54 23 48 90 17 21 30 32 42 28 77 66 86 78 55 17 18 51 33 25 
26 91 6 20 92 60 74 23 73 76 61 2 7 13 50 96 10 5 38 6 35 38 2 74 59 62 74 66 10 94 
65 14 50 3 28 7 73 10 63 23 55 66 71 91 96 46 29 54 47 79 63 5 87 41 29 15 66 96 22 79 
60 57 52 17 49 48 60 20 34 90 88 58 91 26 76 37 70 70 11 17 49 38 20 37 38 52 54 5 21 11 
72 32 70 55 54 11 27 15 39 10 31 18 7 88 18 14 63 67 89 96 52 10 20 31 15 56 86 60 33 65 
99 47 75 60 11 11 10 25 44 88 20 41 86 71 19 93 9 85 48 36 66 70 75 33 89 47 11 34 22 39 
17 84 64 43 18 54 45 78 56 29 60 21 3 34 4 93 6 88 32 10 93 52 64 19 34 84 34 28 87 97 
99 31 45 92 99 47 7 44 16 77 9 18 98 62 40 76 87 54 95 35 22 7 83 77 81 83 24 33 42 42 
46 78 50 37 45 49 31 64 39 65 8 66 53 43 76 82 7 9 93 57 92 29 86 63 59 99 57 84 81 80 
55 18 34 26 20 3 26 61 24 24 80 20 87 7 30 58 9 98 84 39 24 10 3 30 25 71 97 48 72 7 
32 52 52 64 21 18 10 23 41 65 55 16 66 50 66 35 65 20 52 95 57 12 5 4 16 71 8 17 7 40 
21 37 85 59 61 17 99 9 74 14 50 83 17 91 78 10 24 60 41 9 55 17 9 19 81 63 79 46 50 57 
25 18 73 78 92 57 97 30 37 64 51 59 95 98 18 50 13 35 29 36 17 21 36 36 6 29 95 79 19 35 
78 51 20 71 83 94 2 96 23 61 2 98 2 80 98 53 70 88 78 22 20 87 91 26 38 60 18 76 79 33 
91 75 89 85 51 17 81 71 9 2 92 7 78 34 44 8 37 78 64 51 6 93 11 17 56 70 78 55 65 96 
95 72 13 96 88 45 63 8 96 15 25 8 9 4 99 23 74 45 41 39 16 43 38 73 73 15 7 75 50 22 
69 82 13 54 89 39 59 14 52 13 90 98 94 20 53 20 11 52 12 47 74 13 95 16 2 62 11 56 77 61 
9 11 80 77 57 72 36 38 81 14 78 30 79 41 14 93 63 33 85 11 73 92 14 33 62 20 9 73 26 36 
49 27 39 44 54 30 76 76 99 5 51 39 51 2 31 50 34 82 91 82 55 60 49 80 77 25 81 45 98 99 
99 35 97 55 83 46 81 39 79 88 38 61 79 53 71 86 58 69 90 87 5 64 45 72 17 51 90 25 89 33 
89 86 47 77 6 38 6 74 50 17 50 59 75 94 32 64 18 38 87 92 73 85 72 39 61 7 96 76 37 95 
75 26 90 49 75 90 36 67 47 39 59 5 20 70 50 94 14 47 6 87 13 76 50 56 76 92 9 78 44 78 
60 33 98 79 23 17 44 17 88 57 68 21 23 78 9 84 69 15 3 55 88 20 67 50 27 2 21 20 45 47 
93 90 51 56 49 53 52 43 1 81 97 80 56 62 85 48 13 96 74 49 6 82 86 65 81 61 63 80 76 3 
10 84 21 10 37 66 18 23 40 87 50 63 84 90 73 56 8 41 67 98 50 26 42 49 29 83 49 53 21 57 
17 48 49 50 39 35 87 47 26 53 94 44 6 47 69 17 42 74 74 27 14 17 71 95 23 59 9 34 87 33 
72 46 42 57 6 86 36 98 36 66 81 62 56 14 22 28 48 60 62 81 96 28 60 15 5 44 33 47 52 7 
56 2 51 74 4 68 93 90 40 91 98 15 9 80 30 24 76 94 60 89 89 27 92 78 86 56 76 12 78 72 
13 18 88 88 8 56 90 65 29 38 31 84 96 16 67 47 67 64 79 3 61 7 62 15 47 36 30 60 23 40 
60 95 15 65 42 36 60 97 91 29 82 16 60 41 84 86 65 86 70 38 85 10 63 36 5 83 34 44 84 22 
67 94 57 21 8 63 7 43 57 42 45 22 52 44 57 9 65 2 48 74 79 93 31 78 23 57 56 79 36 23 
87 25 55 89 70 73 50 80 39 56 8 55 27 28 46 90 55 85 76 3 21 97 92 40 49 83 51 23 59 98 
88 48 80 86 58 42 59 26 77 29 14 57 77 16 48 64 77 11 1 56 53 3 54 91 34 14 78 44 85 69 
14 65 68 43 31 18 53 17 48 5 63 22 43 96 5 60 63 52 75 2 37 42 41 9 44 64 42 90 87 72 
16 17 24 41 93 6 2 8 27 49 10 21 60 26 93 40 66 84 11 3 3 23 59 84 92 75 62 34 4 74 
78 53 69 13 96 48 60 18 75 74 33 2 84 63 88 56 92 85 15 31 44 64 43 42 83 56 81 97 92 10 
61 90 70 91 17 70 7 91 88 57 61 66 99 94 59 86 51 91 14 32 6 6 79 31 80 92 94 21 7 9 
14 70 23 49 92 68 29 40 97 72 76 89 19 42 78 7 22 28 56 32 9 43 97 97 89 64 4 57 30 19 
31 72 32 21 29 98 11 46 62 28 50 75 1 47 71 57 65 35 80 88 45 16 88 58 42 90 46 5 28 30 
25 48 33 30 18 17 80 58 15 32 53 77 99 81 32 44 15 58 17 1 70 69 41 1 12 98 68 57 38 31 
3 61 11 32 15 45 16 46 90 81 16 8 9 90 25 16 43 74 87 86 88 82 44 92 69 73 35 12 50 28 
17 4 47 22 92 6 54 19 86 45 9 24 53 36 67 58 25 74 69 78 90 80 48 12 14 82 62 24 23 58 
21 31 89 84 77 17 76 35 27 7 69 49 74 73 56 66 87 38 41 3 82 49 55 57 86 97 32 12 18 55 
40 59 50 49 14 34 14 53 80 26 38 43 56 67 87 93 38 33 18 61 81 82 30 21 4 20 23 35 71 85 
86 59 93 88 89 67 70 2 99 84 30 20 21 84 96 26 18 53 67 48 34 69 29 46 9 18 69 30 84 37 
51 8 56 86 21 62 57 2 40 3 70 72 30 81 32 16 52 53 17 61 13 24 6 21 75 53 29 60 4 26 
17 89 40 74 64 84 71 31 73 20 25 42 11 68 76 52 81 14 86 40 57 85 72 19 42 9 29 33 22 91 
66 49 61 61 23 41 95 23 19 60 89 7 39 17 98 98 39 52 93 82 49 68 64 58 10 1 71 24 89 63 
72 6 22 58 4 17 69 19 19 45 47 67 55 36 24 62 83 25 96 87 83 20 98 27 32 15 99 5 85 65 
47 52 64 21 64 26 21 16 7 4 44 51 7 49 93 25 96 20 86 6 15 41 84 57 93 50 91 22 38 63 
22 89 79 90 2 66 22 11 99 85 12 79 92 68 98 11 30 77 67 15 62 68 3 79 61 88 49 61 12 38 
16 16 78 70 17 25 72 15 33 77 26 30 6 19 95 3 53 55 77 29 86 76 3 12 88 86 98 7 93 70 
11 76 94 77 95 22 12 46 87 92 53 48 64 32 8 47 3 63 64 11 90 94 66 51 48 35 12 69 89 79 
45 39 56 23 26 1 60 20 68 97 73 81 78 79 62 80 35 6 71 2 88 73 15 53 35 87 9 45 45 70 
40 5 14 13 33 47 60 16 42 53 82 92 43 48 35 12 30 17 98 91 66 2 66 95 17 90 16 4 58 66 
44 58 93 68 28 96 84 95 22 18 92 58 57 67 56 37 81 51 45 62 76 51 45 13 15 65 23 4 22 18 
80 28 84 19 20 43 45 9 97 60 12 3 47 27 78 33 82 42 63 69 53 9 45 20 36 50 39 71 61 19 
44 1 38 48 91 65 98 78 14 40 28 74 72 39 58 18 32 6 43 98 32 67 38 61 70 69 29 43 17 95 
78 72 64 71 38 40 12 72 68 24 72 19 49 65 27 54 68 7 24 59 14 66 87 51 35 56 83 88 37 57 
92 97 48 4 50 45 62 28 26 2 42 21 60 86 84 94 29 20 68 68 29 26 87 59 77 50 64 86 74 24 
54 41 5 64 2 29 39 43 41 53 52 32 27 99 96 24 9 20 67 68 78 34 33 61 92 4 28 5 17 50 
81 23 77 32 17 59 61 72 86 64 47 85 57 5 9 71 64 80 80 23 26 9 76 33 2 67 45 40 53 7 
12 62 7 62 64 54 72 39 20 31 18 40 74 96 60 92 45 64 44 40 42 82 76 41 83 34 46 32 26 52 
59 96 7 7 21 21 8 40 18 8 32 72 85 10 61 35 48 74 29 60 44 15 88 13 88 81 87 7 74 9 
11 69 79 71 25 96 57 36 93 14 48 17 26 38 16 42 20 4 63 58 4 24 81 19 89 70 51 62 39 42 
3 69 28 51 10 86 15 11 78 79 74 39 86 90 65 26 12 28 27 70 39 88 39 79 85 51 33 70 97 83 
58 72 53 35 78 29 94 26 8 98 56 80 85 25 46 41 60 46 72 32 21 61 30 58 37 14 59 83 47 89 
73 92 90 15 33 85 69 39 99 60 24 36 8 92 41 63 51 16 40 12 29 59 31 98 46 40 1 56 31 39 
30 77 43 10 57 60 94 34 93 79 58 74 88 43 67 18 80 78 76 98 45 51 24 88 37 27 15 80 86 40 
64 92 29 86 24 22 53 38 2 5 1 26 7 63 92 79 55 94 67 39 5 76 79 15 94 36 11 87 87 31 
41 13 22 73 27 10 24 33 25 75 1 46 84 46 4 45 39 20 9 6 3 40 29 62 16 43 4 39 36 99 
17 45 78 62 22 81 28 51 14 60 19 82 28 52 56 91 92 78 76 92 8 93 32 26 51 53 5 78 48 33 
44 73 41 64 65 60 61 76 97 43 7 43 77 39 61 24 61 18 23 95 90 14 41 11 61 42 61 56 67 78 
78 2 93 17 23 41 49 47 91 35 4 99 38 25 71 2 6 76 93 92 59 90 11 54 92 66 85 91 45 89 
59 75 14 36 25 37 81 99 82 91 20 72 60 46 19 42 71 13 32 2 45 3 37 42 55 1 78 39 55 24 
44 90 35 86 11 55 32 70 1 85 6 5 11 72 68 97 56 40 6 1 64 70 10 83 98 71 2 20 48 83 
71 87 6 63 76 6 29 18 78 44 36 19 20 55 22 46 90 25 81 37 1 32 84 51 87 92 50 97 8 2 
47 19 56 79 14 18 46 55 60 73 72 77 79 39 31 79 13 32 13 34 68 61 20 80 80 86 78 99 73 71 
79 20 47 52 12 48 71 92 55 94 97 39 88 85 42 47 78 25 88 42 15 18 36 21 68 25 71 44 57 17 
45 80 10 69 69 35 7 57 96 20 95 55 3 98 30 30 94 62 66 68 21 59 73 44 87 4 81 27 45 57 
59 73 77 77 55 69 19 35 61 76 84 59 40 38 6 71 64 72 60 48 25 29 7 24 14 94 80 5 77 75 
98 35 87 25 98 92 47 82 36 92 7 73 29 73 15 43 36 3 38 8 4 20 24 15 15 22 61 8 14 32 
22 50 86 13 91 90 4 21 77 99 91 2 71 90 97 68 19 47 81 89 21 55 10 56 73 23 54 4 28 51 
40 95 35 9 55 4 45 46 76 53 97 83 8 20 98 43 75 8 88 44 32 31 3 20 27 35 57 75 5 1 
21 47 37 27 81 44 57 79 37 85 11 44 26 48 11 48 69 13 49 16 2 67 87 75 77 92 99 29 16 96 
95 27 52 10 74 14 35 63 51 21 53 38 87 19 76 84 10 48 37 64 16 89 19 33 58 75 88 95 17 53 
33 87 93 69 44 35 75 33 42 83 82 59 36 3 72 3 98 32 35 73 1 11 72 91 52 3 69 40 18 89 
38 51 80 31 66 78 90 10 33 91 45 84 23 96 19 75 93 90 98 3 25 5 4 83 6 22 66 75 80 94 
34 14 47 22 1 50 30 31 46 9 98 66 61 46 12 3 64 10 96 64 64 40 28 17 79 40 3 33 20 37 
53 58 35 22 26 44 64 17 51 69 79 88 97 83 67 36 40 84 71 12 17 99 83 83 14 80 99 52 38 87 
79 95 52 25 43 5 75 92 86 13 11 64 90 95 47 55 67 55 31 3 41 41 94 56 96 1 35 4 82 44 
43 25 96 49 41 31 83 51 8 75 37 44 86 90 5 32 27 90 40 78 77 80 12 10 58 34 64 9 21 65 
83 19 16 6 70 75 14 42 23 2 83 19 68 35 59 41 36 57 46 21 75 50 89 39 48 40 90 99 14 84 
91 44 71 67 9 28 42 36 33 9 61 23 50 61 3 5 87 76 99 66 62 2 37 99 46 38 56 80 84 25 
90 29 95 8 20 26 22 18 5 33 71 14 32 97 54 11 97 6 37 61 46 50 45 22 42 26 7 85 98 2 
73 21 46 96 11 1 92 6 56 70 19 63 62 86 73 13 51 4 56 67 28 6 41 15 29 81 62 73 25 80 
18 38 82 5 94 35 61 36 77 33 50 86 84 64 70 6 55 16 65 43 56 17 79 40 15 4 48 25 26 10 
98 68 11 28 44 19 65 14 89 15 41 14 98 71 28 46 42 54 63 38 71 73 96 78 53 11 83 35 62 58 
18 58 13 39 7 56 60 5 75 62 84 22 60 96 75 55 16 58 47 21 88 25 29 98 28 45 36 83 69 57 
53 92 78 79 3 50 54 99 91 45 56 77 36 6 13 58 62 76 64 27 95 39 95 44 83 23 36 53 35 88 
92 49 40 6 45 95 83 35 72 17 57 84 19 52 77 18 54 69 47 22 54 32 2 93 71 94 79 93 66 39 
82 51 72 8 35 20 74 78 10 3 16 2 75 13 3 84 38 14 49 47 14 22 42 93 44 68 3 84 60 3 
22 86 39 36 62 1 79 62 19 95 7 53 17 71 81 57 6 35 5 36 84 54 94 30 99 57 93 19 86 77 
93 70 39 14 81 20 58 52 88 21 43 65 86 8 25 17 22 76 3 72 96 13 89 16 10 69 10 39 16 35 
74 85 22 26 62 83 63 58 68 92 62 64 19 94 83 50 23 68 34 24 76 4 49 92 79 65 53 49 72 79 
14 46 85 86 5 36 59 39 16 97 44 94 18 86 78 16 11 16 41 64 18 52 58 80 96 84 75 49 18 88 
87 61 50 2 99 58 14 20 93 48 79 90 50 70 94 64 56 81 55 67 75 32 56 57 46 25 78 59 96 80 
54 74 88 11 43 24 55 16 1 69 50 60 18 21 11 55 82 51 67 33 18 75 77 49 30 84 13 51 79 77 
99 37 17 9 67 54 78 78 40 95 91 36 93 59 42 28 94 34 40 83 3 14 41 5 28 90 24 91 59 40 
82 89 51 7 18 98 33 74 64 65 57 47 81 37 42 3 13 79 97 60 65 39 43 92 45 26 13 31 70 94 
46 49 80 63 90 11 59 55 48 10 21 1 69 69 32 69 65 58 12 30 8 32 88 81 35 26 83 50 56 67 
97 22 59 45 50 7 21 4 1 33 30 37 12 79 67 55 73 53 25 73 88 21 62 64 98 60 29 78 9 83 
3 84 48 95 64 72 84 23 94 10 20 8 57 19 21 59 2 95 7 29 98 47 26 10 31 1 94 15 11 98 
14 19 6 34 89 64 89 8 53 43 91 25 40 88 51 17 89 6 35 54 99 63 34 64 30 5 22 60 61 49 
70 40 41 90 90 63 93 72 47 84 92 22 19 29 65 66 59 79 40 73 53 8 40 94 74 27 74 36 39 26 
34 83 72 5 32 42 29 67 27 66 2 13 54 80 10 33 82 31 88 20 89 69 18 57 68 97 35 88 52 39 
40 26 39 85 72 21 48 56 98 39 25 70 52 18 19 87 6 27 62 38 21 7 72 49 80 73 39 3 84 25 
19 66 20 86 53 5 41 62 82 2 24 67 39 95 70 49 9 32 45 96 86 61 30 11 31 8 66 85 29 49 
11 75 74 21 36 53 81 61 91 15 57 48 6 78 25 11 39 59 93 13 41 34 44 84 59 41 83 40 21 47 
78 92 57 34 90 68 31 23 79 29 48 69 48 39 45 38 7 29 18 77 42 23 37 69 4 96 13 12 60 48 
18 50 62 76 53 9 19 10 86 30 9 89 87 60 98 62 15 94 18 62 84 24 32 83 48 9 61 35 18 11 
53 69 83 29 49 59 31 14 87 14 64 26 10 83 74 51 50 83 85 74 76 44 21 85 9 8 98 85 89 69 
91 22 79 43 72 14 43 43 18 7 88 56 16 26 62 6 89 68 73 89 25 26 63 72 66 45 75 28 86 10 
68 47 99 56 51 2 42 91 67 10 6 7 70 20 22 40 55 54 64 95 13 98 17 98 59 70 35 16 49 12 
27 78 26 69 78 86 37 69 75 24 7 52 86 35 89 37 85 99 88 22 19 45 45 34 42 17 59 77 81 75 
2 4 96 92 51 18 42 31 20 4 57 4 35 14 87 46 22 94 74 4 69 98 42 27 94 74 79 91 43 48 
4 85 19 87 33 67 30 82 56 12 17 43 91 91 56 69 62 65 35 16 65 1 61 69 66 87 93 55 86 77 
48 25 73 62 3 96 32 58 29 26 80 55 45 67 30 38 6 64 40 59 18 43 27 40 83 79 71 73 23 49 
7 44 56 29 51 79 14 19 48 49 56 19 87 87 44 62 22 51 20 98 80 14 53 30 58 84 27 75 66 26 
12 79 1 83 78 78 29 77 21 91 62 40 97 92 87 84 15 73 38 84 23 86 24 3 79 68 75 43 42 69 
53 93 62 41 18 36 5 86 82 28 66 94 70 60 2 41 6 68 79 20 36 88 66 43 3 59 27 55 12 2 
13 81 75 6 83 82 25 6 82 80 87 77 72 92 25 94 54 30 12 52 33 12 67 91 89 76 70 56 8 78 
77 5 47 75 64 54 56 23 37 95 38 30 11 38 90 14 95 44 73 94 20 69 77 76 34 80 58 48 6 4 
7 82 88 53 52 72 42 59 51 37 93 22 52 52 71 49 23 69 72 26 63 31 62 75 12 31 88 73 72 8 
26 6 93 99 49 12 51 65 9 24 3 78 38 66 13 6 78 46 53 40 16 60 60 66 12 1 68 54 84 27 
39 97 1 17 51 65 51 87 67 70 58 9 7 83 11 29 97 23 35 93 49 59 97 10 92 23 38 94 38 60 
6 31 10 92 13 40 15 40 20 65 75 14 21 69 21 71 8 3 1 12 35 92 82 84 83 41 93 63 73 1 
70 35 25 73 59 55 75 13 3 73 60 51 81 99 39 89 12 26 3 47 28 95 99 97 55 1 64 49 30 75 
31 51 64 70 62 33 38 69 52 36 40 21 68 93 51 57 67 72 20 76 95 83 13 83 75 58 81 23 80 25 
42 40 34 83 55 71 60 47 50 50 31 1 74 76 8 99 77 35 58 87 26 77 93 59 91 68 85 67 76 53 
34 73 41 57 54 38 18 24 14 24 43 68 41 47 88 94 98 82 72 50 88 30 6 32 33 78 77 59 94 60 
24 67 93 34 66 32 41 64 74 96 72 26 42 49 18 60 26 11 58 3 58 44 12 16 48 29 67 17 96 30 
99 66 42 73 57 86 86 20 73 58 78 24 76 14 84 9 80 77 43 49 92 21 92 43 47 87 87 8 96 51 
99 62 85 14 82 1 49 87 86 96 61 49 62 25 24 44 29 75 27 48 45 91 49 93 10 39 48 51 10 46 
16 78 5 32 39 40 60 6 38 36 21 57 59 76 9 94 71 99 37 54 92 2 71 40 94 47 16 10 5 32 
45 10 52 33 60 57 17 81 73 61 13 33 13 54 21 53 16 78 33 73 23 5 39 70 19 96 20 73 71 75 
16 15 93 51 35 48 18 5 9 79 14 12 30 96 88 83 78 42 57 56 45 2 12 52 7 74 64 58 13 84 
53 77 61 97 71 7 2 23 22 67 48 34 80 66 42 80 23 86 67 76 74 98 4 99 46 24 96 95 73 34 
17 32 52 36 98 78 57 47 38 92 16 97 8 91 75 38 60 41 87 3 37 17 79 80 78 72 43 35 63 37 