30 499
53 94 86 52 11 81 73 62 8 17 87 73 20 29 20 64 80 31 2 44 81 27 30 82 90 20 43 44 98 75 
68 90 37 46 8 92 59 95 45 20 78 20 59 76 36 17 51 44 46 89 12 31 33 3 69 67 73 17 71 17 
28 47 70 78 86 13 39 93 56 84 82 89 30 61 13 38 70 46 26 64 18 71 73 74 72 56 34 21 83 5 
69 95 33 1 77 75 90 27 14 35 32 69 10 57 47 6 60 61 39 85 71 33 62 62 31 51 82 8 66 47 
25 82 52 54 68 23 97 31 46 13 55 79 99 68 63 2 45 93 37 74 91 33 74 30 99 6 14 63 85 8 
72 8 85 10 35 31 42 25 98 88 32 37 18 58 96 25 62 70 16 3 50 89 91 45 7 83 95 39 25 94 
21 68 69 5 34 65 18 13 47 72 13 99 25 40 46 71 89 1 7 43 23 12 92 67 63 1 47 68 28 3 
93 91 58 60 96 39 21 60 2 36 49 32 97 41 56 39 30 7 11 79 86 27 89 87 32 6 8 1 26 52 
93 33 52 54 21 70 3 38 40 89 29 46 39 30 16 74 64 80 33 94 53 78 87 7 63 27 57 28 92 76 
24 26 66 9 41 18 71 82 75 4 73 35 66 7 36 4 1 77 52 48 53 30 6 95 17 66 20 55 1 84 
26 42 12 66 57 54 35 99 86 23 57 70 5 65 86 88 92 62 72 19 59 93 79 2 88 49 82 55 82 69 
17 51 20 75 56 89 60 34 40 17 61 17 55 11 62 66 54 39 48 3 91 67 53 66 79 53 75 4 89 64 
86 71 8 88 68 81 68 57 87 96 95 24 12 69 4 62 74 45 48 30 7 5 62 64 10 48 65 2 76 74 
61 31 73 7 31 70 10 35 91 95 28 99 15 67 78 73 1 4 91 70 58 75 17 69 12 83 34 90 19 12 
66 33 93 74 90 72 73 70 53 29 20 78 84 88 7 22 19 75 80 97 15 63 76 92 78 42 65 83 26 7 
67 43 21 11 23 27 92 18 23 66 27 27 46 9 29 17 11 23 19 80 4 38 41 95 49 29 70 56 90 52 
88 99 57 75 15 46 91 20 45 65 8 47 94 79 83 25 37 77 45 20 79 23 29 92 27 66 53 88 3 25 
14 36 12 18 61 12 63 68 76 49 80 58 21 46 43 11 92 18 64 42 25 6 60 3 88 23 53 67 63 9 
73 85 39 32 14 69 37 78 49 76 33 66 42 73 72 61 31 87 25 24 73 11 29 51 43 77 84 72 60 12 
26 69 95 14 46 89 7 36 69 76 10 69 89 6 91 30 93 2 5 23 89 37 47 12 38 53 12 44 54 52 
28 36 50 88 23 64 46 94 76 11 24 42 2 35 34 15 26 17 12 29 21 22 20 36 73 30 72 1 18 54 
81 37 90 78 87 90 95 36 79 32 48 20 67 24 62 79 22 84 87 20 56 76 96 66 12 72 99 19 41 15 
13 78 8 92 75 82 46 30 23 13 55 74 66 58 50 95 68 74 90 6 18 55 1 30 28 65 34 15 33 38 
61 48 69 48 20 28 23 39 96 54 92 22 57 94 88 22 57 20 29 89 85 49 42 14 3 21 56 64 37 21 
92 53 71 63 86 25 56 82 10 32 69 80 6 44 76 60 61 73 78 90 90 43 73 31 95 33 11 86 95 4 
80 87 55 3 48 81 75 46 73 31 29 59 57 7 82 26 23 54 6 73 97 60 58 6 56 33 57 37 64 91 
70 58 58 78 57 18 93 15 28 91 46 68 14 71 71 29 21 16 71 52 97 99 45 58 90 52 24 61 83 15 
2 98 93 4 29 63 48 90 86 45 88 41 16 97 81 36 45 76 33 44 58 49 85 6 2 2 26 48 27 86 
27 26 96 16 84 69 96 64 55 38 80 71 71 34 96 95 53 2 94 97 50 97 58 2 24 13 46 26 85 9 
51 53 90 56 17 61 81 8 38 98 25 67 42 50 39 67 73 42 17 52 65 15 42 48 63 96 63 99 12 95 
96 42 24 41 72 58 85 32 18 74 10 53 98 23 22 40 92 30 36 37 91 62 33 31 46 41 13 59 23 3 
36 20 31 67 39 14 69 32 9 55 50 54 92 22 45 38 68 6 94 52 4 97 60 98 31 84 8 48 28 42 
85 92 65 89 94 16 83 79 58 6 18 18 62 79 18 60 40 29 67 99 5 56 25 78 85 69 53 74 40 66 
27 63 80 87 90 67 16 98 55 43 24 61 81 60 92 31 42 46 44 26 9 49 15 51 84 1 84 30 74 90 
56 43 20 15 77 68 1 87 37 11 79 87 97 58 79 55 61 58 54 70 20 10 86 27 68 28 40 86 4 72 
97 11 95 46 43 40 83 97 74 62 80 94 54 95 78 24 47 42 34 83 58 82 57 20 72 77 15 81 25 1 
85 36 68 55 65 12 32 2 96 69 82 3 86 18 43 84 21 19 22 99 55 90 7 67 32 23 46 15 95 36 
33 45 92 90 87 43 53 8 51 98 24 4 53 14 79 84 40 68 89 95 12 42 13 20 51 48 22 84 20 34 
95 56 61 26 36 11 74 47 94 4 99 76 51 14 94 55 84 38 46 10 32 66 6 82 4 42 45 39 22 46 
30 31 43 67 44 23 50 99 63 42 2 46 62 70 68 34 34 31 85 79 22 61 58 16 13 95 36 85 96 92 
18 52 92 8 62 54 81 29 24 40 21 26 88 22 40 29 81 41 15 55 73 79 32 4 64 87 68 97 4 5 
64 93 28 82 78 51 45 31 84 28 72 16 32 49 22 21 90 81 98 47 87 37 34 74 34 31 21 99 61 95 
97 24 22 92 88 22 36 77 44 44 34 69 51 17 59 28 29 75 22 53 10 84 21 96 60 85 75 16 51 3 
52 82 26 23 48 6 94 33 7 13 89 12 15 4 83 97 48 53 53 1 96 35 23 47 63 63 63 35 41 66 
67 69 95 28 71 90 21 26 46 89 84 27 40 43 9 99 59 10 78 2 68 73 79 94 45 92 28 15 91 96 
82 47 30 6 80 5 93 23 44 88 51 10 87 81 8 88 28 45 22 12 56 19 30 25 71 30 57 66 12 72 
54 10 66 70 82 9 56 57 1 95 91 48 58 15 51 20 1 41 17 92 97 66 3 31 80 32 34 4 70 72 
14 80 30 66 1 48 13 33 81 35 75 65 61 26 84 87 26 58 38 35 68 56 29 60 6 4 86 85 77 38 
7 95 91 10 9 9 53 28 95 12 73 58 7 75 65 79 87 27 4 42 68 75 8 33 75 17 87 17 8 75 
96 32 31 94 64 69 65 95 92 96 96 74 78 70 23 84 11 31 7 8 75 42 66 63 54 20 18 58 8 45 
50 4 2 52 95 2 9 86 11 64 18 64 84 45 95 33 72 8 18 89 6 20 28 20 78 85 12 64 34 36 
18 32 21 2 31 79 27 25 97 5 10 48 57 43 60 57 42 21 60 86 22 93 53 76 23 51 56 96 48 38 
67 32 91 74 46 85 47 85 68 75 60 20 77 77 7 27 99 47 96 50 86 18 6 29 16 58 91 64 60 87 
68 94 32 82 66 74 64 60 85 70 6 79 31 20 68 63 14 62 63 78 61 88 82 82 84 38 14 10 70 90 
45 94 58 12 28 67 51 76 64 3 74 20 62 87 13 54 21 27 28 47 28 57 24 11 42 85 17 8 64 77 
54 4 31 23 67 39 57 50 84 40 44 78 77 89 87 42 44 52 19 35 86 94 73 53 80 16 48 80 96 21 
55 69 12 95 56 64 31 66 60 73 38 75 2 42 84 39 92 86 2 54 94 35 68 99 43 68 89 22 23 78 
71 95 31 37 61 20 89 62 85 49 55 67 13 42 83 20 44 13 62 64 59 8 79 69 23 69 40 43 53 42 
7 9 7 82 88 83 2 24 14 64 15 13 42 36 98 64 55 5 10 44 44 74 10 86 63 78 95 75 92 85 
20 69 41 82 32 23 62 69 61 94 52 9 13 45 43 82 88 21 92 25 88 85 85 39 29 20 70 51 31 41 
82 65 14 90 54 74 49 41 38 76 44 29 95 63 40 72 2 68 17 3 8 18 49 6 70 80 68 2 1 83 
19 71 7 48 52 63 2 26 75 60 77 84 82 42 14 81 93 31 42 11 26 48 39 61 6 5 19 84 93 56 
44 29 77 67 88 19 5 28 3 33 12 77 17 20 34 50 16 26 6 2 7 55 12 54 67 69 20 64 10 89 
10 7 87 64 79 95 22 54 19 31 96 4 24 64 61 43 85 71 16 73 4 81 55 72 74 51 39 29 71 66 
75 88 81 24 44 26 9 9 95 61 82 30 37 27 56 23 21 10 62 13 13 11 79 98 63 51 50 20 69 99 
13 37 1 55 94 32 57 43 31 43 51 55 40 49 73 85 15 64 63 96 78 23 88 70 12 56 10 67 23 57 
66 60 93 44 53 93 48 42 43 92 94 13 92 7 22 28 83 96 78 11 27 38 31 58 35 62 11 96 88 68 
97 78 73 28 22 66 44 83 75 99 87 65 72 27 14 26 30 45 80 32 38 80 92 13 90 11 45 8 54 8 
94 91 68 41 12 70 78 44 47 92 26 56 46 43 45 58 22 61 16 34 20 53 10 59 13 95 63 59 28 84 
28 52 31 81 98 28 88 22 39 16 96 63 24 5 36 85 71 14 21 51 31 97 74 85 51 69 88 97 83 58 
40 57 6 11 11 82 66 81 29 44 56 81 27 20 12 1 29 43 28 44 35 11 76 8 92 87 52 80 24 88 
55 89 22 54 25 99 55 38 71 37 91 86 93 70 60 73 9 93 27 64 62 46 83 73 9 87 80 22 12 12 
77 97 18 34 46 47 48 5 12 87 25 97 19 14 78 33 14 28 90 80 20 26 24 47 33 51 7 2 20 86 
31 87 75 40 66 14 82 4 8 61 28 49 76 58 61 55 8 27 13 26 50 99 23 73 19 79 38 55 90 89 
4 88 46 56 12 36 9 50 20 49 1 86 57 35 30 16 90 51 36 11 1 86 29 55 81 9 92 4 34 53 
70 77 92 66 88 55 56 64 13 94 57 30 24 18 57 99 15 8 70 72 75 71 28 24 65 79 33 30 92 51 
49 8 37 32 96 3 89 31 23 82 38 37 48 53 87 99 58 68 68 96 9 94 75 94 38 94 39 88 19 6 
63 99 44 29 17 86 84 1 10 91 14 14 39 81 35 19 79 23 78 14 45 44 65 30 32 49 28 72 8 98 
11 79 21 5 62 48 3 2 17 98 27 59 3 3 17 10 87 3 73 43 55 2 5 22 74 17 6 50 15 38 
5 27 20 90 49 81 53 54 95 93 25 89 66 16 7 62 20 61 93 76 28 60 4 82 37 10 2 93 1 86 
55 32 31 19 85 78 31 23 12 93 95 49 75 37 49 10 20 56 72 95 14 57 41 44 24 16 32 40 13 9 
29 60 13 35 91 1 3 72 57 59 76 44 95 48 84 76 48 64 16 60 26 54 95 60 94 33 4 64 15 16 
73 49 55 48 10 71 2 90 87 37 79 19 88 15 30 30 48 22 40 56 2 21 55 65 59 46 58 24 87 76 
15 57 50 94 68 41 18 40 73 87 69 15 59 55 32 12 58 91 97 77 62 66 11 51 8 37 32 50 32 19 
37 27 78 98 75 4 52 92 68 99 6 98 29 10 80 55 13 4 31 10 43 92 85 95 37 39 35 3 77 8 
80 87 87 73 9 1 42 70 46 47 25 88 19 63 68 93 71 64 22 17 95 56 97 60 60 10 62 31 82 62 
32 56 34 25 35 60 3 70 72 86 95 35 79 22 65 52 81 98 33 78 88 81 25 73 2 7 75 20 73 41 
65 83 17 73 43 70 40 11 91 99 54 74 80 62 52 61 3 92 19 11 9 19 32 80 98 67 70 88 25 20 
24 88 99 4 9 3 8 46 90 53 3 7 94 73 89 81 40 18 62 85 30 52 6 61 38 32 6 45 20 98 
66 61 44 95 90 67 82 87 61 24 38 98 14 11 57 7 52 57 53 99 40 68 48 27 49 5 37 52 57 43 
75 18 73 52 65 52 10 91 27 43 72 84 12 9 79 50 83 42 7 48 93 81 35 75 2 16 78 66 4 17 
56 49 67 3 5 98 14 56 12 12 16 72 79 77 15 11 98 85 57 68 96 44 82 24 49 45 4 56 76 88 
45 2 15 40 55 56 74 78 45 11 57 62 93 1 36 10 98 79 91 62 54 84 90 56 36 68 86 99 77 48 
97 94 69 88 11 98 57 63 68 38 43 27 68 19 30 63 32 70 89 8 53 40 68 26 60 54 91 66 88 67 
60 11 31 70 53 67 13 23 25 58 96 10 20 64 91 87 94 59 9 96 55 99 2 96 43 59 59 93 39 33 
75 90 69 46 59 26 71 30 9 62 6 53 39 91 20 73 9 63 35 28 51 61 73 20 91 36 45 41 16 90 
91 56 57 2 48 20 37 93 71 13 10 38 90 70 6 2 57 98 9 4 84 43 56 16 59 23 6 77 22 7 
85 71 90 62 34 90 65 39 74 50 20 88 96 10 20 47 68 50 63 98 38 73 8 21 36 89 77 85 62 91 
44 76 72 15 23 79 50 32 36 63 58 58 47 65 97 89 19 29 34 46 62 40 29 58 17 84 11 63 77 5 
49 24 41 48 60 49 79 37 50 25 61 6 49 75 51 59 72 11 87 25 58 32 21 60 88 72 94 3 78 31 
75 64 21 74 89 86 42 5 44 9 59 62 71 42 5 99 11 2 36 65 37 78 39 24 42 12 25 76 92 60 
98 61 60 16 16 51 20 12 57 18 50 27 36 30 98 77 94 82 19 66 42 46 48 60 55 96 62 85 1 7 
33 55 18 88 15 60 41 40 90 4 70 24 80 71 35 30 46 17 59 93 85 50 98 49 56 85 73 49 17 99 
5 96 36 2 52 96 75 75 58 40 12 30 65 65 67 45 67 93 46 43 80 2 56 81 97 90 52 18 25 85 
48 38 19 87 83 61 29 21 94 47 42 10 98 55 93 34 21 32 81 41 63 22 36 62 86 81 80 16 34 17 
22 6 15 18 26 60 95 11 60 51 3 75 59 42 75 73 29 57 44 84 59 58 88 1 70 3 93 54 45 31 
51 64 4 29 67 26 52 41 41 3 9 78 46 37 55 90 15 35 62 23 69 27 59 58 28 85 39 54 76 9 
51 41 24 18 78 11 59 23 47 16 69 74 75 69 79 70 63 48 39 29 71 30 35 71 93 89 33 57 10 31 
51 45 47 70 76 90 46 90 52 32 11 51 90 7 95 86 75 94 57 71 15 60 46 60 21 6 30 69 86 87 
19 24 62 21 54 75 52 82 34 59 49 96 78 99 50 71 98 1 82 30 61 28 13 31 85 98 23 94 88 9 
87 60 53 25 48 70 71 73 34 13 82 47 46 30 59 81 57 86 75 92 29 18 56 76 59 12 38 80 10 80 
47 93 6 31 78 5 23 7 50 8 49 79 95 12 53 37 91 41 17 18 5 6 70 23 34 25 87 1 32 58 
11 36 34 85 49 74 26 72 15 62 85 95 74 78 96 61 20 4 82 39 76 76 2 57 90 87 72 80 15 41 
27 30 36 61 10 68 17 82 56 76 30 34 28 69 64 32 98 51 36 40 47 38 36 6 20 79 53 28 90 51 
39 90 31 59 21 81 74 70 88 73 67 86 1 37 15 39 99 17 81 82 59 52 79 72 88 65 25 18 42 1 
54 39 61 92 76 18 28 31 61 16 99 88 4 40 31 68 13 12 5 4 26 31 8 49 24 38 12 87 38 46 
19 52 17 27 45 93 25 69 26 96 50 69 11 25 43 47 39 38 36 33 76 94 13 87 75 28 93 20 49 9 
49 70 57 65 56 17 65 51 16 57 22 38 23 89 49 54 3 47 90 68 9 88 77 10 56 28 85 37 52 85 
58 79 34 57 22 97 2 58 23 60 10 48 98 78 83 74 22 78 43 72 80 4 2 38 12 86 48 68 21 72 
89 21 36 30 37 9 19 43 16 25 49 77 19 23 59 56 2 15 64 36 64 52 88 47 74 53 91 24 59 9 
71 55 63 7 1 69 84 96 9 6 91 35 92 2 49 32 91 83 43 58 40 78 16 3 8 4 37 85 55 42 
85 99 89 9 47 98 82 34 42 52 25 78 16 35 68 87 54 98 32 68 28 56 54 8 6 22 62 35 48 14 
13 12 23 74 18 83 44 36 65 64 62 28 17 71 98 35 95 88 73 14 20 2 56 49 11 10 74 96 7 86 
71 11 47 44 30 72 76 84 12 60 23 56 25 85 56 75 68 69 72 28 90 61 56 56 90 2 86 65 24 96 
70 22 65 21 96 96 25 49 54 96 41 40 82 10 16 70 7 35 96 14 52 3 41 3 43 8 91 99 85 95 
82 74 59 69 39 30 5 1 73 81 10 41 10 74 95 26 1 25 76 60 49 8 77 31 93 39 25 69 17 58 
27 41 29 53 25 88 15 70 58 56 34 71 87 21 33 40 4 6 73 36 34 34 76 82 89 46 6 85 88 35 
20 57 96 92 80 50 88 91 84 54 71 87 29 53 40 25 92 39 20 61 54 64 60 93 93 50 82 17 70 66 
6 48 51 58 58 10 61 86 34 54 75 29 4 23 66 81 26 78 67 50 53 49 11 51 87 76 17 90 39 58 
48 78 63 30 69 72 65 57 91 13 97 49 3 2 21 26 61 39 7 27 54 27 62 2 4 35 77 37 76 88 
51 51 17 45 87 62 72 29 38 84 93 46 70 63 23 71 28 4 60 78 86 68 37 89 77 13 79 1 27 43 
28 74 45 53 66 42 39 85 91 34 96 44 15 70 8 62 64 88 92 90 30 25 86 28 34 33 70 9 61 82 
50 23 7 60 76 42 24 38 71 72 45 94 93 71 27 35 57 89 94 94 74 19 17 10 96 87 81 26 91 66 
55 39 37 46 20 21 73 39 52 4 61 67 18 55 13 20 47 72 84 66 35 76 86 35 10 69 58 20 25 69 
15 63 40 88 73 89 81 5 29 20 18 29 70 13 80 41 56 88 6 22 47 9 96 9 32 12 25 59 10 58 
67 99 75 21 32 67 13 57 19 42 45 96 99 88 83 34 5 24 91 43 31 10 79 75 38 19 10 5 30 20 
71 89 58 31 52 8 92 5 19 28 90 29 17 54 78 74 65 74 62 5 70 56 52 62 37 43 56 5 4 62 
71 43 44 87 16 86 75 26 52 18 18 7 83 57 94 75 29 81 10 31 73 94 59 51 46 2 87 31 47 80 
65 14 59 10 2 38 1 57 88 12 80 73 2 44 41 17 60 65 19 91 88 43 16 21 23 62 75 42 64 90 
5 21 58 71 5 70 54 81 12 64 62 22 93 50 20 55 77 96 50 20 24 49 7 4 54 94 79 16 72 10 
41 56 55 12 22 66 56 8 17 48 78 81 39 68 10 78 43 97 34 63 97 91 97 13 90 39 76 80 8 97 
18 27 74 75 53 2 64 90 29 63 45 77 33 50 92 30 62 56 79 59 4 53 26 71 27 29 88 15 7 77 
59 62 38 61 81 41 56 63 68 33 57 67 98 84 63 89 25 37 71 54 47 69 11 53 23 20 94 78 65 70 
21 13 81 64 49 79 6 73 30 86 2 41 5 69 20 16 49 14 57 7 9 73 63 95 70 70 26 81 19 21 
46 60 51 71 48 50 54 24 73 58 15 86 75 65 43 95 98 10 58 21 1 21 5 14 57 45 55 57 16 4 
8 41 82 9 10 55 99 35 32 98 46 25 19 41 18 40 8 97 94 76 1 43 96 6 17 93 11 50 56 92 
70 67 39 84 31 35 57 89 65 37 94 49 88 92 33 8 33 8 40 95 70 65 19 77 70 76 7 72 51 49 
69 77 12 77 96 1 61 50 34 96 48 50 72 42 70 43 50 62 75 97 59 88 17 81 52 64 85 79 15 83 
73 27 78 26 87 54 40 51 29 47 14 64 94 67 94 96 12 81 91 93 67 29 31 4 45 36 86 91 53 2 
72 43 72 94 52 23 57 84 47 93 66 21 16 85 99 95 17 17 81 30 69 96 92 54 24 84 44 12 93 96 
40 57 55 97 35 66 48 40 5 73 95 77 88 80 92 80 94 37 13 24 87 91 97 3 36 9 53 61 71 53 
39 85 23 26 89 42 11 38 84 72 89 63 43 46 15 61 33 22 43 97 16 51 98 74 21 92 42 33 70 17 
2 3 95 28 21 34 54 38 99 17 22 1 98 76 75 53 99 74 89 71 74 77 53 41 84 41 29 22 84 94 
96 21 48 52 61 78 82 93 24 81 64 38 32 79 80 26 38 93 65 25 25 65 42 20 92 98 94 63 51 20 
68 14 19 27 51 14 4 70 29 3 9 8 94 95 62 4 18 12 15 35 9 10 35 28 7 61 75 63 20 96 
80 1 22 66 96 39 5 7 92 55 46 49 21 16 45 88 89 13 24 40 73 90 79 13 96 5 79 90 33 18 
49 90 7 99 51 11 21 83 69 76 79 19 63 51 67 25 58 41 72 90 20 92 39 52 45 46 3 22 46 74 
52 75 13 86 94 78 53 1 39 8 7 54 32 28 49 87 98 9 49 21 36 27 91 79 59 34 61 29 1 35 
36 72 90 20 42 33 3 12 9 40 69 34 10 30 37 40 12 46 47 23 29 33 15 9 11 19 44 64 67 3 
40 8 20 63 14 84 33 7 90 13 8 14 44 50 16 26 26 21 58 86 72 83 50 28 30 7 43 15 93 93 
78 72 9 47 80 61 59 68 56 65 47 19 16 17 83 25 82 10 18 34 62 24 42 13 71 34 16 69 59 40 
78 22 98 2 47 6 88 59 46 33 3 32 25 85 66 6 79 16 51 93 10 57 32 69 52 28 78 15 16 68 
8 25 30 50 31 59 15 91 3 19 22 41 93 54 93 46 48 97 28 40 30 51 7 53 97 55 18 70 62 51 
14 9 85 98 79 43 5 57 73 43 99 14 36 98 70 73 76 81 99 71 43 72 71 82 31 52 93 42 83 72 
81 84 75 60 71 18 22 62 8 17 42 62 38 55 27 48 39 91 93 89 57 18 37 32 11 12 51 39 45 80 
50 13 78 58 31 92 62 54 6 77 21 31 55 87 29 94 85 77 61 21 22 99 23 8 78 14 45 26 70 70 
36 32 85 7 95 17 17 31 57 15 83 75 17 9 27 27 93 5 87 31 11 11 16 5 44 78 72 34 86 76 
19 94 70 79 51 10 75 20 68 26 72 56 73 68 97 57 66 18 70 13 28 36 12 10 33 33 81 72 45 67 
38 10 59 80 65 88 69 85 28 69 25 48 33 26 28 79 44 70 13 42 65 66 76 1 85 85 88 49 15 63 
44 55 75 30 97 8 2 16 24 11 51 56 87 37 59 16 7 10 84 86 85 84 56 63 31 92 58 12 53 78 
82 48 71 78 5 44 96 21 70 85 94 52 40 22 56 43 58 25 8 23 19 27 46 99 74 91 52 69 69 86 
16 15 72 60 1 91 73 89 82 55 87 27 31 54 62 75 4 27 34 22 1 19 2 19 26 47 45 91 5 42 
27 74 14 20 88 64 97 74 84 8 18 29 25 16 35 20 42 52 61 5 16 22 76 80 83 5 70 1 92 11 
9 33 2 39 38 63 72 46 13 40 96 59 78 52 37 11 22 39 50 76 13 93 8 82 51 61 32 15 71 66 
78 43 95 85 72 68 83 83 94 69 28 63 57 10 77 40 50 32 67 88 35 40 42 79 25 8 92 61 91 95 
76 11 32 89 47 32 30 78 1 31 80 91 57 63 76 92 42 34 16 8 88 77 62 70 54 77 66 68 60 60 
50 86 8 39 20 93 40 78 11 8 9 93 50 68 93 57 12 50 14 93 33 41 93 70 37 11 43 64 18 45 
89 74 76 12 79 38 43 96 5 23 5 45 11 85 77 83 28 20 82 4 51 51 65 55 83 42 70 41 88 21 
39 62 91 47 1 47 6 71 61 51 11 91 7 19 5 70 92 37 12 58 99 51 10 97 85 4 45 95 64 17 
76 13 38 71 54 80 11 42 47 6 30 87 53 38 39 38 29 69 9 3 14 98 18 12 77 81 39 70 41 21 
91 97 17 59 99 57 41 46 94 56 51 46 73 76 80 95 12 88 23 59 36 1 54 18 61 68 47 90 25 7 
12 59 95 49 90 23 57 81 24 30 57 45 83 89 93 66 6 1 58 2 71 49 1 16 21 9 14 29 72 58 
58 86 60 77 42 32 19 48 19 4 27 55 89 22 59 68 51 86 17 51 42 90 90 31 16 34 35 10 76 8 
69 73 55 39 89 12 57 72 1 21 68 36 55 92 30 52 54 60 76 61 85 73 33 78 88 90 40 5 12 72 
67 40 38 33 79 94 66 35 92 48 5 11 19 6 2 97 80 6 59 32 90 82 23 6 86 57 36 39 47 18 
49 56 77 87 72 46 95 81 28 2 69 65 57 65 6 92 5 38 30 93 26 93 40 72 77 36 93 61 29 88 
21 44 43 86 87 75 38 14 39 47 63 7 51 28 36 93 28 41 99 94 43 77 84 86 81 70 26 76 24 72 
99 86 18 33 74 30 2 97 22 87 37 93 30 96 6 31 69 60 31 35 49 34 59 98 85 8 81 57 47 67 
72 92 70 53 43 28 76 87 83 5 66 89 99 73 92 24 1 55 53 5 25 71 62 52 52 6 36 13 54 57 
16 54 78 67 66 15 26 97 55 21 90 82 50 78 22 54 94 24 74 54 95 85 8 37 58 79 6 14 65 88 
55 63 99 82 2 99 86 10 21 63 96 35 88 20 68 18 53 43 8 53 10 7 27 47 98 77 17 88 77 73 
35 51 64 4 3 77 71 90 71 12 34 23 96 36 57 91 5 78 42 63 23 61 7 48 78 69 76 53 42 78 
70 10 46 80 78 3 38 19 45 16 27 74 83 25 70 79 8 48 35 44 49 35 21 61 11 29 73 6 19 88 
57 22 51 61 86 50 22 16 45 56 20 36 96 54 25 38 63 1 62 24 18 43 36 20 21 66 59 11 64 74 
35 40 68 37 66 9 94 5 62 5 50 49 75 90 16 40 99 73 18 91 31 69 95 48 49 82 8 21 24 80 
57 25 63 75 69 72 78 92 28 27 96 74 34 68 83 79 23 17 41 2 66 8 41 53 97 34 59 65 6 47 
31 5 22 84 2 64 77 34 73 66 47 77 1 57 88 20 52 37 45 63 70 45 77 32 20 67 82 69 52 25 
22 76 60 25 34 11 61 98 36 46 21 93 29 78 63 51 92 56 95 52 72 1 10 9 93 30 95 85 70 15 
29 5 44 54 32 16 17 26 98 19 18 54 86 79 84 6 16 5 90 43 34 97 75 61 41 15 51 43 90 5 
48 2 23 16 82 7 49 16 91 71 49 65 26 82 29 61 1 84 37 42 41 13 14 41 28 37 8 46 58 85 
18 96 3 79 91 17 76 54 91 18 87 99 94 9 57 87 8 64 20 60 95 28 55 64 84 32 45 66 75 69 
31 12 41 94 22 20 98 64 63 86 91 17 15 42 62 9 97 82 96 32 63 97 18 26 15 76 71 63 76 44 
72 90 93 75 66 46 66 5 70 95 81 68 49 12 88 62 60 56 96 63 94 87 77 30 42 35 38 58 50 73 
56 95 57 32 56 53 40 90 76 48 28 47 16 97 2 80 71 55 48 22 72 79 82 98 60 65 90 42 9 97 
52 22 52 47 31 81 44 18 18 23 93 81 27 56 2 30 24 96 22 37 90 51 52 53 42 16 33 84 76 76 
82 80 73 87 45 56 86 98 58 81 31 62 56 5 31 64 21 19 12 34 45 29 29 19 73 10 81 75 26 24 
6 62 48 63 11 70 4 19 62 64 24 96 7 3 9 26 17 78 47 29 10 24 22 14 75 59 49 79 33 24 
58 18 64 86 64 12 15 50 14 75 71 97 3 70 62 6 6 22 40 34 94 63 41 46 58 90 14 4 47 50 
92 14 69 25 29 94 41 64 13 12 21 19 76 11 36 47 52 78 44 83 53 98 50 92 96 2 49 44 99 64 
89 91 8 20 11 39 60 57 23 58 28 9 45 10 32 54 34 58 47 75 65 86 80 75 88 26 9 98 12 29 
22 83 32 52 11 20 78 55 51 35 1 16 6 40 84 65 11 46 2 32 22 68 83 8 52 73 58 34 93 71 
93 83 68 39 33 72 23 34 32 5 64 57 80 63 81 37 55 7 26 43 40 84 16 4 78 28 14 46 99 73 
39 54 39 85 64 93 86 13 25 46 22 59 48 2 59 44 85 92 28 20 14 83 72 51 20 78 37 77 11 95 
86 12 52 77 73 94 51 30 65 22 33 24 70 29 64 43 97 9 66 2 55 17 36 49 95 44 79 5 19 91 
95 46 46 64 41 62 58 83 18 50 17 14 19 36 97 62 43 39 89 82 60 80 88 26 38 37 93 96 64 53 
56 62 37 70 88 75 88 79 91 79 30 64 94 72 8 3 67 36 71 76 60 30 43 66 91 42 11 36 60 5 
68 7 30 79 82 2 71 18 99 69 40 18 52 49 90 37 91 89 31 25 83 59 95 75 79 43 83 27 6 19 
37 18 68 47 85 9 4 79 87 41 71 4 62 63 73 22 87 75 34 90 60 28 49 88 74 60 83 98 73 43 
8 92 87 88 64 69 69 57 50 92 29 35 84 72 72 71 9 86 48 67 7 47 95 29 81 35 39 61 36 31 
86 47 50 28 25 36 57 79 16 86 24 92 82 35 30 73 66 79 69 66 20 78 27 75 74 14 36 16 50 38 
91 57 56 94 66 40 21 36 85 3 75 77 19 66 71 22 59 87 55 76 12 14 65 55 74 14 84 71 9 33 
80 25 91 56 48 40 58 35 71 78 91 13 27 5 14 54 46 92 26 33 30 38 1 89 5 49 66 7 1 14 
28 9 28 15 11 73 10 38 54 46 48 10 86 69 88 45 18 39 45 74 48 25 11 54 28 64 79 67 3 84 
53 48 74 54 60 50 13 34 49 56 41 67 33 40 27 6 42 27 75 34 58 4 58 56 61 82 64 20 27 12 
64 55 7 55 42 48 50 24 48 33 60 16 12 53 15 13 7 74 88 52 65 55 59 14 57 89 51 86 68 28 
23 92 77 19 61 79 48 27 36 57 10 37 14 21 3 5 73 18 90 67 22 94 3 95 1 18 74 7 93 58 
53 11 42 71 30 13 82 48 60 77 1 86 96 84 13 38 82 13 5 73 3 85 78 28 7 80 8 89 21 64 
65 79 60 34 51 91 89 15 89 48 99 51 85 82 77 57 89 37 98 65 57 76 40 94 27 88 62 38 88 79 
26 58 43 67 21 32 60 38 9 16 49 51 89 57 89 48 37 10 17 87 69 67 52 18 89 78 56 36 95 64 
70 68 92 42 70 77 12 17 82 96 31 34 40 9 76 33 1 9 59 21 45 44 43 28 58 68 48 4 95 27 
19 26 2 66 53 93 60 59 73 96 63 5 55 95 8 88 51 23 9 83 32 18 82 4 68 52 79 27 21 79 
80 88 43 17 76 58 98 96 66 14 14 58 46 79 45 61 35 40 93 29 22 92 47 24 44 97 41 3 71 61 
82 99 63 51 89 6 19 77 77 7 79 30 47 97 13 25 52 19 46 80 27 1 87 32 8 11 21 96 24 54 
38 29 84 18 98 31 57 87 14 9 39 18 92 41 15 49 53 44 70 33 52 72 32 82 34 42 84 81 90 91 
51 26 89 76 94 10 27 36 10 64 95 46 11 78 9 74 90 7 44 80 3 25 34 12 10 84 91 88 90 84 
20 53 46 3 49 85 40 71 60 83 51 2 2 72 11 41 64 7 30 71 71 53 29 44 90 20 62 44 37 70 
80 29 66 74 16 60 26 43 14 7 56 75 65 94 34 49 24 62 60 86 96 33 21 56 22 67 12 37 30 92 
61 51 78 93 47 80 70 96 41 92 73 98 69 19 36 37 51 94 39 48 81 18 9 20 74 6 86 75 77 93 
88 84 93 71 51 12 31 83 22 52 67 48 21 14 91 69 63 78 4 16 14 50 46 46 37 73 47 19 20 13 
43 23 21 2 25 4 62 28 60 80 26 68 38 36 34 66 75 41 38 97 87 12 18 16 54 10 36 7 28 65 
70 11 4 96 70 68 84 79 84 44 79 62 76 67 37 18 27 88 59 90 78 43 64 55 19 79 57 1 22 57 
73 27 56 61 73 78 29 31 49 83 61 47 15 95 80 1 12 11 82 6 2 71 17 87 48 50 39 47 26 30 
33 68 36 51 73 91 44 15 40 39 82 53 50 31 87 49 24 14 37 30 41 28 45 71 38 30 15 49 76 36 
72 66 66 60 44 18 51 31 76 53 41 40 83 86 72 9 49 93 58 70 67 19 81 72 56 39 22 12 56 45 
93 69 93 51 16 84 70 89 30 15 41 12 62 74 19 3 11 50 58 91 56 82 46 97 76 24 16 61 54 57 
8 63 46 47 88 6 86 77 35 12 5 24 88 20 26 57 23 43 63 44 48 56 80 64 50 19 21 16 71 69 
67 43 30 43 77 46 93 52 48 26 62 38 31 72 63 29 91 84 45 25 76 92 17 45 4 7 30 41 18 81 
23 49 69 95 78 67 94 31 74 99 37 53 45 89 81 19 42 69 54 60 63 75 47 70 85 21 18 27 55 56 
3 90 37 71 81 95 64 56 35 44 64 39 68 98 36 75 33 92 93 33 2 25 99 56 15 48 18 51 82 38 
71 8 95 58 9 43 5 37 24 45 50 63 32 71 87 37 2 2 30 29 65 46 35 59 13 2 12 19 65 39 
39 9 73 17 9 5 37 31 46 26 39 38 74 75 85 70 44 66 64 31 80 7 16 74 41 24 19 51 63 69 
38 64 46 67 72 33 48 15 55 68 21 95 69 88 98 10 70 36 73 16 19 45 28 93 15 52 27 42 32 47 
8 64 94 46 75 65 83 75 91 26 76 61 71 14 20 11 45 42 61 90 19 46 97 71 2 30 67 14 74 43 
63 91 94 75 8 24 78 93 9 81 65 65 77 8 51 2 69 7 6 97 19 1 61 97 44 26 85 84 76 85 
66 18 45 71 43 54 80 94 64 99 97 23 91 65 54 38 17 10 24 94 3 75 60 71 72 78 26 24 51 54 
26 15 11 16 60 2 15 29 11 69 55 2 81 58 61 75 87 67 96 13 66 53 18 13 85 66 74 36 52 23 
75 43 59 9 64 41 63 14 20 51 37 15 9 42 31 93 76 11 29 97 81 84 9 60 61 37 21 18 89 38 
12 54 52 52 1 6 87 13 39 48 52 77 29 4 11 46 68 88 52 11 27 13 38 42 90 95 40 16 61 4 
56 95 44 59 30 72 97 47 2 69 63 98 94 57 4 39 98 7 25 62 91 19 59 64 8 60 95 65 55 50 
94 48 86 99 53 15 44 45 89 63 94 7 7 88 5 27 50 26 69 19 57 12 66 55 14 84 65 75 28 78 
9 57 34 89 44 69 22 43 99 37 27 56 22 12 37 23 12 33 39 75 40 24 8 46 23 3 96 88 67 80 
47 3 29 78 89 73 34 64 82 53 77 10 28 59 35 16 49 8 8 57 93 50 87 39 32 38 31 25 56 83 
93 34 15 97 43 29 75 28 68 48 88 75 65 72 45 81 90 51 66 54 54 37 53 62 39 40 85 85 16 22 
77 6 2 54 65 70 83 12 54 99 41 1 86 64 14 61 39 30 35 15 87 14 22 25 51 79 44 84 21 63 
50 53 20 92 14 15 43 65 79 5 27 46 85 15 27 4 80 88 81 46 65 91 6 5 12 45 94 92 33 44 
97 21 98 15 19 92 19 46 58 70 5 23 9 72 13 95 7 13 67 76 54 11 27 6 95 3 18 63 15 4 
26 16 78 15 45 29 71 20 50 80 5 40 72 70 5 30 56 35 31 79 12 6 69 94 59 38 9 8 25 4 
21 77 63 36 39 34 57 51 58 96 73 53 39 57 21 1 46 28 68 62 43 24 26 20 59 49 46 81 11 96 
34 83 21 99 6 65 99 99 6 88 32 47 78 36 24 29 49 22 92 68 43 17 24 65 56 92 65 50 29 35 
57 88 67 64 42 98 34 4 34 74 50 85 79 89 95 62 63 88 34 77 8 48 37 60 60 49 91 53 33 35 
16 19 65 82 75 12 54 63 48 55 17 65 83 86 97 59 90 32 49 34 31 68 2 3 30 23 35 83 21 61 
54 53 87 92 50 85 90 4 79 78 76 13 14 48 7 57 58 39 28 85 92 14 35 84 95 50 53 90 9 51 
97 57 1 55 77 59 4 65 49 46 30 45 69 30 44 89 66 55 25 69 36 78 28 35 81 19 7 37 52 86 
29 43 98 90 78 19 46 75 16 16 18 58 22 61 74 36 95 95 22 47 31 73 28 70 71 37 90 22 32 27 
19 72 86 71 63 3 13 66 91 5 62 69 16 22 74 18 6 17 44 21 65 65 61 48 78 57 52 68 68 96 
71 88 54 23 73 63 91 43 70 70 68 11 4 90 12 22 18 67 89 82 45 25 19 70 46 7 19 77 66 70 
58 10 35 76 9 58 23 67 68 67 87 6 1 90 73 54 66 5 56 50 32 42 85 71 47 80 11 40 17 95 
10 32 66 5 16 2 45 97 77 91 89 14 45 23 47 61 71 90 35 13 27 47 30 98 16 21 29 83 77 82 
65 81 72 92 87 34 70 62 18 20 73 62 62 42 90 49 74 11 24 81 66 65 80 78 1 19 28 32 70 26 
6 61 41 87 52 83 54 90 11 80 39 85 68 41 17 73 81 41 18 71 32 84 27 5 47 40 2 60 12 77 
5 59 1 43 53 17 22 51 70 95 20 98 89 55 79 62 24 14 27 78 95 62 30 3 44 20 27 33 89 75 
25 72 98 41 26 19 67 9 72 10 21 4 50 49 42 97 63 74 19 17 57 51 38 56 38 7 18 87 71 38 
48 70 80 60 85 51 83 85 11 90 7 41 22 18 55 14 5 46 56 44 15 46 74 20 16 45 48 26 54 78 
52 66 23 6 72 57 3 26 51 83 26 99 51 70 44 98 14 71 77 60 90 13 53 89 33 11 38 48 9 31 
26 32 53 16 97 77 52 27 62 11 30 88 55 79 79 32 98 16 13 50 76 58 58 53 19 27 88 53 66 2 
16 66 11 23 85 12 31 78 44 75 38 33 52 81 4 64 73 61 12 48 78 57 65 90 72 77 76 30 16 27 
34 3 71 53 81 5 38 44 35 18 45 41 58 34 8 77 85 73 69 91 28 56 8 8 61 10 89 47 51 1 
37 86 87 63 12 89 86 86 88 31 56 53 95 87 38 18 50 68 42 84 83 36 35 17 15 50 36 8 99 35 
30 65 48 4 83 4 61 19 18 68 1 95 15 16 70 93 30 71 12 33 9 61 67 48 27 63 36 86 98 77 
86 1 91 72 89 76 8 24 7 72 90 58 58 34 90 18 27 62 5 77 7 66 30 90 16 94 82 30 99 26 
63 38 66 2 3 46 72 94 22 31 11 14 79 1 62 41 91 85 47 42 66 80 17 13 39 94 98 3 93 10 
79 5 10 44 43 7 86 96 84 9 4 48 19 42 32 93 8 95 17 95 29 23 57 57 84 79 87 66 9 37 
77 15 58 18 71 95 22 62 83 31 25 88 75 50 8 79 21 66 57 69 69 78 95 83 55 76 82 5 22 56 
7 90 53 21 63 53 45 73 25 19 40 54 83 45 41 89 3 17 62 41 39 59 1 40 98 95 61 50 61 26 
85 75 9 16 7 74 81 98 56 86 84 43 61 97 47 17 73 22 67 54 92 39 6 45 3 68 63 40 81 5 
44 7 17 72 75 64 6 11 22 14 26 12 79 50 72 54 10 83 19 6 69 97 21 49 62 16 49 75 4 61 
10 50 38 51 88 90 89 46 85 61 45 38 40 16 97 8 2 60 9 85 51 67 77 2 13 44 42 48 74 27 
61 83 34 7 68 44 61 92 64 23 93 24 58 60 95 97 24 88 91 28 82 71 14 52 65 34 53 12 69 61 
90 61 98 78 82 98 49 33 81 8 16 51 17 3 31 31 89 19 95 52 86 52 81 46 18 40 3 50 12 85 
52 25 44 23 25 51 17 14 49 41 7 52 76 97 14 38 32 21 59 97 74 89 41 8 75 44 89 5 19 82 
19 66 97 87 5 73 45 93 33 35 33 70 38 73 96 45 57 90 7 86 9 13 76 61 33 47 56 23 21 85 
35 50 52 46 29 18 73 19 17 77 27 5 36 61 71 20 94 49 25 29 47 73 68 27 28 36 88 91 11 98 
4 22 74 15 34 45 34 96 36 53 1 30 86 59 75 59 77 43 2 96 16 56 87 11 44 93 26 4 88 96 
59 95 30 32 2 78 31 62 97 48 28 77 26 79 2 88 50 11 97 46 58 22 49 88 60 3 19 65 85 99 
64 23 69 99 58 5 87 28 26 71 27 69 7 58 43 86 69 86 49 26 61 14 44 36 6 4 36 71 68 16 
9 94 14 89 42 61 52 7 89 19 20 20 11 44 25 63 3 45 69 28 12 30 52 8 23 18 71 99 11 71 
4 98 74 42 96 30 61 90 22 70 77 35 67 26 59 21 45 68 12 29 55 97 86 94 38 35 54 47 7 25 
97 70 1 95 84 53 87 80 8 65 77 94 28 77 90 80 64 81 71 71 95 90 25 18 96 89 28 67 31 32 
94 68 46 16 67 86 22 86 77 4 52 20 8 7 90 51 25 13 38 31 33 88 54 41 83 69 23 29 2 56 
70 83 95 6 80 82 66 15 70 22 78 9 56 55 57 65 79 42 72 66 67 66 59 10 93 59 4 28 3 19 
10 66 32 58 57 71 52 87 62 43 99 16 55 38 45 77 49 87 23 38 28 18 89 61 64 88 57 4 25 15 
88 51 84 56 26 79 40 32 45 12 74 14 36 18 91 55 53 50 81 70 88 96 20 80 37 47 35 75 75 42 
87 90 25 48 7 75 77 70 17 1 54 9 45 8 38 2 34 85 96 31 41 26 84 20 92 7 99 13 83 20 
68 41 90 4 31 64 43 95 20 84 75 18 6 36 54 48 11 24 13 59 65 73 86 65 69 87 58 74 82 85 
5 79 92 67 10 36 78 14 31 31 41 85 88 10 78 43 82 20 42 70 6 54 13 39 7 12 98 34 27 27 
53 2 45 75 21 42 76 57 24 43 71 55 44 52 3 91 23 6 5 84 20 32 74 47 96 78 37 83 66 43 
63 19 16 90 69 18 73 65 79 97 69 62 89 47 59 81 50 51 26 95 5 56 22 36 49 38 1 3 47 78 
60 28 28 21 88 99 7 24 36 36 43 85 60 74 69 6 52 9 59 51 17 78 78 55 18 92 17 34 32 56 
29 7 91 34 13 93 14 61 92 36 11 68 77 13 5 3 51 10 35 11 58 94 2 26 74 18 57 61 3 51 
56 76 95 53 39 89 91 6 20 47 6 64 75 38 34 92 19 27 13 13 99 4 94 55 56 47 57 31 94 69 
16 40 75 96 13 75 99 53 84 87 83 75 61 18 55 4 70 57 8 77 12 13 37 28 29 49 2 30 69 97 
74 64 76 81 70 51 77 54 22 74 1 20 42 54 94 40 60 93 79 31 31 98 32 21 81 68 42 83 38 81 
40 9 93 99 14 53 92 70 71 99 63 87 93 53 16 84 50 57 12 38 16 5 66 25 48 91 90 8 2 43 
45 15 71 55 74 55 14 28 66 92 76 4 82 93 56 54 80 78 99 99 95 8 30 65 5 49 36 88 91 9 
48 1 31 62 35 6 39 2 22 44 11 13 63 13 63 28 31 85 78 96 10 84 20 88 72 2 57 12 22 98 
31 10 74 73 93 55 1 16 59 65 58 87 37 41 21 34 4 60 76 44 86 42 52 64 91 85 1 8 1 20 
12 6 77 85 54 84 87 12 56 38 21 6 65 29 28 94 21 4 25 52 63 45 70 36 31 8 61 53 64 10 
63 35 70 58 12 54 35 99 53 59 20 80 58 4 28 19 64 14 88 55 1 62 38 36 99 45 41 93 9 71 
49 56 39 19 69 2 14 34 17 42 61 35 14 29 60 15 99 5 62 21 81 95 58 72 86 94 30 73 53 12 
29 14 24 99 63 66 18 20 10 2 79 32 71 95 58 92 24 44 47 64 29 1 49 73 92 22 20 47 33 57 
2 15 62 90 66 7 3 95 69 97 55 91 53 51 5 94 89 22 68 45 47 90 71 11 43 12 34 75 3 34 
62 21 46 25 54 1 12 52 29 16 70 85 3 33 86 85 68 51 29 10 74 36 49 51 14 76 60 69 7 56 
70 11 87 28 9 6 87 30 9 94 64 55 77 91 66 72 39 55 46 67 95 35 22 44 97 41 2 88 61 24 
45 96 14 14 28 21 25 16 57 63 37 64 62 45 25 98 53 58 18 80 42 99 30 34 94 26 68 95 59 11 
57 26 43 17 24 1 32 13 78 20 41 33 73 67 85 60 74 17 96 33 68 77 86 17 60 41 97 79 27 66 
53 82 94 93 53 20 8 88 67 26 97 44 44 81 76 16 19 95 67 37 39 18 74 76 76 9 1 6 36 15 
86 93 74 76 89 98 8 30 31 93 7 74 64 31 5 80 68 51 76 36 75 81 5 21 62 2 7 79 54 51 
22 69 67 17 60 96 86 67 71 6 87 96 75 84 37 10 36 75 76 89 85 20 9 20 5 89 78 3 95 73 
93 4 83 36 74 81 81 35 10 45 2 58 85 56 57 41 3 16 85 47 40 83 47 60 30 43 34 38 15 91 
19 24 52 62 77 10 96 28 71 18 90 33 61 38 63 22 41 44 7 64 35 15 13 88 41 63 81 86 35 15 
91 84 68 66 98 49 60 68 36 76 64 68 26 65 13 50 14 67 45 18 21 37 36 32 13 62 25 18 68 50 
47 68 15 63 98 48 26 25 52 13 11 17 42 1 4 86 65 68 51 3 66 52 95 92 56 64 64 56 65 99 
91 45 47 15 41 46 29 47 20 28 50 5 43 82 12 62 68 28 38 32 60 23 80 70 96 7 52 27 18 38 
63 90 77 24 88 23 1 71 52 90 97 39 9 57 63 5 56 13 75 4 58 50 17 60 2 95 66 51 45 42 
42 71 61 39 34 66 41 75 57 57 49 14 64 48 52 52 52 34 21 65 17 51 67 84 62 10 34 5 91 77 
78 5 2 94 86 99 41 1 72 60 99 16 94 85 45 98 36 40 19 28 56 92 42 6 81 89 34 49 29 16 
43 58 16 48 34 53 43 78 8 85 68 60 47 28 17 16 39 96 65 3 14 81 33 96 11 48 67 34 12 23 
97 46 21 11 51 77 92 63 51 99 95 71 95 99 10 89 92 77 2 97 39 43 69 92 39 99 16 97 9 75 
88 5 33 10 95 35 8 30 51 98 92 51 78 47 47 73 33 1 2 93 44 88 3 24 51 6 44 42 69 19 
89 47 45 25 97 94 31 54 39 19 19 41 81 60 53 67 82 97 33 41 60 90 69 91 26 90 35 66 10 6 
42 41 87 22 36 27 46 44 56 9 11 78 66 63 4 71 55 74 86 39 85 5 42 43 5 62 24 48 63 22 
84 10 39 20 8 23 13 30 70 12 57 48 29 87 7 53 98 84 58 46 8 46 21 18 9 91 63 39 78 48 
47 96 40 66 30 40 95 50 42 68 22 91 15 76 7 48 56 65 27 5 52 63 75 12 3 21 20 7 17 70 
92 40 84 20 2 92 50 97 66 14 7 6 47 62 32 45 15 1 94 17 40 81 5 43 29 45 74 58 46 81 
28 85 51 6 3 38 82 82 25 65 96 23 23 21 73 2 91 64 67 44 14 53 97 8 57 92 83 38 38 8 
19 2 89 78 39 82 99 1 28 21 4 90 43 18 1 15 90 10 12 96 13 24 30 96 2 33 65 31 73 70 
23 79 88 94 23 76 91 77 11 22 87 21 50 48 25 3 65 45 80 14 59 64 31 11 82 14 58 76 99 1 
23 5 7 56 22 65 65 50 87 66 73 1 37 12 45 31 1 88 18 26 69 47 69 57 34 76 12 42 41 54 
77 61 8 83 80 17 41 46 59 34 90 71 35 58 38 17 16 54 22 47 60 40 36 42 50 70 65 80 41 30 
32 66 5 21 31 81 53 79 9 87 6 91 69 5 73 16 85 6 84 41 30 53 86 56 4 26 17 35 92 53 
64 13 68 68 6 80 70 75 79 25 74 43 51 20 14 22 53 28 42 59 47 45 99 33 7 93 19 31 27 49 
19 19 58 99 80 12 46 58 89 78 96 86 20 1 77 5 53 24 57 86 72 54 50 73 58 21 41 75 7 37 
5 15 96 94 57 40 68 57 96 99 29 2 85 86 31 68 10 54 17 53 1 39 87 54 80 4 51 63 29 24 
74 81 61 95 67 32 22 55 39 77 43 77 19 21 24 45 53 61 22 20 92 93 81 74 67 57 85 12 1 2 
81 93 57 49 15 95 59 39 34 93 33 58 10 77 45 61 31 80 65 52 16 40 43 49 39 27 3 9 80 56 
50 10 2 74 46 66 82 41 92 14 39 19 3 67 79 23 34 12 41 52 37 32 11 37 34 22 59 2 67 6 
1 71 72 77 70 81 25 87 17 62 64 64 97 11 65 14 61 41 52 78 52 80 99 80 6 35 12 33 24 96 
78 32 74 87 89 27 80 27 8 25 98 31 86 9 94 19 42 85 59 79 59 3 32 95 13 58 44 69 4 74 
47 25 93 96 85 99 31 81 75 24 82 34 34 56 33 71 69 73 59 93 99 58 47 98 78 45 12 76 45 39 
29 20 81 9 53 19 6 66 22 65 63 2 1 74 85 94 25 14 48 1 38 44 51 88 49 36 28 72 73 29 
71 93 61 12 33 38 44 79 67 15 85 93 83 11 35 52 46 56 94 16 14 86 52 7 69 55 48 20 17 6 
12 46 8 84 32 59 95 87 50 75 41 37 18 19 6 22 39 99 43 17 19 64 62 20 4 96 83 41 23 82 
86 85 80 81 84 76 88 46 76 97 95 61 30 81 67 40 19 72 79 35 89 18 91 37 16 28 39 1 38 68 
14 67 70 87 87 27 19 1 27 93 44 95 30 36 29 54 83 24 57 25 88 52 58 49 51 45 53 15 31 3 
8 57 79 10 30 27 67 59 6 23 55 47 59 80 88 63 91 89 33 64 53 64 15 94 84 84 17 77 17 98 
18 2 89 73 84 81 82 47 16 32 67 84 14 44 29 5 27 52 3 16 20 98 8 30 14 10 11 2 94 43 
28 73 1 28 36 7 45 16 3 91 72 73 54 95 68 64 46 59 88 66 57 56 44 2 67 83 70 16 33 76 
57 41 21 84 18 91 56 10 82 63 30 62 30 59 47 85 54 83 44 57 71 62 37 4 61 33 18 94 40 66 
74 36 23 75 54 58 41 27 78 83 81 33 14 69 1 50 12 81 76 15 68 22 75 13 88 43 18 86 80 18 
55 93 47 93 54 15 47 7 29 44 32 76 17 98 22 40 63 13 83 2 63 56 86 34 70 20 71 34 40 67 
6 88 41 42 39 54 93 86 17 84 40 37 47 41 60 56 58 90 72 16 45 70 44 96 43 45 13 61 50 1 
48 62 78 2 54 50 25 89 65 43 43 28 73 69 24 22 94 39 66 52 47 39 35 99 71 90 51 43 9 16 
20 35 42 29 26 35 85 55 44 80 30 91 41 34 89 44 37 77 15 27 36 15 65 43 46 50 28 66 2 31 
17 80 95 15 3 50 59 11 15 88 96 90 4 80 62 77 12 72 72 56 10 48 71 62 70 93 41 16 9 14 
64 2 66 46 27 40 71 6 72 76 21 94 33 68 20 38 63 48 46 84 11 70 66 43 14 99 57 37 15 41 
1 78 71 20 37 67 15 64 33 21 80 80 42 63 17 71 90 95 69 22 57 66 90 80 33 98 8 94 1 63 
31 80 66 3 7 22 65 71 52 65 46 94 54 57 76 68 16 62 72 28 45 30 77 75 29 21 95 29 72 4 
42 71 57 55 18 22 62 66 78 26 81 50 77 1 56 48 19 62 5 69 17 32 84 86 45 34 45 93 84 83 
43 40 66 93 73 38 34 35 8 62 97 59 61 35 59 33 16 13 2 25 73 70 90 32 70 89 19 3 83 79 
67 10 30 61 63 82 96 20 94 43 74 40 38 15 23 50 27 3 24 21 37 46 89 10 88 53 60 43 53 62 
67 79 52 25 43 59 18 57 55 75 22 85 86 65 86 20 51 55 32 49 79 22 23 58 27 53 76 98 36 9 
41 5 79 38 25 13 17 90 82 76 42 40 18 25 80 66 21 51 67 68 10 52 3 57 94 36 24 38 25 33 
22 78 50 10 84 27 57 63 63 27 25 26 73 33 58 12 44 24 22 37 41 29 79 78 45 42 24 63 75 93 
75 36 34 74 44 53 31 70 18 32 37 13 13 86 32 92 13 90 5 41 43 11 48 29 54 57 95 63 74 39 
66 59 64 96 37 91 39 40 18 53 51 54 88 89 26 24 12 62 54 62 86 84 68 50 12 22 1 99 15 32 
68 6 69 25 24 13 60 93 13 9 76 79 48 10 27 18 2 25 89 96 52 22 74 87 22 69 29 71 59 66 
40 10 95 99 9 11 39 27 10 65 16 83 94 53 42 98 72 23 20 36 36 14 17 27 88 24 74 91 63 95 
57 71 35 6 31 91 27 10 58 96 16 81 22 36 10 8 76 53 74 52 55 35 65 15 59 7 82 18 52 99 
25 5 5 13 72 70 77 8 57 89 49 39 91 44 3 44 27 41 65 72 42 81 67 43 45 28 84 45 94 89 
65 37 9 79 80 80 12 96 35 59 23 96 40 25 14 97 17 50 19 82 11 31 12 44 43 65 59 71 29 73 
40 92 54 3 26 99 82 10 64 40 81 59 43 96 42 82 18 1 2 39 29 78 18 28 70 15 27 51 83 88 
42 88 94 64 18 8 39 3 73 8 70 19 83 84 77 56 38 20 12 52 28 91 62 86 24 57 72 55 67 87 
91 77 18 77 82 31 28 99 41 21 5 54 3 5 63 9 86 87 91 71 3 50 29 49 88 66 66 28 42 51 
95 85 83 25 52 59 36 14 1 2 84 96 38 5 12 74 12 60 60 60 85 41 68 95 11 41 56 31 1 83 
38 83 95 95 82 70 84 14 67 87 14 61 66 11 42 5 14 96 1 52 64 91 83 88 36 43 28 55 39 20 
90 5 78 84 95 7 82 16 66 97 89 98 71 18 91 7 50 23 91 48 12 44 66 89 19 30 23 8 24 87 
6 48 83 41 71 15 68 34 62 24 58 36 84 16 78 3 34 41 61 15 48 70 84 98 35 95 48 63 99 23 
23 58 29 33 76 61 76 89 23 57 70 34 71 23 62 18 23 31 95 5 34 91 9 96 34 91 10 29 23 31 
33 38 27 87 91 48 51 73 12 94 17 81 92 49 74 14 2 28 78 69 71 19 9 40 13 89 78 55 32 3 
22 90 44 85 48 67 65 38 21 32 39 39 56 42 32 14 6 3 10 58 28 68 10 52 62 76 67 19 64 79 
10 96 47 71 75 75 43 11 89 7 62 87 41 23 14 11 95 83 31 26 17 34 58 28 65 65 59 10 59 68 
64 37 93 33 23 69 15 22 18 62 72 38 32 62 95 61 97 49 66 5 78 33 27 66 93 31 95 69 82 85 
44 42 10 8 89 68 76 73 17 70 86 60 76 12 34 52 41 12 36 7 82 99 18 51 94 97 36 71 79 62 
12 89 22 83 12 70 22 48 91 11 70 83 16 63 71 19 48 87 33 48 38 21 49 67 45 62 93 2 82 53 
33 33 4 27 65 11 9 1 38 82 39 1 50 84 3 74 44 12 46 69 66 8 9 74 67 80 81 37 37 62 
59 22 87 26 63 9 74 10 56 96 10 83 51 75 65 77 64 10 85 29 82 1 20 86 48 43 46 30 35 30 
89 38 7 4 52 4 65 17 73 20 20 19 30 35 84 15 42 76 66 50 72 33 51 31 95 57 79 70 3 35 
51 36 19 98 45 61 89 66 9 73 54 44 21 73 62 67 87 74 27 41 22 20 54 50 87 92 24 14 59 19 
88 11 91 56 53 23 26 92 4 64 20 39 46 34 10 77 25 66 66 59 92 1 7 6 20 31 95 81 93 14 
47 93 17 7 91 53 60 29 34 10 36 8 85 12 26 22 17 27 83 17 67 80 18 42 85 98 47 71 7 90 
62 16 58 33 82 94 71 12 32 86 72 39 43 51 16 25 44 92 96 61 21 56 22 19 91 73 40 22 45 12 
74 39 27 84 3 24 80 94 13 31 41 6 34 37 80 55 8 4 9 11 34 9 2 75 15 61 28 91 87 96 
81 36 30 80 47 77 4 37 98 23 66 14 76 70 91 33 88 21 37 90 2 52 80 89 43 6 76 57 33 36 
52 37 42 37 5 18 45 30 75 39 30 39 18 34 99 56 61 57 57 3 34 31 19 23 26 42 82 57 31 43 
47 10 35 26 12 2 26 98 30 54 8 72 95 3 70 10 70 54 40 16 82 47 45 34 50 24 68 8 99 19 
59 80 39 75 53 61 55 5 21 75 71 83 72 32 90 89 30 45 69 21 44 26 35 27 80 7 76 77 93 29 
64 77 23 55 20 22 7 36 71 96 48 38 92 64 40 54 82 85 28 49 44 13 27 20 96 16 91 27 67 69 
15 18 7 40 15 34 84 12 38 86 38 93 58 34 86 42 38 91 99 23 33 79 1 55 28 51 46 64 53 4 
69 78 33 94 74 2 15 77 91 75 68 94 13 76 8 6 16 64 14 46 70 76 22 54 41 2 92 68 46 30 
15 12 20 77 45 39 91 4 6 16 76 23 7 29 55 60 19 8 86 81 49 70 29 80 29 4 38 55 89 16 
87 52 48 9 59 94 28 56 7 15 46 33 21 61 34 73 80 53 98 95 62 24 32 53 23 97 23 13 84 84 
57 89 84 25 39 92 51 50 46 42 27 8 17 86 84 51 76 13 67 9 89 2 88 68 33 19 50 87 47 87 
27 39 51 55 34 38 12 96 46 39 65 74 18 40 44 8 25 11 5 86 54 12 75 15 36 64 11 15 79 28 
4 69 15 21 80 62 77 35 59 28 70 92 78 88 1 66 89 47 23 29 52 59 74 74 82 49 61 73 79 85 
83 80 90 64 58 3 71 18 32 8 49 17 77 4 3 15 47 56 7 59 53 26 72 11 53 39 89 99 45 55 
1 77 30 25 21 23 33 42 82 44 63 34 36 97 53 40 9 10 27 37 61 79 11 52 92 11 58 2 22 75 
55 18 7 47 72 91 65 21 4 96 33 41 53 27 41 84 32 4 35 38 97 54 25 91 52 3 98 44 53 90 
56 87 72 64 60 85 89 80 48 94 37 12 26 93 15 55 41 70 20 73 29 75 61 82 88 41 85 72 43 90 
69 96 82 2 65 88 61 21 6 85 40 64 96 19 90 62 14 45 28 7 97 3 36 1 47 12 23 76 16 63 
37 49 67 93 91 94 2 73 80 97 45 49 24 43 62 74 55 44 99 92 72 38 11 35 93 23 52 98 56 62 
35 80 58 73 55 89 23 44 87 93 80 20 91 66 6 79 60 68 17 39 25 18 55 44 16 79 86 56 71 16 
52 61 60 49 42 25 69 26 94 5 27 29 41 8 34 40 97 34 84 90 18 18 6 46 11 39 44 18 63 40 
39 65 49 38 95 2 21 39 32 56 10 76 37 33 97 80 36 91 44 14 69 22 12 10 65 43 31 73 75 47 
43 20 17 66 92 21 82 22 47 43 61 3 51 92 99 81 15 37 99 55 63 51 44 15 57 74 12 67 15 97 
76 86 65 33 61 78 95 19 18 14 18 23 95 19 46 73 63 93 64 60 85 57 69 66 86 24 62 11 7 72 
55 28 29 84 79 19 61 27 74 57 64 22 13 81 30 21 8 44 45 66 61 92 70 38 41 36 18 69 79 45 
72 11 27 61 36 43 61 14 54 43 76 95 37 35 13 72 76 61 5 24 49 89 93 92 93 11 14 11 12 34 
38 20 71 86 68 66 19 95 58 17 33 61 47 42 44 97 97 58 85 7 68 45 27 77 99 12 29 47 43 18 
51 46 94 96 47 1 53 12 3 33 74 70 73 69 11 39 65 42 62 24 39 82 27 12 38 72 40 26 51 85 
45 47 98 8 43 46 66 14 7 32 32 41 3 44 31 93 52 77 50 18 63 95 42 89 64 44 95 92 81 70 
86 51 68 51 57 54 48 14 47 55 27 21 56 33 76 39 12 19 30 9 36 9 53 11 92 66 22 5 28 22 
10 76 57 30 23 57 2 84 33 57 3 22 16 34 78 14 55 51 59 94 49 52 23 93 88 93 35 47 52 51 
94 45 53 74 77 61 1 49 92 11 9 90 94 89 15 24 65 15 47 83 23 3 45 23 31 29 30 1 37 50 
90 13 56 63 26 24 33 62 4 18 82 6 81 74 96 7 52 7 56 55 11 7 71 9 19 50 42 34 24 12 
38 62 68 51 44 86 60 3 70 25 57 86 82 37 34 95 53 51 23 34 53 61 6 14 74 36 35 89 24 41 
25 14 74 48 47 62 97 30 86 93 17 62 69 65 17 42 62 92 50 72 31 82 71 55 47 72 91 80 81 89 
98 48 23 49 57 21 60 90 63 19 72 31 69 69 39 58 78 32 60 81 1 61 40 30 59 60 20 82 19 47 
57 59 88 81 33 12 89 97 92 2 68 15 55 49 70 36 67 26 55 61 7 40 28 30 51 23 32 45 63 26 
63 80 93 48 51 74 73 24 81 97 90 92 3 64 68 84 19 67 6 61 94 28 48 3 77 6 10 8 91 67 
78 52 34 2 11 5 46 64 99 68 11 15 69 12 8 26 59 79 39 6 98 52 69 32 93 80 28 28 27 13 
99 80 56 66 38 93 76 51 82 40 39 15 77 66 90 2 99 63 47 79 42 43 38 67 10 8 36 42 75 43 
1 10 24 3 75 52 67 16 81 62 49 89 43 92 4 79 90 74 66 51 48 3 3 48 43 89 11 34 99 9 
57 66 35 81 39 51 57 89 77 9 39 94 22 90 23 28 8 64 72 8 59 16 10 57 56 43 24 3 65 66 
50 79 16 34 1 93 46 61 21 95 33 78 48 81 24 79 37 80 8 81 32 85 81 52 45 72 80 89 32 23 
5 30 88 13 30 5 78 89 59 21 92 74 8 18 80 4 42 49 33 12 21 21 30 66 62 51 85 20 80 52 
66 71 62 59 65 32 66 72 18 28 54 25 81 84 60 70 16 69 40 59 29 31 72 2 71 78 87 71 60 74 
69 67 98 77 90 76 55 38 62 1 88 29 79 8 72 5 55 27 46 12 29 95 29 79 61 24 66 54 91 13 
96 59 88 27 26 79 60 56 90 46 89 25 13 72 64 59 13 54 83 68 13 1 6 25 86 48 75 58 39 29 
72 75 12 19 88 96 31 99 54 31 90 16 88 49 32 39 30 32 42 96 28 69 45 99 29 68 76 11 84 95 
64 1 50 80 89 56 25 55 60 26 24 92 30 7 38 77 21 82 47 2 38 13 45 55 21 2 25 44 33 28 
66 94 39 90 22 98 31 95 41 27 61 74 65 48 43 88 19 61 3 81 11 83 22 86 50 39 60 37 83 78 
36 28 6 41 63 95 70 52 58 86 43 89 7 46 62 28 27 44 33 63 72 1 57 34 46 78 84 9 65 17 
89 17 9 92 54 1 95 44 42 84 92 77 11 97 81 63 37 44 88 77 56 54 32 44 97 55 11 16 50 18 
75 89 5 9 15 51 7 87 32 15 49 81 97 18 45 83 82 87 53 84 82 43 7 3 4 96 11 49 33 32 
83 30 95 23 22 51 6 73 47 71 32 22 89 91 94 3 60 73 76 9 70 22 55 47 90 86 36 83 52 38 
86 65 8 35 36 20 61 99 41 36 92 11 57 23 68 64 76 43 12 49 43 64 8 92 9 45 86 21 51 21 
48 2 4 55 39 90 70 34 47 43 73 53 9 84 75 30 1 51 75 23 95 14 8 29 98 3 26 81 33 8 
14 34 85 9 37 40 73 25 16 97 21 10 2 1 15 94 91 78 57 97 91 35 6 31 80 28 32 68 68 20 
34 27 30 5 44 85 61 49 72 79 76 94 22 12 84 50 15 68 47 72 18 40 48 97 7 89 25 70 25 6 
72 71 35 40 85 55 65 91 33 69 8 77 5 77 70 30 53 17 62 57 68 87 88 48 59 40 15 3 87 29 
93 44 71 29 87 11 80 28 26 74 61 60 8 12 70 39 38 74 66 58 50 5 48 54 43 93 45 73 36 56 
84 61 44 92 87 50 29 35 58 21 15 84 23 90 95 19 43 9 92 88 46 3 63 4 38 49 98 63 15 78 
6 75 13 57 84 77 92 87 11 27 13 97 35 84 75 78 36 80 21 11 5 12 17 71 79 23 99 70 85 29 
32 44 87 88 47 55 44 39 91 29 32 45 13 6 95 61 13 41 76 96 97 36 11 84 55 67 86 75 50 56 
52 76 70 40 62 63 3 7 38 48 38 26 15 69 37 93 6 49 51 9 98 96 19 4 20 63 38 41 90 92 
17 89 41 9 33 25 91 78 89 68 20 78 75 56 2 52 47 93 13 3 1 32 21 10 88 37 57 29 66 96 
70 68 84 7 77 66 49 73 67 65 32 80 30 47 68 49 28 88 17 34 36 3 29 34 69 64 26 47 68 36 
12 57 13 11 22 26 98 98 5 94 14 13 56 70 18 1 18 52 50 75 8 99 11 42 96 84 11 91 36 78 
51 29 66 18 45 80 70 85 9 41 66 75 45 56 10 21 81 70 87 67 83 27 52 31 28 46 5 53 96 69 
56 16 97 39 87 77 90 24 89 4 95 35 1 34 95 75 39 62 76 51 47 77 63 7 33 32 61 85 86 22 
97 36 18 87 9 33 48 2 70 78 46 81 43 67 17 52 39 46 85 46 41 73 72 36 74 32 76 84 52 98 
24 92 12 23 44 74 5 14 65 99 4 96 13 94 33 76 67 53 40 59 3 75 65 45 15 69 65 64 54 29 
18 58 96 12 49 3 94 45 94 37 25 52 35 9 30 50 56 49 13 54 8 4 96 66 31 79 73 19 40 61 
25 21 92 47 47 45 31 66 24 95 30 87 77 9 79 63 78 60 63 68 40 22 13 94 64 4 60 61 86 26 
94 32 64 73 49 83 79 83 22 93 83 76 48 89 66 9 21 25 56 11 60 11 25 46 21 58 88 72 84 20 
64 86 41 86 27 85 42 99 75 66 50 10 20 65 38 48 42 92 19 92 82 85 79 89 51 80 15 95 58 50 
19 37 95 81 68 86 48 27 48 28 68 88 86 31 43 95 77 29 26 6 47 77 49 4 12 31 75 59 78 69 
88 13 65 55 13 73 15 57 63 8 29 3 54 45 54 19 74 24 84 85 85 72 29 24 28 93 19 91 10 52 
71 1 8 33 64 96 5 49 6 64 43 71 26 36 86 78 13 84 53 64 6 4 17 72 88 6 43 45 51 44 