30 56
55 59 54 26 95 20 99 30 87 9 39 60 76 63 99 43 72 78 74 27 89 71 83 1 13 64 59 51 57 97 
63 67 15 12 98 73 97 69 19 65 30 71 59 61 60 34 1 9 32 80 78 19 20 70 51 61 20 14 9 53 
42 81 38 86 17 99 21 2 44 21 80 34 12 18 36 63 91 64 16 14 13 83 71 79 55 45 13 89 31 89 
39 18 62 36 87 61 39 72 89 59 17 14 12 42 22 73 48 34 14 72 27 65 86 94 26 70 77 10 2 10 
79 99 67 1 12 3 54 74 52 12 34 47 56 41 80 86 64 83 42 10 1 96 84 79 14 55 66 47 51 75 
76 38 94 53 51 77 96 30 64 83 69 78 84 64 25 76 37 30 13 28 86 4 97 98 42 81 65 30 99 49 
10 93 6 55 68 47 24 58 2 20 50 38 70 34 43 25 65 5 3 30 63 18 94 3 34 27 60 55 5 57 
11 16 18 40 78 90 46 2 22 62 45 26 89 72 13 42 97 40 5 91 50 16 74 48 43 83 59 99 88 10 
63 76 91 37 78 91 32 27 23 98 67 38 29 92 87 36 80 86 90 68 90 45 46 10 35 48 63 53 90 66 
45 63 13 47 32 13 54 65 3 43 53 97 12 75 43 25 81 50 92 27 17 38 62 78 21 85 8 54 24 33 
70 98 2 88 75 25 42 50 98 82 96 26 74 52 6 37 72 12 6 8 16 6 60 11 89 44 42 4 53 48 
71 47 7 43 19 72 80 87 36 21 99 83 32 84 53 29 26 22 84 90 4 86 69 70 85 46 18 52 34 6 
67 69 95 64 17 58 81 44 18 22 29 92 5 89 75 67 60 88 10 37 29 54 48 58 6 83 68 73 85 17 
27 37 56 14 58 68 85 77 86 73 22 74 36 71 87 96 19 56 15 35 44 68 3 53 95 3 4 26 9 7 
17 29 46 65 92 34 8 89 48 71 19 33 24 5 21 96 39 35 85 91 74 46 30 14 49 14 62 46 42 91 
49 59 71 64 63 75 23 69 31 18 56 56 59 91 57 24 76 93 64 64 29 48 34 48 42 46 65 68 24 32 
33 5 64 60 29 36 85 19 46 90 55 90 76 25 26 74 83 53 80 80 46 91 51 66 89 34 95 49 76 14 
15 12 44 33 34 79 1 78 85 64 22 79 69 42 11 75 74 54 40 93 80 16 29 25 19 18 44 5 46 8 
54 5 20 15 75 44 33 13 73 79 87 76 66 39 77 93 33 87 40 52 83 8 10 12 13 91 81 91 79 78 
14 98 32 39 22 56 62 86 24 97 34 19 32 78 70 14 50 25 46 69 48 42 19 69 89 22 19 87 20 43 
34 45 88 92 35 83 26 41 36 54 95 23 39 34 93 22 48 91 64 35 87 65 77 83 50 56 22 82 52 40 
74 60 40 6 40 20 87 64 87 28 54 12 60 33 40 76 11 82 1 83 81 50 79 1 50 88 64 85 65 97 
44 13 64 31 35 17 17 87 49 51 84 29 90 60 78 40 39 83 51 11 25 12 99 90 32 67 61 43 7 74 
90 59 31 5 38 65 68 18 46 83 84 30 60 5 30 76 39 76 56 66 1 97 87 1 61 71 94 99 40 26 
20 86 93 75 64 70 81 30 77 54 77 10 50 31 99 40 57 43 14 18 3 78 97 5 36 53 87 23 96 20 
59 78 92 33 87 18 50 60 62 69 5 88 10 98 28 40 95 7 8 90 22 20 37 69 5 86 39 26 36 48 
22 12 46 97 80 78 56 33 30 25 25 86 91 65 89 94 47 71 13 78 17 20 67 10 73 33 86 11 77 15 
37 36 87 58 24 95 97 3 95 25 68 35 56 1 32 66 96 12 48 45 58 54 1 82 84 34 14 17 31 77 
62 58 22 31 93 52 81 80 61 83 65 58 50 91 21 37 7 91 73 86 42 35 96 77 42 10 56 35 15 1 
97 39 32 61 83 14 80 14 22 85 22 8 59 33 26 90 39 41 90 53 96 77 6 32 93 24 66 98 1 69 
36 96 58 57 94 33 93 5 41 91 78 85 93 6 75 54 1 24 5 72 82 33 43 17 11 71 62 81 98 41 
17 6 38 53 68 49 23 34 47 8 78 51 87 59 42 17 87 39 61 90 58 98 92 12 64 99 98 46 50 44 
37 50 62 55 60 64 42 24 98 37 43 25 37 57 75 87 42 10 37 82 98 61 72 84 77 59 13 24 53 80 
48 28 95 63 57 1 34 22 38 16 40 35 39 41 63 45 64 70 14 36 93 37 91 31 74 84 44 25 89 67 
14 52 9 55 1 1 83 5 11 61 10 41 57 4 50 96 73 89 46 19 13 70 71 41 74 72 30 90 66 53 
62 76 83 23 71 77 39 64 6 22 32 47 19 65 28 39 32 32 51 84 74 27 67 78 1 49 10 59 74 77 
81 21 68 66 16 93 2 36 25 43 72 87 86 48 88 67 6 9 26 26 54 20 89 57 97 43 74 11 81 31 
25 45 19 14 6 96 53 84 25 32 95 94 8 62 75 32 81 55 60 49 82 5 52 68 84 78 85 84 25 63 
88 76 30 39 52 21 8 2 72 72 39 99 11 43 52 47 97 81 24 11 12 50 64 39 98 34 98 1 93 85 
42 80 46 35 21 41 80 71 81 4 64 12 64 29 46 14 53 78 72 53 68 48 35 37 76 39 86 40 61 33 
12 87 99 8 52 6 98 89 6 20 89 92 58 57 82 82 50 52 4 61 76 10 91 3 18 52 81 59 45 29 
55 99 1 55 28 43 46 97 59 45 32 78 39 25 78 12 35 61 50 92 92 30 50 9 70 51 80 43 18 42 
68 73 51 38 64 52 25 31 71 75 86 12 70 42 48 56 15 25 99 52 11 79 5 65 30 41 80 86 13 47 
20 50 29 93 86 36 92 46 77 74 96 52 3 89 17 94 69 41 73 69 56 26 16 91 53 32 23 61 72 20 
29 29 30 92 49 85 90 78 96 23 79 56 10 56 38 72 66 39 9 78 97 92 1 70 11 20 95 23 71 53 
24 25 41 98 72 59 39 25 29 82 84 26 76 33 83 37 1 72 1 83 56 45 63 11 79 92 75 97 29 34 
39 54 42 99 99 21 45 29 35 29 70 87 2 67 70 49 30 45 82 46 67 78 83 44 74 98 47 10 49 93 
33 4 2 54 47 30 6 74 36 60 85 6 93 14 10 54 33 63 24 77 66 85 80 10 72 90 90 11 73 24 
63 15 21 93 57 81 37 82 24 82 23 58 40 27 53 92 57 75 12 84 29 29 99 70 6 71 30 55 20 32 
26 78 62 41 71 90 84 16 56 93 10 54 46 86 65 22 44 86 3 44 65 86 64 53 18 4 33 38 4 61 
35 45 88 83 13 18 81 66 6 52 79 4 46 98 6 90 22 38 7 45 70 14 83 26 46 67 5 75 78 40 
31 98 95 42 56 90 46 64 83 25 68 68 7 54 67 29 52 41 27 93 71 29 69 22 85 15 64 38 33 19 
41 43 64 67 14 2 43 14 17 99 9 78 12 70 61 97 87 40 87 39 91 74 89 69 48 63 60 6 9 73 
46 92 44 41 14 11 14 93 38 86 37 58 30 5 93 94 65 27 61 44 56 53 28 46 66 64 42 86 69 19 
16 72 69 6 71 24 48 98 25 32 91 36 46 29 76 78 58 76 24 78 16 20 88 10 37 89 70 16 89 61 
21 47 9 84 59 43 25 4 74 80 57 93 44 26 82 33 30 9 37 54 64 84 96 3 86 12 24 77 96 29 