49 10
87 92 91 93 75 80 62 15 10 87 81 11 20 60 9 46 97 59 55 33 88 28 78 70 23 67 40 51 48 36 44 47 29 62 28 51 28 98 73 47 50 97 97 24 13 35 71 5 45 
70 72 65 79 86 48 73 93 52 81 36 33 39 16 11 20 81 46 8 12 22 70 46 45 34 84 93 36 64 40 66 46 81 98 67 76 99 65 1 14 91 27 12 68 34 5 57 94 56 
66 14 14 25 83 42 81 37 94 35 80 69 94 17 26 67 72 24 58 7 69 24 7 23 54 92 98 45 14 71 99 34 27 25 7 60 49 14 50 28 16 26 49 27 9 3 72 99 18 
12 71 42 64 83 67 53 53 59 66 22 10 42 68 1 14 62 41 85 84 70 40 78 84 80 30 94 40 77 39 78 82 28 45 74 69 21 16 40 28 15 64 52 9 94 25 6 22 90 
23 62 57 47 33 41 58 18 47 69 69 39 83 73 13 32 53 23 80 64 64 77 99 69 61 10 37 8 37 82 92 87 45 13 25 96 92 94 13 59 89 10 62 45 60 4 67 79 36 
12 72 85 13 59 45 41 16 68 46 36 44 29 5 17 67 38 13 49 76 88 47 98 99 48 93 39 38 75 3 61 24 47 97 74 28 13 89 6 74 37 59 48 85 52 43 35 89 38 
65 14 18 21 75 51 95 71 8 32 55 69 31 33 39 80 71 62 69 54 28 62 52 31 62 40 71 53 83 88 97 70 47 4 23 53 26 65 52 66 31 27 87 14 71 58 78 91 86 
36 47 27 98 88 70 94 56 65 26 5 78 70 63 98 60 25 15 22 1 59 40 76 61 41 17 67 90 31 93 99 50 16 40 8 51 73 23 77 71 25 3 28 37 70 18 21 10 11 
95 64 14 87 65 29 74 17 2 94 85 29 89 19 1 36 51 5 1 34 44 71 77 29 11 82 87 26 55 67 92 24 64 87 25 94 91 88 16 55 62 9 40 31 89 74 61 22 63 
41 80 99 52 50 97 12 27 8 50 22 98 62 46 51 23 47 88 44 84 40 28 58 18 66 13 45 12 36 82 73 57 71 16 80 17 82 26 79 59 44 13 48 93 61 22 83 11 33 