32 10
44 54 93 21 72 11 7 89 70 85 4 20 33 40 50 33 76 32 77 13 58 31 51 11 35 91 47 18 59 76 82 78 
34 89 87 24 82 86 78 83 22 10 48 24 3 76 86 31 52 78 52 19 95 7 52 3 26 33 45 47 14 79 45 68 
13 50 25 81 54 14 9 73 67 92 61 39 67 88 92 91 75 44 40 6 70 71 86 15 58 7 95 71 87 42 24 95 
55 37 84 54 83 87 6 3 15 23 93 67 78 48 14 5 88 85 34 44 60 65 56 69 22 53 59 22 48 32 5 47 
40 17 87 45 98 51 98 81 70 98 68 13 46 1 17 53 61 61 29 31 88 90 21 22 47 95 79 35 28 15 55 13 
51 45 71 77 79 87 6 28 47 18 20 27 38 94 52 69 93 37 78 9 88 33 49 59 25 78 48 71 82 93 5 79 
17 15 64 25 40 42 9 43 34 59 94 99 96 92 19 97 44 72 58 92 96 20 97 6 55 4 93 77 60 30 64 37 
5 10 71 91 63 35 38 53 95 67 98 86 93 6 5 17 84 47 84 21 68 50 76 38 93 89 63 53 93 5 94 49 
73 74 81 91 43 23 59 57 30 68 64 99 30 78 19 2 42 75 80 55 86 27 2 1 3 7 30 19 31 14 40 34 
64 2 71 11 90 16 54 68 71 1 23 79 10 66 23 68 41 62 60 36 81 57 32 46 2 37 45 54 52 97 98 25 