19 10
48 46 49 52 73 14 11 53 11 66 49 26 4 37 25 26 61 83 47 
23 90 73 6 25 6 2 88 94 61 91 39 72 85 28 98 44 18 45 
42 75 8 57 55 29 70 31 9 10 48 54 54 60 92 39 81 76 39 
49 89 59 56 4 91 9 78 77 2 75 43 12 8 18 17 48 81 74 
30 43 82 32 42 92 29 74 96 74 91 34 2 12 21 21 13 56 64 
39 82 38 4 56 7 92 72 14 80 75 24 29 83 85 38 51 31 71 
50 50 52 56 31 43 4 73 30 44 68 35 70 30 18 79 16 65 20 
78 34 86 46 49 38 92 51 28 72 13 85 67 23 17 49 66 82 77 
9 90 6 89 33 17 54 26 63 36 37 45 17 9 99 30 34 77 6 
17 32 22 63 70 97 83 58 50 70 4 88 89 16 18 74 27 98 20 