33 10
94 93 48 38 98 2 58 70 43 35 3 66 22 27 85 27 8 36 50 27 3 12 16 1 64 22 89 17 51 52 80 34 48 
9 58 81 8 30 48 38 90 25 67 34 66 10 4 7 22 23 15 59 54 49 28 88 85 27 55 38 26 81 92 19 60 72 
46 45 65 17 46 97 50 91 26 15 41 48 37 11 69 78 26 73 77 67 36 54 43 60 15 83 9 21 76 82 46 28 53 
74 33 64 83 3 29 72 1 64 10 13 80 62 30 89 56 99 65 73 15 79 55 36 67 90 7 9 50 43 70 72 53 4 
86 62 53 23 90 29 22 78 66 36 97 43 45 68 26 44 41 47 60 1 65 80 78 1 92 96 63 82 14 77 52 10 50 
74 41 26 98 45 85 67 20 65 45 11 15 54 54 19 62 94 75 24 77 7 19 22 85 35 60 41 86 31 3 26 92 68 
35 41 61 54 79 2 96 48 64 24 83 46 24 22 21 99 15 14 47 62 24 41 85 22 57 5 37 5 79 11 3 66 87 
36 20 42 41 91 95 41 92 91 94 84 30 21 64 90 28 59 20 23 58 27 11 53 24 97 74 33 91 50 1 25 70 93 
38 38 12 60 49 15 38 56 44 5 74 17 79 60 55 18 24 66 93 95 44 79 78 31 63 66 73 47 58 12 75 62 94 
52 5 49 10 29 52 42 68 62 20 79 47 41 53 13 24 31 31 55 27 14 44 36 23 70 25 45 26 58 31 37 17 33 