21 10
94 59 99 78 49 90 78 65 54 27 72 73 17 32 11 77 59 94 79 23 19 
1 63 17 32 47 49 98 62 51 89 96 56 27 8 41 71 43 96 24 79 57 
21 73 49 23 89 67 20 77 11 79 35 33 39 84 89 94 19 41 24 51 88 
2 55 64 95 59 49 82 76 59 13 46 11 65 34 48 98 9 4 25 39 41 
11 91 25 38 45 31 78 2 42 57 23 76 23 5 12 92 59 30 40 61 12 
99 64 17 17 84 58 85 45 4 54 66 76 56 22 2 2 46 15 92 26 75 
49 93 84 73 43 93 52 25 49 17 99 66 65 18 18 69 15 1 15 10 10 
87 55 38 46 27 51 59 16 6 75 26 5 39 15 57 81 95 23 8 32 86 
45 15 20 27 86 8 68 96 70 19 4 77 71 55 34 65 57 8 7 77 68 
94 37 71 40 96 74 27 93 38 5 49 99 81 65 48 58 20 49 92 81 56 