30 10
52 86 45 53 63 87 19 40 53 65 67 88 7 23 29 52 82 19 6 89 36 53 26 56 95 54 89 82 25 17 
17 64 39 10 69 14 16 77 30 51 96 76 47 93 62 22 83 43 88 41 5 41 81 44 56 56 53 27 81 30 
90 97 74 2 88 48 45 6 94 47 97 94 26 13 13 32 42 56 64 86 1 38 73 68 43 41 63 24 71 61 
38 28 90 24 67 36 63 99 61 73 84 8 70 10 37 30 61 61 29 71 14 79 26 69 19 20 29 36 66 5 
66 3 81 6 29 26 70 65 64 43 27 81 4 55 97 27 31 56 11 7 30 64 20 22 49 71 79 94 1 74 
19 31 64 3 33 98 19 48 25 28 28 83 28 71 16 96 85 64 62 42 35 17 97 64 66 67 57 90 13 14 
89 61 17 60 92 83 5 7 60 84 80 58 33 74 85 73 8 76 55 14 59 57 81 80 14 73 99 4 76 35 
44 68 31 60 23 68 58 68 17 57 10 80 49 28 17 46 53 57 38 49 97 11 66 14 46 58 78 61 82 83 
96 93 17 34 43 58 25 36 71 24 14 21 34 18 1 33 97 41 49 17 31 66 80 72 13 39 23 99 93 73 
39 35 20 98 29 40 34 56 69 57 83 17 75 87 42 39 53 70 18 75 66 35 30 74 45 26 36 36 86 26 