10 141
4 4 61 76 63 17 57 80 76 19 
5 56 8 56 36 44 40 7 79 54 
73 54 42 24 64 28 46 84 65 15 
72 44 59 30 59 84 22 56 17 42 
87 41 42 27 47 3 32 67 98 74 
96 93 84 92 20 51 99 3 13 86 
14 25 72 91 42 85 14 92 44 35 
49 27 94 80 82 20 47 81 62 90 
48 86 41 37 75 18 27 13 99 33 
99 39 65 29 19 60 84 32 66 78 
85 22 91 49 31 38 81 31 31 21 
11 61 92 77 99 43 28 55 33 2 
2 89 34 56 94 3 19 91 37 80 
88 47 64 9 16 62 18 70 1 40 
48 47 8 69 79 24 82 46 88 31 
24 40 25 11 44 41 77 68 75 25 
37 90 1 82 48 17 13 87 24 10 
10 76 24 39 92 97 52 31 84 12 
56 81 75 11 85 41 44 89 5 33 
92 46 66 25 4 46 42 31 52 58 
19 13 58 93 49 72 30 65 8 19 
98 11 13 27 98 97 99 84 29 27 
88 47 56 11 19 47 49 59 88 13 
76 85 80 48 2 64 24 59 38 82 
37 73 86 79 37 47 87 74 6 13 
41 53 53 50 44 4 33 89 54 45 
66 33 70 10 77 15 20 30 81 21 
86 58 88 92 96 31 73 25 56 17 
12 67 79 71 64 95 94 64 97 35 
22 11 26 67 84 85 49 2 97 19 
4 83 82 25 84 96 88 39 60 16 
9 84 84 96 16 72 64 18 7 43 
33 54 20 19 96 44 30 1 52 30 
89 84 47 25 99 33 9 35 58 58 
51 80 92 16 94 50 20 34 67 39 
45 36 63 56 62 46 46 30 58 1 
63 37 30 94 8 43 60 86 53 69 
25 21 1 71 52 47 24 32 57 97 
91 9 91 28 53 77 61 73 39 2 
41 56 22 48 49 66 74 54 52 39 
38 86 9 67 76 96 62 86 2 74 
67 85 73 84 30 30 82 6 25 67 
61 44 3 74 56 79 62 25 12 7 
74 34 54 36 87 53 53 17 54 75 
16 62 29 28 97 21 31 25 25 19 
44 7 33 81 81 71 51 44 65 33 
10 51 63 66 83 31 5 47 19 57 
86 89 76 80 80 79 39 77 54 38 
72 23 3 10 90 34 89 82 29 20 
93 71 8 91 9 37 62 63 55 9 
40 1 36 71 72 5 49 57 30 83 
69 72 57 20 9 36 28 48 16 26 
24 52 65 15 87 68 7 36 64 93 
87 99 52 13 57 59 73 60 80 16 
47 52 24 88 24 24 4 95 40 25 
64 49 59 57 88 10 95 6 8 67 
29 49 54 13 98 85 72 23 78 82 
14 71 80 64 65 86 91 28 38 90 
12 61 22 18 42 97 84 25 92 31 
8 49 5 15 17 11 89 68 60 12 
40 90 3 42 43 61 3 95 90 25 
93 21 67 58 87 43 69 26 94 47 
78 57 25 97 40 51 29 34 44 4 
42 74 6 1 89 10 36 36 47 62 
56 60 36 33 87 7 87 31 72 51 
41 36 14 77 96 65 89 16 8 87 
19 22 95 80 83 81 69 76 44 25 
72 25 30 26 52 90 10 51 23 2 
73 55 86 6 69 72 13 6 69 51 
55 19 49 62 25 24 59 46 11 37 
92 29 34 17 21 62 88 86 36 72 
18 98 2 69 59 79 53 42 90 61 
38 7 17 93 29 39 16 58 16 60 
2 35 60 45 42 43 97 94 69 17 
27 40 89 57 69 73 49 81 32 11 
14 88 49 65 20 16 51 81 87 6 
89 56 48 18 67 52 83 60 16 87 
77 73 16 77 56 14 32 13 31 3 
82 57 90 47 78 40 38 91 9 52 
43 27 88 25 40 96 93 31 20 24 
28 16 98 35 60 85 85 79 33 65 
4 97 27 36 41 49 35 96 44 41 
13 3 65 79 85 73 30 90 60 13 
94 1 66 75 47 71 53 71 52 38 
14 61 9 64 30 56 81 30 13 81 
41 40 2 6 10 2 72 14 63 93 
66 20 40 25 86 11 76 24 3 55 
36 72 36 31 76 22 62 91 81 89 
10 77 95 61 49 73 15 78 19 69 
64 9 88 15 23 36 92 64 33 28 
91 1 52 3 63 36 69 81 4 78 
96 65 12 76 38 17 61 68 37 84 
76 72 80 73 58 31 12 17 5 94 
17 77 23 90 43 12 65 28 41 41 
85 2 15 77 26 75 39 49 57 96 
97 18 49 62 45 11 71 19 86 11 
33 60 9 58 23 22 51 42 62 24 
3 27 46 54 3 78 8 40 36 54 
1 7 48 65 55 44 99 76 86 33 
3 43 11 46 38 7 81 84 45 41 
37 70 1 67 38 25 63 82 88 30 
69 12 98 92 45 24 38 7 66 29 
32 19 97 88 46 30 20 21 76 62 
97 86 2 26 39 87 15 50 58 40 
72 30 81 11 30 26 92 58 20 68 
7 70 1 65 26 57 27 88 66 22 
58 62 41 80 57 19 74 92 50 42 
7 44 19 59 33 45 41 5 6 4 
29 73 12 10 40 41 61 36 40 2 
19 31 42 72 41 28 10 66 60 39 
52 69 20 36 26 61 74 22 3 61 
60 93 16 24 42 74 95 60 9 40 
79 60 69 20 41 7 70 49 78 40 
78 87 18 64 1 44 60 77 38 64 
7 45 15 87 35 78 1 72 20 69 
2 23 56 45 28 61 94 19 79 55 
47 24 45 51 59 56 48 61 88 88 
45 15 17 95 44 99 9 57 20 83 
39 45 34 40 18 81 22 73 12 73 
74 23 34 99 21 22 66 39 94 9 
19 88 32 91 76 54 97 5 31 52 
32 77 40 90 55 86 75 58 31 49 
3 17 48 70 82 66 34 34 13 26 
43 68 66 25 46 56 43 47 66 8 
31 67 5 85 84 79 42 25 14 15 
44 38 36 31 78 37 29 57 53 22 
9 40 53 49 16 73 42 93 42 87 
79 86 14 20 66 53 94 25 60 39 
35 82 92 51 97 44 72 31 98 84 
15 89 62 85 72 28 69 11 86 43 
85 98 49 63 23 62 49 40 89 72 
61 21 26 19 98 40 9 70 77 4 
38 41 11 12 84 89 59 77 56 72 
92 8 63 49 52 93 31 69 41 18 
57 32 2 86 25 28 51 16 31 75 
71 57 54 64 88 56 26 59 61 3 
28 78 68 29 17 70 6 47 49 34 
5 12 61 49 97 84 29 83 49 95 
82 10 58 94 76 62 92 20 64 1 
15 70 13 45 65 86 95 66 41 34 
93 5 64 45 55 14 78 88 38 14 