10 193
70 32 37 83 7 27 31 35 25 90 
14 48 84 37 15 31 40 49 4 29 
84 18 70 87 83 41 97 43 37 80 
62 67 26 67 99 88 56 33 22 6 
43 93 99 51 72 84 92 21 20 64 
51 49 65 11 24 59 37 55 39 18 
94 66 21 53 74 3 81 59 82 91 
74 52 4 56 91 85 29 19 24 70 
79 3 52 13 86 22 16 60 36 10 
38 2 84 98 57 76 47 76 28 11 
62 86 70 96 72 30 9 20 7 70 
39 25 73 1 28 31 65 7 71 70 
35 91 64 25 61 54 93 51 89 8 
43 56 3 40 63 15 95 11 77 60 
70 74 20 6 18 73 59 13 82 69 
84 46 89 60 55 69 57 44 78 24 
74 32 75 18 98 42 51 58 45 82 
6 16 11 92 66 32 33 87 3 36 
95 37 16 32 89 13 26 27 58 38 
76 46 30 56 60 36 15 48 68 5 
32 28 40 61 77 19 59 50 82 28 
56 9 40 80 52 53 16 81 13 16 
1 38 64 11 23 76 62 89 21 14 
46 13 70 21 61 22 76 44 8 8 
35 55 91 88 50 1 95 14 53 95 
40 9 27 40 19 56 15 72 38 14 
61 71 38 82 65 86 24 64 33 15 
61 13 2 80 89 21 56 29 26 28 
56 80 6 87 10 39 93 21 82 75 
19 40 3 36 70 87 78 46 78 1 
2 86 51 76 63 58 11 28 13 35 
84 61 89 5 84 15 1 28 67 18 
56 64 21 7 32 15 61 69 62 61 
9 26 44 73 41 15 93 99 6 67 
79 43 2 93 3 44 61 18 57 90 
63 30 47 27 32 32 75 34 30 14 
70 31 12 89 70 86 53 1 69 13 
92 41 39 45 72 24 11 62 97 88 
45 6 16 26 41 97 21 40 45 98 
34 26 83 94 45 13 12 66 33 27 
10 74 41 42 57 49 43 73 63 34 
96 80 94 74 98 65 9 31 5 40 
21 10 15 24 5 22 56 77 89 62 
46 55 43 17 92 93 99 59 60 89 
91 17 19 25 51 81 41 84 62 20 
80 72 45 5 59 43 16 88 6 88 
74 88 20 46 77 37 81 8 54 4 
23 61 43 62 31 98 46 80 5 58 
24 72 99 1 22 99 68 20 3 67 
59 12 27 64 95 7 25 71 57 37 
38 1 35 13 21 4 53 10 94 91 
73 16 83 38 86 14 65 37 45 54 
60 33 27 70 83 4 63 20 28 92 
50 58 43 90 22 36 12 41 6 58 
13 97 86 40 13 24 88 71 96 91 
73 11 23 34 10 32 54 4 54 21 
19 11 37 60 34 73 3 75 1 19 
77 50 26 7 55 62 86 84 72 97 
80 10 5 19 52 55 96 23 99 30 
95 57 11 17 4 24 35 8 1 19 
32 61 3 34 80 53 59 95 2 82 
89 63 72 37 39 11 58 44 53 28 
82 65 72 84 77 52 23 53 96 91 
36 90 89 48 88 44 96 55 83 63 
91 48 12 88 38 53 26 52 36 18 
83 54 5 94 2 16 11 80 87 43 
78 38 52 92 37 7 75 85 90 54 
65 54 36 12 82 23 8 70 68 76 
91 24 23 83 39 56 71 48 58 78 
96 56 14 27 1 24 30 52 86 63 
35 10 63 22 2 55 84 11 99 7 
89 24 25 64 69 93 5 17 77 76 
70 49 23 68 65 47 12 6 76 22 
63 43 63 58 82 47 13 83 70 67 
79 34 94 11 90 62 47 81 76 57 
45 86 16 31 2 77 94 5 61 26 
58 40 9 3 48 89 96 17 18 47 
29 7 26 20 4 26 39 57 69 63 
54 92 51 79 1 9 56 10 38 40 
26 14 77 25 76 82 98 50 85 75 
92 77 6 51 89 19 62 49 81 20 
18 16 94 95 40 94 54 39 10 49 
40 36 72 72 67 52 58 82 83 8 
8 42 96 8 48 85 33 71 11 71 
70 59 56 34 17 90 69 54 40 92 
27 56 18 83 53 28 94 30 18 31 
90 37 41 87 84 64 36 1 5 58 
5 67 70 6 53 78 80 45 30 74 
21 81 43 16 17 97 74 44 28 2 
13 70 34 84 29 30 98 88 92 14 
74 62 15 49 84 83 79 55 11 39 
89 76 47 65 85 21 1 11 82 86 
56 65 26 17 89 91 47 97 8 64 
41 95 68 34 99 42 94 93 5 78 
63 96 54 17 57 93 63 23 27 92 
23 29 59 60 6 72 94 96 4 32 
57 57 98 16 48 44 80 27 25 67 
42 37 95 5 33 49 84 4 81 81 
10 58 97 73 3 83 42 59 89 51 
3 98 39 39 82 2 53 84 35 99 
38 5 43 27 87 46 8 16 42 12 
8 30 29 21 2 59 17 2 22 89 
41 30 64 40 80 48 27 29 25 71 
46 26 87 91 94 36 60 90 75 6 
96 30 10 37 95 88 84 32 1 14 
70 69 79 83 55 78 15 74 41 28 
97 29 68 47 78 18 41 84 74 34 
73 82 6 69 81 57 61 62 5 57 
96 28 29 63 77 93 28 42 87 99 
39 14 82 1 34 25 12 78 43 4 
10 2 12 26 97 1 4 4 1 6 
40 17 57 16 49 79 2 51 59 2 
57 83 20 76 13 2 72 71 26 65 
43 23 73 72 91 1 9 90 67 83 
62 27 5 72 17 62 73 89 20 93 
91 32 92 91 83 62 49 11 35 27 
56 18 88 15 34 38 95 48 93 7 
51 23 78 88 5 9 41 24 63 89 
60 82 58 54 90 77 28 69 39 54 
31 41 80 92 26 27 51 88 15 84 
90 94 98 83 43 33 8 25 22 79 
6 87 50 17 73 64 41 88 85 38 
76 25 75 30 36 7 85 77 49 4 
19 37 44 25 69 99 32 43 37 68 
23 17 60 4 32 60 53 29 39 9 
32 37 81 6 62 49 67 18 45 38 
78 77 64 18 52 83 43 86 76 84 
21 64 75 59 96 29 54 96 94 30 
43 58 26 77 42 80 46 40 9 23 
20 94 4 11 68 94 71 92 77 13 
67 37 12 25 15 13 44 17 65 61 
89 68 66 36 15 78 97 21 43 69 
87 7 69 59 88 62 23 44 10 72 
41 19 78 53 43 97 27 71 58 42 
72 70 68 82 48 77 34 80 61 30 
37 36 30 37 51 19 24 50 46 39 
44 55 9 61 22 68 26 99 3 74 
21 9 16 35 18 45 36 91 5 79 
57 26 10 58 95 34 24 13 31 65 
42 19 81 20 6 62 56 47 38 45 
91 89 33 73 89 24 81 26 65 13 
17 6 80 39 35 6 37 50 84 44 
97 99 82 75 15 86 8 13 41 24 
60 1 67 41 95 56 16 99 37 78 
65 86 2 36 71 2 75 8 3 22 
55 40 92 47 38 89 78 83 20 43 
90 90 20 28 36 97 84 36 65 58 
77 71 90 30 20 40 81 41 41 82 
82 14 76 14 9 17 31 66 33 18 
79 54 32 12 4 44 63 61 91 9 
98 16 30 40 2 51 18 94 90 61 
32 35 22 33 75 20 78 17 50 16 
35 50 12 53 12 95 89 41 68 95 
61 58 50 11 23 96 93 81 62 41 
58 89 9 42 44 13 14 17 48 88 
1 91 80 40 84 55 72 46 51 68 
86 5 45 81 56 26 56 54 16 93 
85 93 78 83 14 14 26 31 9 9 
82 12 81 79 70 9 65 99 98 11 
63 26 33 71 99 50 38 79 87 84 
62 79 20 54 74 18 7 25 32 79 
42 20 58 28 25 39 38 5 21 23 
5 80 35 45 13 50 65 28 30 38 
93 57 61 15 15 15 55 22 86 96 
85 71 54 68 84 3 86 61 89 3 
10 18 1 42 34 77 23 51 13 80 
24 69 1 69 94 41 41 58 78 37 
31 57 58 74 63 68 26 32 92 7 
86 54 61 53 90 6 99 79 20 48 
56 17 13 78 18 32 51 58 95 56 
64 33 38 10 27 98 55 97 1 36 
33 18 25 4 71 72 21 84 79 92 
96 65 60 38 86 33 15 74 95 25 
36 38 85 30 61 43 36 11 72 90 
26 77 76 74 59 90 90 98 19 44 
15 65 30 86 36 95 62 4 61 57 
18 86 18 79 70 47 46 62 72 93 
2 93 30 50 92 68 57 76 78 39 
80 28 12 71 24 50 4 73 57 52 
74 16 11 47 33 71 43 27 51 21 
44 57 79 99 47 91 11 69 69 72 
11 32 92 83 33 81 6 36 11 51 
88 44 55 62 41 23 29 40 52 92 
86 37 56 68 10 64 76 82 47 6 
63 47 35 69 30 87 5 13 92 4 
96 37 99 32 67 6 38 54 53 32 
87 19 64 19 75 83 90 54 43 3 
95 37 95 7 97 93 25 99 30 5 
56 64 61 83 46 28 72 40 62 66 
16 56 27 41 60 52 85 6 15 48 
93 95 10 60 97 88 6 52 65 42 
59 20 71 38 15 66 45 64 89 5 
27 30 22 58 23 77 38 69 29 38 