10 255
18 65 65 5 7 64 56 63 88 34 
92 14 36 59 80 37 40 6 34 90 
99 20 74 86 32 10 7 76 52 24 
7 38 78 86 72 31 46 64 32 7 
71 59 24 77 22 50 95 64 51 5 
23 5 1 8 28 61 12 58 57 82 
94 73 5 72 44 16 42 28 13 9 
84 23 76 42 94 3 85 52 30 92 
79 49 84 49 79 4 83 59 58 9 
70 40 62 37 94 11 87 37 81 49 
40 77 83 43 16 29 72 36 1 29 
65 91 54 1 39 48 1 7 95 28 
48 5 81 91 82 28 15 85 33 36 
76 95 54 96 41 21 98 99 41 84 
11 72 28 96 78 81 90 40 14 46 
57 39 23 70 42 11 75 92 25 24 
84 90 25 44 91 94 15 90 74 45 
44 16 17 59 7 1 74 72 30 7 
21 55 21 54 25 26 68 21 15 81 
90 38 45 64 22 67 32 67 5 38 
23 90 3 34 37 52 83 59 18 16 
1 88 15 40 40 82 54 59 3 61 
26 68 91 34 46 26 34 1 2 37 
30 47 63 38 81 21 39 74 60 9 
62 92 96 14 7 46 3 4 64 42 
21 67 31 76 76 73 77 19 54 92 
62 83 37 66 70 2 31 78 12 48 
75 32 29 59 33 52 79 15 86 13 
41 23 93 47 98 65 41 48 59 7 
47 75 23 27 50 44 16 23 88 89 
44 48 2 47 80 28 19 52 7 81 
99 59 4 1 41 44 83 89 4 66 
95 97 12 44 30 10 69 49 16 99 
50 46 53 69 68 88 56 12 75 48 
53 83 84 98 45 11 21 26 36 81 
44 7 31 61 42 19 91 13 17 41 
45 49 95 22 42 35 47 23 81 4 
20 96 25 54 32 56 97 62 97 33 
81 31 3 78 9 88 39 84 74 70 
32 17 89 54 41 56 78 12 66 38 
39 76 20 37 6 85 30 98 7 87 
50 60 94 32 59 93 65 73 89 24 
97 85 56 54 18 26 75 70 27 50 
84 89 99 88 46 7 94 51 23 96 
53 57 78 11 32 77 70 58 58 62 
68 72 46 58 68 26 9 70 68 31 
50 50 9 70 86 34 23 9 81 90 
77 31 4 56 59 30 10 43 70 19 
16 27 46 46 30 4 92 15 80 5 
29 58 96 68 9 92 33 98 1 18 
49 50 18 81 28 87 14 71 69 29 
47 89 18 40 34 72 42 30 9 47 
32 13 54 18 8 86 55 64 69 10 
94 44 29 71 69 58 21 51 73 85 
77 2 31 43 76 74 5 29 12 25 
95 49 28 14 72 32 61 18 39 90 
82 45 52 87 96 6 82 60 87 41 
13 31 43 54 60 93 85 96 30 5 
44 63 2 41 34 88 49 91 2 65 
71 20 64 93 80 97 92 31 49 12 
27 7 69 27 22 38 38 38 82 48 
58 75 41 50 89 97 52 21 40 69 
56 19 20 2 85 30 68 10 95 84 
18 34 45 70 37 81 4 42 60 72 
35 23 28 80 57 93 86 54 32 17 
51 77 32 25 65 2 62 14 90 59 
91 93 45 88 41 83 92 16 32 1 
3 20 3 16 48 5 81 81 90 94 
76 96 21 9 40 51 79 34 63 71 
75 20 14 81 28 30 60 78 35 98 
24 52 79 84 42 83 32 36 11 21 
9 46 6 75 16 73 36 38 51 26 
58 94 58 87 21 96 56 67 5 6 
98 9 71 81 65 66 75 52 46 64 
69 44 86 56 91 57 50 4 36 20 
86 35 99 26 56 98 36 30 99 48 
90 39 25 67 80 58 68 95 23 66 
27 39 81 48 84 22 57 25 97 82 
50 78 51 14 41 35 63 88 87 40 
76 21 30 25 23 4 70 96 33 34 
88 36 73 60 20 27 6 43 20 62 
16 67 82 21 28 99 21 42 10 20 
20 71 86 30 37 1 21 7 18 46 
81 99 32 86 79 81 57 60 50 95 
99 81 48 49 96 80 25 4 44 36 
61 82 6 61 96 7 83 41 23 67 
20 88 95 13 62 93 26 80 37 82 
78 98 87 50 20 84 92 33 29 1 
94 9 79 69 5 8 20 52 37 3 
34 38 89 62 32 48 98 94 70 12 
14 90 38 54 16 21 34 94 70 14 
90 21 59 12 64 43 34 5 89 20 
74 65 87 59 14 78 37 45 2 85 
87 67 19 74 43 41 74 73 1 65 
69 91 46 53 98 33 12 84 67 45 
2 96 70 7 64 34 51 98 84 52 
99 52 24 30 28 76 4 33 59 22 
31 16 37 20 16 57 82 72 31 32 
28 38 35 1 35 11 19 57 36 98 
28 58 27 93 22 32 26 78 80 92 
16 36 16 89 74 80 95 32 60 54 
96 98 21 90 30 99 75 34 11 93 
12 11 46 80 36 7 90 15 94 48 
23 88 14 56 39 14 16 31 7 26 
68 66 12 92 2 21 69 17 9 89 
35 74 3 54 98 96 35 80 67 45 
33 42 28 88 89 47 83 41 51 48 
56 27 7 4 3 50 37 50 74 96 
23 29 40 81 36 56 6 71 31 49 
12 46 50 11 78 11 13 68 31 62 
20 27 15 63 98 39 4 23 57 48 
77 91 15 99 12 62 53 86 46 74 
35 56 63 48 40 83 56 32 38 79 
23 53 42 12 67 9 55 10 84 84 
49 4 32 98 86 73 88 13 78 14 
26 15 22 58 50 13 80 38 80 61 
61 66 35 89 62 49 11 3 90 25 
60 7 53 71 44 50 81 95 38 48 
70 23 71 51 49 1 94 4 29 49 
13 89 95 70 32 20 86 90 14 45 
76 38 15 7 21 85 88 13 74 69 
87 58 58 45 83 69 21 78 4 79 
91 79 24 26 31 12 66 50 81 97 
36 40 3 19 36 99 7 39 55 96 
5 62 25 32 13 31 33 16 12 73 
69 55 34 49 79 12 63 11 1 79 
76 82 16 97 1 15 68 90 59 69 
77 29 7 42 78 23 73 8 6 69 
84 48 18 43 21 74 11 72 24 34 
66 82 91 2 89 86 10 57 51 95 
61 42 67 94 53 96 80 47 38 81 
45 9 88 39 56 73 47 73 84 67 
47 54 81 95 93 56 92 98 74 33 
20 98 61 6 63 20 22 16 27 54 
21 13 50 96 51 40 66 66 47 24 
42 6 18 84 49 13 84 49 59 67 
68 21 73 19 57 81 40 93 6 59 
26 84 81 95 63 19 11 67 15 22 
36 21 22 5 26 75 41 14 69 26 
23 33 44 63 38 52 77 94 23 35 
63 37 8 79 10 22 91 34 70 34 
80 24 92 13 8 85 50 41 83 27 
53 50 88 72 77 95 12 86 91 70 
51 39 88 68 91 52 80 66 72 53 
88 41 61 92 96 59 97 34 89 69 
89 63 24 2 27 84 89 68 39 53 
26 33 50 70 3 12 5 17 26 63 
76 39 80 3 28 21 2 99 13 7 
81 30 56 33 38 67 17 59 92 22 
47 19 2 77 45 50 75 48 76 82 
5 41 77 39 53 62 3 92 19 81 
75 30 8 45 10 72 14 37 95 41 
69 49 71 28 74 30 52 72 67 21 
52 12 37 95 20 91 48 67 30 31 
15 78 6 10 54 65 49 33 36 40 
50 92 86 51 59 27 53 27 90 42 
52 51 27 20 70 28 71 22 78 93 
38 68 98 26 77 48 44 95 41 56 
87 30 66 67 42 49 52 67 78 85 
2 7 30 54 21 65 25 2 7 71 
9 66 53 34 79 82 53 40 48 31 
73 91 18 54 48 64 39 29 6 43 
82 63 34 83 35 55 64 52 32 97 
11 65 28 49 69 64 70 39 40 61 
46 23 86 94 21 43 93 5 92 53 
26 12 63 96 44 3 41 32 59 75 
69 67 97 17 48 66 55 67 61 12 
33 17 38 29 93 21 78 64 71 99 
12 36 7 76 15 85 98 6 32 45 
71 24 20 28 54 95 11 11 28 39 
79 17 91 27 12 36 57 22 11 8 
9 27 55 57 6 95 22 45 49 43 
51 95 4 61 65 65 95 51 82 11 
66 29 77 55 71 11 99 12 34 4 
44 44 31 64 16 72 43 26 14 58 
4 23 78 91 31 46 96 28 63 58 
49 9 25 87 66 12 93 35 67 89 
84 82 93 55 35 99 15 95 45 98 
25 66 32 61 46 97 10 68 94 70 
26 97 82 61 61 52 3 23 48 68 
90 30 32 73 82 26 12 9 94 37 
53 98 72 60 94 65 36 15 71 25 
27 52 88 26 4 12 68 10 46 6 
74 27 44 56 15 38 95 6 40 37 
94 66 75 38 14 14 72 76 7 3 
90 69 48 79 79 35 2 15 75 62 
4 89 41 81 60 90 75 43 83 99 
54 13 43 98 75 11 6 71 51 88 
18 84 91 38 63 12 45 18 44 28 
25 53 35 31 29 84 18 98 44 84 
71 4 10 78 34 66 39 25 9 29 
27 58 11 78 66 10 62 44 5 37 
21 68 31 58 16 59 36 40 85 91 
60 69 38 25 26 92 70 73 43 81 
55 47 76 85 12 58 5 41 40 74 
85 96 24 48 70 55 88 47 4 1 
23 78 68 68 62 74 36 52 24 73 
59 9 26 37 56 36 90 89 46 63 
32 96 94 2 82 14 11 20 10 16 
43 20 46 16 13 52 23 16 41 27 
36 4 11 38 41 65 24 92 75 54 
96 67 7 69 90 59 63 22 11 80 
63 97 87 18 9 16 29 84 9 21 
40 88 51 95 29 21 75 63 64 48 
98 59 41 54 24 68 11 89 19 7 
16 54 97 96 92 95 76 91 49 66 
51 78 27 68 99 45 80 90 56 37 
93 90 87 45 6 50 12 38 94 99 
15 1 97 21 47 16 49 38 59 99 
48 37 44 58 25 33 36 44 65 85 
72 47 32 61 88 88 34 4 91 62 
61 31 4 12 31 97 83 44 83 99 
64 57 38 70 78 70 17 26 30 50 
59 15 5 3 23 91 66 99 3 94 
64 95 75 6 58 93 16 90 34 31 
48 59 54 14 69 25 32 40 51 53 
75 74 27 53 29 73 41 53 75 44 
92 6 11 11 82 42 70 77 24 24 
98 75 92 20 35 39 40 86 55 96 
11 25 27 30 59 69 48 16 41 95 
5 61 33 2 61 52 14 44 32 58 
98 69 96 80 95 80 21 63 64 39 
21 93 91 39 85 86 44 42 18 83 
82 97 56 69 40 31 75 55 23 50 
23 53 86 87 40 42 62 27 87 78 
54 27 80 57 17 5 17 54 37 79 
59 87 44 17 24 46 2 80 16 30 
95 53 31 28 34 70 46 28 67 51 
79 52 58 71 10 41 21 84 4 55 
49 65 97 75 98 32 74 3 20 64 
56 22 74 45 97 63 69 16 5 8 
79 65 34 59 63 77 51 17 24 84 
75 59 25 4 72 27 8 47 97 76 
27 72 77 41 61 90 16 85 26 17 
71 33 57 41 25 77 58 6 16 21 
92 44 16 71 34 95 70 74 35 69 
89 82 85 37 12 88 50 71 90 61 
7 71 55 64 93 68 39 96 85 23 
80 49 5 46 13 89 18 2 76 63 
72 3 47 74 81 10 60 33 52 97 
76 1 75 28 91 53 22 47 25 97 
93 85 46 27 84 7 34 51 60 40 
6 79 34 37 91 89 18 34 32 73 
93 87 47 88 55 55 94 34 48 10 
7 77 11 6 31 67 75 7 52 28 
10 84 20 92 20 44 56 13 70 35 
14 53 21 13 71 51 84 55 56 6 
66 2 57 13 34 12 61 17 24 36 
31 68 2 84 62 55 13 26 53 25 
73 90 9 2 19 96 6 68 53 54 
15 19 29 69 27 10 8 4 65 81 
65 45 53 29 66 76 99 50 88 72 
98 17 4 34 60 42 49 8 45 60 
78 75 17 29 59 92 18 79 43 35 
30 36 72 50 19 99 56 35 58 10 