10 293
2 41 30 10 98 57 57 9 17 87 
88 40 42 3 31 40 51 69 11 60 
25 71 19 46 20 77 76 43 68 74 
64 49 2 17 42 20 15 67 60 98 
47 4 29 5 18 36 51 94 60 7 
55 67 69 2 70 14 45 52 55 13 
75 10 77 84 34 21 56 3 53 2 
97 99 60 43 45 99 19 1 32 28 
96 42 96 74 87 86 68 2 44 88 
63 42 28 89 46 28 9 92 15 78 
15 75 57 73 7 85 83 80 39 46 
89 66 48 66 99 32 35 43 25 41 
74 67 90 99 20 91 32 2 39 66 
58 93 23 3 71 86 35 90 83 9 
90 41 69 67 22 54 39 91 84 39 
21 53 12 55 52 64 90 20 58 64 
13 83 70 2 2 69 59 44 40 73 
86 1 4 57 33 53 7 50 97 12 
41 11 44 1 5 25 26 69 63 85 
29 82 4 63 58 55 22 10 92 26 
33 52 13 16 44 84 17 60 96 65 
41 75 7 68 74 25 32 98 93 74 
36 1 47 85 44 11 5 24 89 57 
10 51 54 98 69 84 35 75 87 87 
53 34 21 21 65 54 58 43 74 6 
41 91 26 39 47 29 21 11 35 33 
49 80 45 24 13 95 79 43 18 85 
83 72 26 97 54 63 5 20 32 31 
71 37 82 21 23 23 56 12 79 34 
67 64 56 55 59 3 78 7 94 49 
12 69 43 51 61 54 23 24 70 52 
35 91 82 37 96 41 95 64 87 77 
48 90 54 34 34 82 51 51 89 2 
64 54 94 65 46 57 64 51 82 85 
65 18 59 34 81 41 12 96 39 14 
17 79 53 97 22 68 45 61 99 76 
51 85 34 54 96 28 66 29 5 82 
80 15 65 35 94 97 31 77 18 73 
49 7 94 58 37 74 43 92 5 75 
4 94 48 87 14 35 35 10 72 31 
17 52 64 19 95 88 98 81 28 50 
31 96 74 70 77 5 1 30 37 80 
9 43 45 71 48 87 80 77 1 9 
74 35 23 48 93 52 1 73 22 64 
46 83 66 45 47 80 84 71 40 54 
42 19 95 2 15 47 4 93 45 44 
43 51 90 6 90 34 18 21 99 51 
20 66 73 46 10 45 89 99 36 45 
10 15 45 52 14 77 41 42 63 9 
99 35 55 71 64 63 87 16 65 77 
69 52 26 95 81 22 30 16 70 47 
29 37 65 24 38 58 80 9 31 68 
80 1 89 90 40 9 99 42 78 7 
94 11 25 44 71 57 25 25 14 75 
22 15 33 8 77 24 49 34 55 34 
60 88 45 32 59 10 19 11 54 55 
10 82 59 69 42 77 63 86 92 44 
93 95 74 94 3 9 9 7 42 46 
82 41 59 62 11 28 69 30 21 64 
35 97 12 18 52 53 85 95 73 34 
26 71 88 50 63 86 48 30 47 16 
10 3 80 26 62 82 7 15 87 71 
25 18 13 17 22 53 25 87 65 42 
86 51 57 22 84 1 25 25 93 22 
9 84 68 70 31 40 39 5 12 90 
28 85 52 13 92 94 49 23 28 48 
95 17 65 23 12 8 57 72 95 28 
20 80 77 94 11 1 4 30 30 16 
18 44 58 66 41 91 54 17 91 24 
85 9 39 95 3 93 88 25 59 17 
25 78 43 64 77 44 14 24 17 20 
87 18 24 62 51 60 97 3 4 59 
39 51 10 13 21 21 67 21 60 61 
72 80 16 30 36 95 50 79 42 30 
20 10 90 1 13 96 82 95 97 91 
47 37 12 58 65 17 42 9 2 83 
22 10 72 57 57 22 76 13 58 58 
57 23 57 91 32 82 15 92 82 2 
67 67 64 80 53 90 23 5 57 78 
95 8 87 12 23 84 92 42 78 47 
51 42 69 66 46 93 95 2 74 29 
77 53 52 83 54 24 2 57 90 36 
55 82 9 94 1 68 95 39 78 47 
34 17 21 13 92 52 8 30 96 54 
78 50 96 32 52 54 80 4 67 10 
79 77 78 73 47 89 68 68 84 57 
93 13 2 40 89 75 43 13 55 71 
61 99 24 82 8 78 25 10 83 65 
23 75 42 90 61 96 70 53 83 44 
64 55 21 80 79 54 19 79 81 9 
23 67 36 19 39 52 18 52 8 85 
73 83 19 56 15 17 51 91 63 42 
4 14 98 38 53 72 48 63 30 54 
69 85 46 4 66 45 93 25 49 25 
96 52 21 57 20 96 79 63 68 8 
22 11 60 51 64 97 63 36 40 53 
42 31 66 18 26 12 24 53 61 58 
17 71 31 45 18 42 77 17 64 41 
89 38 51 75 24 7 56 84 70 54 
55 31 92 14 19 92 24 81 98 70 
40 3 87 80 78 75 42 1 31 75 
33 73 39 49 50 70 7 86 89 30 
6 59 93 2 45 14 10 16 66 22 
90 70 66 99 57 26 51 57 68 36 
9 69 37 80 5 15 86 70 4 24 
33 13 45 80 66 79 28 28 16 14 
37 8 1 78 88 96 73 80 22 42 
94 77 27 60 69 81 3 20 36 26 
33 91 58 70 60 12 50 63 4 45 
1 10 85 95 83 20 15 88 33 19 
86 46 88 69 64 12 85 21 45 17 
98 55 42 48 78 94 4 71 73 83 
40 2 32 73 75 53 29 52 62 56 
98 93 89 38 64 94 40 47 14 44 
35 22 54 11 80 58 41 91 88 68 
45 57 71 27 91 32 43 72 94 23 
72 9 61 52 28 45 84 95 64 86 
25 63 73 24 11 45 53 63 86 74 
20 87 18 4 68 15 44 99 99 13 
53 98 67 53 76 45 52 61 40 74 
81 5 68 13 74 84 86 13 13 41 
53 65 90 30 57 37 61 47 2 46 
78 56 94 12 39 70 51 10 67 14 
14 19 59 38 24 83 75 45 55 17 
60 69 69 32 68 56 92 71 37 30 
65 98 35 71 38 32 10 81 47 2 
30 99 15 92 91 92 28 68 72 47 
73 1 63 50 25 11 14 97 97 56 
25 9 84 93 56 31 90 8 30 41 
47 84 86 2 20 10 95 4 48 84 
8 50 50 15 56 56 80 73 45 42 
36 79 71 77 2 77 74 81 96 68 
77 6 16 98 61 86 61 79 58 19 
85 68 67 84 20 46 74 4 34 21 
96 77 16 65 6 92 8 14 50 26 
46 69 43 52 6 3 77 16 27 24 
90 93 64 14 85 42 66 58 35 63 
81 44 33 44 52 24 62 94 91 88 
5 65 4 97 69 71 92 89 21 43 
17 25 24 23 25 38 91 6 82 93 
53 27 11 50 42 83 37 15 18 78 
36 7 61 6 85 95 85 26 33 63 
93 13 36 13 29 54 19 35 42 52 
5 6 79 12 29 18 71 82 98 45 
55 79 87 3 4 84 56 53 50 9 
5 37 40 92 17 29 39 2 95 6 
50 82 79 41 46 50 12 41 43 94 
95 62 48 89 74 85 25 70 81 38 
70 69 72 27 23 34 76 1 38 16 
94 87 36 33 3 95 5 11 31 38 
88 93 35 94 47 17 31 36 45 62 
56 76 34 56 64 17 44 16 53 78 
84 89 54 72 95 18 52 51 86 50 
81 93 67 54 52 47 93 27 73 39 
58 29 56 74 14 36 68 21 62 26 
14 25 46 27 85 10 27 72 7 39 
1 63 46 71 55 52 54 20 62 33 
63 10 70 63 11 21 69 15 45 64 
50 35 50 29 8 48 91 59 34 17 
28 13 13 29 71 47 74 19 56 38 
10 21 39 98 13 5 25 50 33 92 
67 11 42 63 38 64 47 71 88 83 
77 51 15 64 47 61 28 69 26 20 
31 57 20 91 13 40 86 88 90 6 
82 58 36 19 89 81 73 94 40 67 
71 96 32 47 14 40 76 52 82 84 
73 7 17 47 4 2 19 89 41 26 
90 25 25 17 66 50 68 72 29 21 
6 1 94 71 93 90 97 63 89 67 
27 14 35 87 71 16 68 60 31 75 
48 9 25 85 67 28 65 96 25 51 
84 91 55 31 23 30 86 95 85 5 
6 98 6 95 98 42 2 3 12 15 
67 58 25 97 65 93 70 88 7 78 
68 63 10 74 94 62 20 68 73 6 
6 57 9 2 30 16 4 83 55 9 
4 5 32 73 61 77 7 18 33 28 
25 90 64 40 54 3 57 92 26 64 
40 31 63 35 94 75 26 91 76 73 
88 63 10 64 12 45 59 45 70 31 
38 32 21 96 31 61 71 82 92 11 
5 84 38 4 58 82 6 45 36 49 
95 95 34 37 37 50 70 34 30 55 
41 33 2 23 69 3 39 81 24 44 
97 24 98 15 18 42 56 22 84 11 
96 40 87 25 43 84 5 92 93 86 
45 39 47 96 21 50 93 48 78 78 
50 46 94 81 80 61 78 84 86 28 
69 19 61 95 83 23 27 1 36 93 
46 86 31 93 61 93 41 96 8 2 
41 46 86 3 68 83 51 73 52 47 
94 62 5 7 13 96 85 40 12 16 
86 22 17 79 48 78 71 71 97 94 
47 92 63 99 75 32 56 73 43 37 
83 90 81 63 11 12 27 96 72 67 
61 11 34 37 37 99 78 52 1 71 
88 66 60 47 14 25 25 22 19 2 
31 68 44 26 70 82 38 69 49 63 
58 49 85 75 53 69 6 55 32 11 
39 22 40 23 53 56 33 64 32 36 
15 32 85 55 5 25 24 89 64 90 
11 23 6 34 55 13 53 11 30 16 
15 87 51 49 20 16 48 5 18 33 
39 85 55 42 73 39 6 18 25 11 
77 43 6 79 89 48 31 11 16 10 
46 21 79 86 37 57 61 95 1 47 
51 19 44 57 54 82 47 31 2 87 
42 49 25 26 29 42 84 9 92 69 
1 83 83 31 65 5 67 21 98 81 
55 96 32 84 83 36 59 83 29 72 
48 24 86 43 61 50 43 81 39 95 
24 55 5 4 15 28 22 72 25 12 
50 22 77 47 35 65 73 25 67 86 
64 76 43 4 45 73 28 56 35 72 
82 42 68 92 97 64 9 67 73 14 
3 51 97 1 69 33 42 45 67 67 
9 34 12 61 60 37 26 19 54 27 
58 80 37 91 64 90 73 35 57 17 
98 69 11 15 25 59 16 16 6 42 
32 71 87 87 7 42 32 78 62 57 
25 75 31 1 14 79 68 54 24 99 
29 37 11 61 19 28 28 49 29 51 
34 54 76 27 23 44 27 6 60 17 
20 70 56 90 56 25 15 9 43 7 
27 50 77 16 8 53 88 74 62 85 
7 91 40 76 13 74 7 7 54 80 
62 52 23 96 49 16 91 19 80 83 
80 99 78 65 75 99 52 79 29 29 
41 19 93 3 45 9 35 40 83 91 
71 79 15 75 61 67 65 63 26 93 
29 53 95 37 11 32 27 42 77 53 
18 69 85 91 67 70 87 7 96 47 
68 67 90 77 9 55 87 50 11 66 
81 41 67 76 56 37 20 24 34 13 
6 36 2 15 95 8 28 40 33 5 
57 95 19 90 54 88 41 78 64 50 
85 26 30 69 53 96 6 59 60 98 
89 38 39 75 36 97 97 57 93 44 
86 77 65 67 21 62 35 24 85 73 
24 32 21 4 63 99 30 93 81 37 
80 41 90 68 27 26 8 26 20 24 
27 15 73 74 73 6 24 74 23 69 
95 46 28 36 77 30 25 81 98 74 
20 80 22 54 39 43 50 6 24 18 
77 55 48 22 76 52 36 38 68 54 
89 54 18 6 52 97 13 92 38 25 
20 37 13 7 28 81 10 87 80 79 
5 7 52 89 5 84 53 95 29 70 
55 10 17 26 24 25 28 48 77 6 
6 50 63 67 58 50 58 76 71 70 
95 97 53 97 36 20 4 23 84 86 
38 72 60 39 55 60 88 92 95 68 
8 75 2 82 99 31 59 27 5 92 
8 98 44 19 33 78 78 78 93 68 
65 75 52 47 62 78 31 78 47 90 
56 81 47 49 78 15 39 61 21 2 
94 36 98 42 17 85 99 16 5 6 
10 78 3 38 9 30 19 18 36 30 
5 54 86 81 87 7 5 72 50 85 
98 52 78 64 36 60 81 39 70 7 
22 93 28 69 35 29 43 54 82 23 
1 47 20 82 41 79 58 86 37 42 
60 39 68 79 18 55 53 80 7 3 
19 22 86 6 95 42 17 35 86 23 
70 31 32 7 75 24 17 99 44 71 
15 15 25 51 66 99 85 35 39 76 
10 19 55 11 38 67 16 17 69 47 
53 10 69 89 71 62 86 98 75 21 
68 44 15 34 45 62 67 76 82 53 
98 79 64 12 91 13 16 13 46 28 
18 18 46 9 54 54 38 64 58 6 
80 72 54 80 69 38 85 74 22 31 
2 20 17 41 96 8 62 38 15 36 
48 27 88 92 3 66 59 18 55 87 
78 18 52 3 9 32 32 31 7 42 
19 51 87 21 55 33 73 80 9 13 
48 23 35 23 2 11 88 44 84 73 
40 95 14 88 57 34 5 71 44 88 
84 53 99 59 70 33 39 70 10 84 
72 19 16 69 83 96 96 5 81 22 
31 50 58 77 5 37 12 70 77 78 
28 51 65 91 66 76 46 56 28 97 
42 72 58 78 67 45 91 53 80 17 
75 90 29 14 59 99 39 9 41 34 
84 64 44 94 61 10 92 84 78 10 
91 64 68 30 17 50 18 55 7 3 
9 99 21 65 73 69 37 52 70 59 
19 41 77 17 82 57 74 35 6 51 
18 54 47 23 92 90 69 18 6 34 
22 87 95 76 3 68 15 66 1 77 
61 86 99 43 61 25 98 55 12 99 
4 76 12 90 54 49 31 33 24 12 
8 33 77 1 64 45 3 34 59 50 