10 30
31 4 98 70 53 93 74 21 74 6 
81 96 20 64 19 97 34 67 6 30 
29 35 13 42 48 51 50 11 89 53 
14 49 73 29 43 6 68 48 16 16 
10 49 34 9 23 12 43 29 67 82 
11 72 31 84 1 4 97 34 35 16 
63 81 33 60 20 57 72 92 58 61 
26 96 83 48 88 42 84 65 13 6 
55 4 10 39 62 50 28 7 72 71 
83 89 92 66 36 69 82 9 93 86 
90 20 58 93 83 29 5 62 76 32 
46 23 31 27 77 12 2 17 37 8 
90 6 43 4 29 26 83 93 25 41 
37 96 85 16 25 87 27 65 66 50 
65 4 53 86 10 50 41 15 18 88 
48 58 65 22 54 55 15 98 27 16 
13 57 88 45 3 91 97 33 36 26 
97 59 41 54 42 79 39 65 64 49 
85 62 76 40 70 85 18 38 81 1 
77 35 51 47 77 70 97 95 65 45 
58 58 32 1 24 90 76 66 81 86 
92 26 84 88 40 26 13 16 57 73 
13 26 88 89 46 68 6 94 14 75 
41 65 65 26 73 50 63 78 83 5 
32 50 98 18 30 27 37 69 92 3 
50 55 85 57 43 86 39 38 66 35 
73 38 64 52 56 28 7 70 55 57 
4 83 14 68 49 33 28 31 41 95 
27 60 79 15 84 56 94 80 32 83 
35 65 84 17 65 16 59 71 2 58 