10 36
18 94 40 21 53 87 87 91 68 59 
72 67 94 17 55 46 63 24 19 71 
70 44 30 10 18 23 27 73 38 15 
10 43 42 87 19 89 7 43 45 85 
2 73 60 66 54 25 80 53 37 93 
99 85 73 69 37 50 80 40 97 79 
84 7 36 74 86 22 32 54 16 95 
58 42 89 97 29 26 67 1 84 84 
19 20 23 96 20 48 5 22 57 97 
82 45 10 40 16 80 29 17 24 33 
29 53 92 34 71 45 75 50 34 4 
93 67 38 57 25 52 93 70 68 79 
55 50 82 75 37 88 24 54 18 70 
26 61 27 43 23 89 63 84 39 56 
94 77 36 99 82 19 40 95 38 3 
16 62 89 72 69 39 23 27 90 98 
39 86 63 12 78 7 12 25 22 4 
62 59 43 16 85 93 31 85 30 42 
3 84 50 4 73 46 43 43 12 8 
26 45 71 90 6 96 16 57 2 10 
34 86 99 38 58 47 82 29 16 41 
37 83 65 21 70 51 45 90 9 50 
70 33 96 96 12 74 5 15 55 41 
67 94 20 88 69 29 39 36 6 65 
23 95 58 66 98 64 80 87 37 79 
48 31 61 62 54 6 73 3 20 41 
12 74 80 67 44 19 41 44 59 17 
36 69 28 53 20 44 38 74 19 36 
74 29 83 10 32 72 54 2 6 46 
20 53 53 62 64 8 60 45 63 81 
94 48 31 76 90 18 60 19 85 92 
40 95 48 29 96 52 7 89 36 17 
6 12 82 6 5 56 89 40 8 96 
87 20 79 49 63 83 7 77 7 88 
32 65 84 86 43 89 69 79 45 25 
71 23 81 26 50 48 74 97 66 57 