10 386
87 34 87 7 96 31 39 92 49 66 
25 89 37 41 1 26 22 11 38 66 
52 45 50 18 74 65 5 59 52 52 
49 15 96 57 51 31 23 20 13 50 
86 79 81 69 38 78 92 91 44 28 
36 14 38 16 80 26 85 3 3 42 
49 40 14 85 49 18 36 75 82 56 
71 20 39 79 91 95 46 31 88 6 
6 42 47 51 57 2 31 65 9 10 
9 73 69 68 63 39 52 87 57 76 
48 44 94 59 3 29 91 69 93 93 
74 62 24 16 78 14 49 45 70 44 
67 99 45 14 29 88 6 62 76 73 
78 59 78 63 46 95 21 28 64 24 
29 66 13 6 10 91 94 31 61 63 
82 71 42 38 67 57 31 16 39 93 
21 41 55 23 70 92 91 42 95 55 
25 99 6 81 95 50 13 81 23 89 
2 11 1 64 16 63 7 34 26 54 
85 14 93 65 20 22 83 87 83 38 
27 87 62 14 16 69 35 26 54 92 
45 43 8 75 35 13 45 84 99 78 
14 55 46 82 13 39 38 17 4 35 
71 51 50 93 7 67 70 6 12 2 
25 12 45 56 79 3 98 37 10 61 
1 74 49 86 86 13 26 9 87 59 
9 62 91 58 83 95 66 50 36 71 
67 86 11 5 9 15 17 20 42 14 
2 43 46 25 20 80 85 9 19 76 
3 15 76 56 63 86 17 4 6 6 
69 69 25 98 1 28 26 34 67 63 
1 39 20 14 98 80 19 7 79 4 
19 13 55 69 71 91 76 63 3 29 
55 45 26 70 5 7 96 7 96 66 
83 14 73 91 66 23 12 88 38 1 
11 48 47 88 45 48 74 12 43 72 
57 62 22 69 79 19 28 89 21 63 
14 61 38 51 53 94 82 21 52 3 
94 67 66 30 68 16 22 46 83 2 
88 95 51 65 71 1 35 62 26 10 
73 43 48 78 18 54 78 91 91 80 
62 13 74 52 83 32 27 78 57 13 
31 53 29 28 34 10 65 90 50 83 
94 85 81 3 29 51 31 79 56 59 
68 43 8 75 16 90 36 11 56 47 
88 56 56 98 81 72 9 77 9 73 
38 99 22 92 67 87 18 33 28 26 
41 97 81 3 4 83 18 28 22 29 
87 72 43 48 81 59 74 91 75 75 
12 93 8 29 20 69 1 95 16 25 
8 61 78 2 95 77 44 33 42 57 
89 53 7 75 86 26 4 58 77 92 
13 76 80 38 37 7 44 13 40 14 
98 46 65 74 80 27 53 30 60 13 
25 75 43 33 84 18 40 46 87 40 
85 47 94 29 67 88 47 91 95 71 
86 91 16 80 33 56 81 78 88 75 
83 15 49 33 23 49 38 73 39 88 
86 82 42 88 83 78 27 40 72 11 
22 76 95 39 15 86 43 68 99 80 
65 54 22 69 66 69 75 51 83 1 
88 88 55 38 19 32 57 72 8 78 
3 45 29 57 26 45 51 79 53 32 
34 36 28 41 71 17 70 21 29 71 
22 76 5 3 78 50 75 28 2 51 
84 8 1 52 53 8 60 60 41 84 
35 16 36 55 15 77 41 34 15 56 
8 97 97 11 7 12 9 72 98 65 
17 39 32 35 66 90 24 27 77 95 
63 57 29 75 28 37 18 38 40 52 
97 33 76 69 20 96 31 98 16 54 
45 63 38 99 88 19 9 92 5 89 
58 65 84 32 61 15 50 71 68 6 
72 5 74 31 67 60 81 7 65 34 
64 59 60 65 88 77 79 87 14 63 
17 1 98 64 31 34 4 87 22 20 
11 40 60 12 84 92 9 12 16 27 
62 21 92 68 98 74 85 34 58 39 
82 61 85 95 44 22 12 38 43 14 
27 57 22 90 1 26 48 37 47 21 
22 59 82 67 70 94 17 20 79 62 
39 29 2 87 97 38 19 61 51 94 
24 66 52 45 34 13 47 69 11 77 
66 43 81 97 26 49 37 26 60 33 
96 89 43 6 14 16 26 59 90 46 
75 81 89 22 68 38 29 87 94 31 
61 93 69 51 99 94 33 32 35 92 
47 38 56 76 55 27 43 84 3 84 
18 7 38 80 62 9 2 9 28 87 
44 26 87 63 77 89 10 49 63 46 
74 53 52 25 33 54 16 75 24 20 
57 10 54 14 54 98 56 17 8 9 
29 23 26 74 74 90 77 74 52 5 
47 67 1 91 15 39 66 82 76 85 
57 84 38 25 40 72 80 67 80 26 
90 5 79 17 64 81 95 61 36 48 
67 30 24 1 14 60 85 35 74 62 
48 56 56 38 27 2 63 77 28 38 
4 5 27 56 53 68 27 63 59 32 
62 72 13 38 24 74 93 67 39 56 
64 96 87 85 58 24 64 52 49 25 
70 84 49 38 51 78 47 26 15 6 
34 88 83 99 93 84 59 34 78 49 
6 57 92 80 15 51 65 85 50 6 
26 12 38 28 21 59 64 96 27 31 
86 44 59 17 90 25 24 41 45 90 
65 80 63 63 76 99 80 12 70 57 
58 86 18 84 91 91 78 85 52 44 
41 43 25 95 27 16 74 43 85 27 
80 79 72 76 29 60 73 61 13 93 
81 46 97 60 60 74 85 2 97 69 
81 93 66 15 24 33 80 87 54 56 
10 91 89 53 96 31 11 40 60 44 
74 45 68 89 4 7 27 65 17 34 
95 81 41 57 6 34 62 52 54 99 
47 65 36 50 74 83 38 84 47 16 
12 89 85 35 3 72 94 14 55 85 
8 91 16 74 30 30 62 96 19 33 
94 51 9 72 47 6 47 62 75 97 
10 50 96 64 25 25 94 97 88 18 
14 3 5 47 69 59 39 23 48 80 
99 97 65 91 35 11 22 75 30 85 
56 81 86 21 60 69 59 46 62 70 
22 22 75 88 14 30 77 76 9 22 
69 69 79 13 55 50 16 2 89 34 
32 32 68 21 15 76 61 87 17 86 
2 3 40 57 25 13 18 96 12 71 
71 4 35 68 13 24 86 17 93 3 
13 15 58 24 33 9 39 27 80 96 
57 23 15 62 98 55 57 70 67 22 
82 90 11 13 32 49 72 98 35 96 
98 13 98 71 28 93 95 24 91 66 
19 18 16 83 16 65 33 3 53 99 
37 51 56 49 38 67 70 49 64 4 
64 29 54 84 36 98 81 33 44 44 
73 34 85 37 94 12 55 26 68 9 
97 64 42 45 53 43 89 99 45 16 
85 59 64 21 23 68 33 59 72 94 
34 9 65 47 48 46 13 70 99 11 
14 81 93 40 55 40 69 26 17 10 
75 79 56 80 42 87 20 13 66 77 
12 13 97 83 60 38 82 10 44 50 
31 34 59 43 80 73 87 46 81 91 
91 46 27 1 27 85 26 72 61 43 
85 98 88 5 28 34 31 29 78 77 
64 21 83 1 99 94 26 21 41 83 
44 68 9 62 80 26 99 72 90 75 
17 38 87 52 47 74 59 45 89 54 
43 20 9 87 76 6 49 75 44 53 
85 93 69 19 27 64 20 52 77 71 
25 57 65 42 89 38 74 67 85 70 
88 70 95 43 37 45 31 56 43 29 
78 52 36 34 81 88 28 23 78 98 
18 16 54 54 61 42 39 99 17 5 
76 1 13 7 11 28 39 12 41 5 
92 26 58 45 1 76 83 87 37 26 
80 45 75 95 78 8 61 33 91 66 
97 30 11 94 48 50 39 86 65 67 
19 70 55 42 39 35 2 13 4 48 
80 53 44 19 23 43 81 51 45 79 
61 70 31 84 6 9 58 37 74 67 
89 55 57 36 46 61 7 71 37 15 
59 32 61 5 97 74 58 84 28 79 
30 67 77 50 32 28 30 75 9 65 
25 4 52 32 42 26 54 35 22 85 
63 45 51 88 55 44 59 99 16 92 
36 39 98 79 64 39 23 75 33 40 
73 91 23 9 70 77 57 9 72 89 
79 15 67 57 1 33 52 97 26 21 
36 22 53 75 69 5 9 46 40 27 
24 14 76 27 71 48 22 68 86 1 
44 84 70 60 84 9 25 32 90 9 
30 69 68 63 41 95 31 9 44 40 
63 68 35 71 30 73 26 29 41 72 
25 45 50 13 72 39 5 72 65 19 
73 69 80 36 48 43 11 73 25 18 
41 60 15 11 41 50 16 58 40 60 
52 24 37 2 44 79 84 64 22 39 
97 58 23 59 41 59 76 20 75 72 
8 2 22 47 77 3 27 50 56 20 
88 99 32 89 73 87 38 4 40 48 
29 32 52 64 79 93 44 50 58 63 
18 61 14 12 21 32 69 86 72 49 
69 24 85 64 67 82 15 94 55 28 
57 12 11 57 6 97 21 6 60 29 
14 3 72 50 21 24 15 35 79 72 
27 21 90 22 66 42 32 57 13 67 
7 55 3 79 43 35 84 97 14 26 
71 69 44 66 20 2 48 3 42 34 
91 43 45 34 72 25 32 91 26 19 
60 1 20 99 15 18 99 73 76 20 
68 18 9 14 14 98 86 63 79 74 
66 29 34 55 56 85 24 42 25 78 
31 44 17 37 45 64 75 98 14 44 
70 79 6 51 56 42 1 2 99 76 
27 10 6 58 83 11 66 44 30 65 
62 43 68 47 42 78 61 46 28 79 
14 89 59 9 33 20 3 72 86 11 
85 78 35 21 56 64 18 18 11 96 
77 58 84 80 24 34 18 22 27 69 
95 77 60 16 37 96 89 42 8 18 
63 19 92 66 55 42 26 46 43 78 
35 78 7 96 9 7 77 72 71 27 
87 71 27 25 21 54 92 84 58 26 
55 10 90 56 54 39 41 20 1 53 
14 8 15 99 84 12 36 48 53 53 
51 32 58 40 34 50 79 95 51 36 
6 42 61 71 62 88 82 93 50 54 
51 28 2 20 23 34 43 96 15 4 
26 68 32 91 6 86 74 81 3 84 
1 48 15 55 97 16 93 77 83 16 
79 88 82 89 43 71 17 29 76 68 
76 4 67 48 68 42 58 2 16 34 
32 30 22 35 1 6 75 33 91 70 
62 35 76 87 26 93 99 97 99 93 
66 35 54 3 36 73 59 21 9 7 
71 57 22 54 83 61 74 18 23 2 
23 68 92 50 21 64 72 68 86 10 
45 40 13 37 56 75 26 49 39 3 
48 39 85 99 61 58 72 85 28 86 
64 99 31 52 17 85 42 1 14 97 
99 53 85 94 88 18 67 55 43 13 
74 3 29 10 80 39 13 60 84 83 
28 50 19 45 49 12 91 46 63 49 
82 64 51 20 84 5 38 54 41 15 
69 34 47 34 84 68 28 33 47 82 
30 41 57 3 84 76 98 18 75 67 
73 80 65 78 90 67 5 51 4 94 
68 94 55 52 31 49 1 88 81 87 
5 49 5 48 64 40 17 58 35 96 
79 14 13 1 74 23 48 1 98 74 
39 74 25 27 40 46 19 25 81 40 
48 21 25 97 40 71 46 22 84 10 
76 71 39 22 93 7 27 62 64 78 
36 79 29 31 80 86 38 60 61 28 
46 91 21 78 17 50 58 2 53 51 
68 16 44 20 89 25 57 33 56 16 
92 13 41 6 78 86 25 45 67 61 
85 74 65 52 83 39 43 7 16 17 
17 46 7 72 43 20 66 84 99 82 
36 39 63 3 64 40 68 7 33 81 
70 17 65 93 84 60 83 19 39 92 
32 62 50 80 25 35 81 23 52 98 
43 39 64 12 29 71 39 41 68 72 
39 82 24 44 16 88 55 97 65 93 
61 35 86 70 67 97 79 23 52 93 
22 76 33 89 7 27 12 25 33 64 
91 36 97 32 35 18 49 16 92 58 
13 41 33 72 65 95 55 16 72 67 
51 43 64 93 24 83 27 9 20 92 
16 20 66 75 96 65 80 50 96 41 
58 18 73 19 53 53 55 64 2 86 
18 80 40 9 84 53 81 49 33 62 
34 6 33 16 61 9 38 31 64 99 
17 68 66 10 67 49 1 85 13 51 
45 82 24 25 39 6 36 48 25 4 
25 61 70 65 8 80 29 16 8 78 
64 37 90 29 79 33 76 66 70 34 
40 11 99 97 2 59 16 60 17 1 
39 25 12 16 32 78 95 73 62 38 
88 74 59 30 15 83 4 76 89 70 
47 27 72 34 38 27 29 37 76 39 
56 93 40 73 85 35 91 61 86 50 
81 61 26 85 62 47 90 82 85 31 
18 21 39 6 56 75 25 12 55 48 
81 26 48 34 79 1 45 53 9 64 
37 48 61 11 33 19 54 19 91 79 
96 65 56 82 68 38 2 31 84 33 
5 59 54 89 30 84 33 77 23 51 
54 95 60 34 68 41 29 46 62 52 
10 95 64 82 59 93 47 2 64 35 
63 56 40 74 49 84 90 81 95 22 
47 95 51 41 90 81 29 94 26 9 
47 15 5 62 69 9 33 42 58 59 
8 55 34 14 70 28 93 7 35 30 
61 35 99 52 25 74 1 31 42 81 
25 45 89 10 80 66 37 25 96 86 
16 27 33 18 32 1 31 10 58 77 
13 48 18 16 18 18 49 58 15 62 
80 37 43 7 51 19 78 93 11 15 
86 99 64 88 45 76 71 33 87 5 
9 30 3 8 79 62 66 56 84 14 
32 53 90 41 99 42 65 40 15 1 
40 84 80 89 82 35 23 49 6 43 
58 27 24 8 94 80 5 47 89 3 
72 91 13 25 47 29 72 94 78 14 
57 13 40 13 24 10 79 10 75 30 
3 54 39 96 7 76 27 65 17 92 
74 85 87 69 80 24 29 62 60 34 
97 90 64 51 63 97 88 35 43 5 
42 51 77 85 23 36 22 46 83 59 
70 83 83 62 52 18 40 1 93 64 
36 88 24 90 61 94 83 30 72 84 
44 58 37 65 37 53 33 70 85 80 
60 6 30 48 87 34 14 48 2 80 
78 56 52 43 90 97 90 45 1 11 
94 29 15 1 26 57 78 38 14 10 
20 5 1 70 11 34 30 66 20 53 
24 79 9 93 64 29 32 32 94 52 
36 6 9 8 2 60 48 54 9 1 
27 19 81 21 39 95 4 44 82 43 
40 76 21 93 19 86 5 1 29 4 
48 90 13 14 89 65 61 40 72 6 
84 51 64 88 62 21 73 65 53 35 
40 68 22 31 52 33 35 14 12 76 
42 66 30 28 18 10 69 87 95 95 
31 44 60 78 69 4 71 37 54 42 
6 7 16 27 39 87 25 9 42 71 
79 74 95 30 19 82 14 64 89 61 
16 12 18 66 46 88 63 17 66 50 
19 48 84 9 24 37 63 32 63 51 
72 73 65 14 73 42 78 58 79 4 
44 46 7 90 47 69 42 13 38 12 
7 61 78 74 86 83 97 44 14 29 
82 6 32 26 42 22 75 60 55 95 
23 27 20 39 74 24 80 99 54 63 
71 31 46 54 98 59 59 92 22 15 
37 84 68 2 92 31 10 60 48 10 
46 54 99 41 92 95 39 81 55 43 
47 26 26 69 6 36 98 22 2 39 
71 96 48 6 3 86 34 93 90 6 
48 62 55 16 62 72 58 75 40 21 
27 71 3 97 93 92 62 94 76 41 
93 67 86 15 46 16 34 44 30 69 
76 97 72 23 70 88 14 12 4 51 
85 77 44 97 36 81 29 42 52 67 
81 62 50 69 58 35 47 67 10 34 
92 37 7 62 52 4 26 23 20 65 
67 95 20 90 11 72 93 30 41 68 
29 98 60 35 61 69 5 73 29 74 
7 80 32 27 66 67 67 50 42 23 
86 46 1 81 37 7 54 92 91 63 
61 14 61 70 38 46 32 98 22 92 
70 12 73 27 62 56 62 66 20 37 
71 12 39 44 90 29 44 70 76 21 
62 70 1 82 30 7 55 39 8 29 
34 93 37 13 78 10 10 18 15 59 
28 91 73 45 30 42 11 74 88 91 
10 88 31 49 85 26 80 52 94 77 
34 98 57 93 32 20 89 21 48 64 
35 20 49 62 57 61 59 80 76 31 
21 69 79 64 25 15 41 96 38 37 
98 62 5 95 16 29 14 79 54 87 
56 61 39 68 6 39 83 31 5 69 
7 18 4 35 90 60 55 81 5 4 
6 34 24 17 23 20 44 43 9 74 
26 42 98 88 12 94 85 11 82 49 
95 52 12 88 77 36 18 43 33 11 
48 73 90 40 45 88 12 23 68 19 
36 44 60 72 3 55 93 38 21 11 
98 81 24 30 95 11 4 58 71 33 
14 92 23 8 20 85 26 96 34 64 
89 91 73 32 11 82 36 75 55 87 
64 37 92 3 44 75 15 40 82 43 
91 10 12 68 18 98 2 45 19 2 
79 17 54 9 11 57 93 99 9 73 
11 52 9 40 35 44 8 13 32 17 
32 22 38 50 13 77 75 27 71 9 
23 38 65 73 71 24 46 31 12 53 
74 12 91 71 69 49 52 48 36 81 
25 78 82 20 97 97 50 84 29 51 
78 54 55 56 84 50 70 97 11 21 
93 2 98 9 83 68 56 77 20 8 
98 56 94 29 87 96 56 73 44 13 
50 76 30 8 36 6 7 4 88 43 
6 63 44 52 9 14 18 11 30 92 
18 34 81 92 25 49 38 74 5 11 
11 15 52 83 81 63 88 51 70 19 
77 78 60 13 3 3 59 26 62 39 
68 5 39 75 34 20 74 51 36 30 
37 89 98 92 92 89 83 99 28 55 
35 95 39 66 7 73 64 97 82 28 
77 59 60 2 98 64 34 75 36 91 
74 33 51 51 14 91 73 69 57 12 
31 62 62 4 33 64 12 20 71 87 
33 62 59 41 76 39 45 25 54 70 
75 59 66 52 93 50 33 44 21 71 
69 6 41 72 10 53 9 56 6 80 
59 2 10 69 50 60 87 65 93 92 
57 74 69 28 75 25 24 96 54 11 
51 67 24 99 96 4 77 68 77 69 
44 62 93 4 33 75 14 57 58 15 
77 43 31 69 80 46 17 67 70 44 
96 85 61 75 42 13 7 52 30 89 
53 1 35 35 94 31 21 44 19 30 
91 20 94 77 45 77 11 74 62 72 