10 48
82 86 96 41 43 17 2 58 61 63 
95 72 13 22 9 87 8 76 16 49 
20 23 37 63 33 93 57 53 64 73 
54 66 79 3 44 12 69 88 87 72 
4 92 49 28 49 94 34 68 54 65 
2 19 87 9 37 52 89 22 43 10 
21 37 18 47 20 2 81 82 15 27 
61 15 48 34 28 49 52 38 6 44 
76 83 70 12 30 69 53 91 55 91 
60 85 96 16 51 33 44 38 38 54 
99 95 35 96 42 35 92 26 19 12 
83 90 28 57 14 71 64 1 37 86 
85 78 89 7 46 78 10 47 1 47 
97 61 70 79 30 85 87 60 50 80 
10 40 56 73 21 33 91 45 27 13 
28 41 89 78 21 75 84 59 26 75 
11 91 58 53 42 36 17 55 66 82 
50 97 30 13 47 53 58 70 64 84 
69 23 87 45 91 61 2 42 64 88 
5 97 93 57 6 16 69 31 72 6 
3 71 64 88 40 87 93 82 81 20 
32 32 72 94 77 21 82 2 75 5 
86 93 2 20 9 91 25 94 62 93 
44 26 79 98 95 33 49 47 77 13 
22 68 14 73 53 88 57 35 74 39 
14 30 62 68 58 66 48 62 96 51 
84 95 49 18 59 38 92 17 86 79 
38 48 97 1 61 1 80 26 8 99 
54 72 28 14 41 72 5 12 22 89 
26 45 80 62 12 45 72 1 98 67 
85 78 34 98 97 21 57 68 21 93 
15 42 48 69 10 56 58 65 18 15 
94 31 7 43 29 90 22 51 64 86 
77 83 32 54 19 30 60 35 4 61 
25 65 95 3 78 96 40 56 92 31 
82 94 12 38 73 17 32 87 86 87 
99 11 7 76 80 19 78 87 52 56 
17 52 29 46 3 7 57 98 80 72 
87 66 99 98 52 37 51 93 44 76 
5 1 58 89 40 30 73 17 34 43 
70 78 51 8 64 78 25 39 62 43 
60 10 2 54 13 93 15 50 88 96 
63 98 47 31 82 82 58 73 64 22 
15 7 8 18 42 90 71 93 78 21 
51 21 50 3 99 89 25 85 10 27 
62 38 48 23 27 95 54 70 75 87 
93 19 42 30 25 33 26 58 9 38 
33 42 60 42 47 18 74 37 57 8 