10 53
28 26 71 22 57 45 53 66 92 24 
9 71 86 31 67 34 21 63 15 62 
78 37 3 44 89 85 87 60 65 20 
6 91 62 92 29 61 83 56 89 66 
63 82 26 8 26 4 25 13 19 87 
46 42 14 96 4 57 41 97 66 43 
41 76 51 30 21 4 97 26 78 58 
90 57 42 70 43 19 94 28 26 43 
67 28 47 66 46 13 12 36 40 36 
92 56 20 1 71 18 23 87 13 97 
46 51 85 63 41 95 86 71 89 20 
93 8 5 28 55 79 15 75 40 21 
25 23 13 48 40 74 79 46 21 56 
23 10 53 34 37 29 50 70 19 64 
41 6 34 57 34 85 49 83 99 35 
40 92 74 88 7 83 79 75 72 93 
31 24 26 27 97 58 89 87 47 58 
3 67 75 34 73 13 40 75 37 61 
94 57 24 78 36 54 19 40 1 39 
96 7 26 69 66 96 95 91 88 49 
90 60 41 60 88 57 30 43 94 4 
7 99 26 39 37 24 6 13 3 22 
72 25 37 18 90 62 51 88 23 29 
55 66 11 70 54 70 60 28 22 76 
28 94 84 15 4 54 70 68 99 55 
13 22 44 51 15 79 60 46 55 97 
64 73 6 27 90 16 60 6 40 90 
32 54 65 80 40 41 43 4 22 16 
25 13 31 71 73 52 93 25 1 73 
28 97 11 56 49 48 44 46 15 60 
70 40 80 97 2 79 94 49 19 78 
76 72 57 88 67 41 63 67 89 17 
80 28 39 68 74 64 1 59 57 36 
25 55 86 99 13 17 59 48 18 44 
1 13 19 20 30 74 39 64 99 94 
82 64 70 17 93 64 82 52 78 50 
32 59 70 13 91 15 20 68 77 14 
9 84 6 35 65 84 66 41 42 78 
69 65 60 99 51 99 35 50 98 98 
86 21 42 71 55 97 80 85 2 73 
72 2 48 12 30 17 9 4 35 76 
66 57 57 93 42 14 85 69 8 10 
8 98 24 52 66 73 44 43 58 12 
82 1 99 45 56 26 44 8 99 69 
20 34 63 42 22 3 82 18 42 13 
98 73 41 5 97 54 32 15 30 67 
7 77 76 64 43 77 97 84 34 90 
35 98 82 26 35 7 63 61 82 44 
98 33 59 66 47 16 88 35 95 44 
10 49 41 78 23 82 88 93 10 27 
91 80 4 26 80 39 69 92 37 98 
71 43 47 78 93 23 54 45 95 43 
11 67 31 26 48 52 95 63 7 65 