10 95
86 42 43 52 21 68 39 52 40 26 
10 52 42 48 36 76 74 73 16 77 
90 17 92 16 78 58 44 45 11 42 
38 95 44 6 97 56 81 76 34 8 
76 42 65 94 93 3 31 86 84 24 
95 32 81 20 36 73 49 68 86 69 
50 88 17 12 80 45 8 62 16 6 
36 76 14 23 6 57 7 94 56 84 
49 95 88 58 91 87 72 90 93 72 
45 75 17 55 45 35 65 88 42 80 
18 61 18 61 97 99 84 47 9 36 
19 77 57 43 16 92 90 4 23 95 
20 90 10 89 24 46 25 50 66 23 
10 92 27 45 86 80 46 52 1 51 
33 44 10 31 35 61 23 14 10 60 
11 44 13 61 76 63 37 69 30 36 
75 70 92 60 41 71 38 68 98 23 
16 97 13 47 54 34 95 31 94 40 
73 88 34 23 48 20 80 35 15 15 
15 90 42 21 35 62 87 26 58 62 
79 10 25 24 13 4 57 73 40 52 
91 63 8 7 14 79 87 67 60 46 
62 15 34 93 46 41 37 80 91 66 
28 93 35 23 94 76 45 76 83 74 
37 86 46 33 97 46 28 98 96 70 
98 20 81 52 9 62 99 36 98 85 
47 70 26 16 59 65 52 90 6 59 
58 23 68 95 71 66 26 1 21 71 
60 7 45 15 71 40 72 39 42 69 
9 69 20 11 63 20 70 12 16 29 
60 77 99 13 93 44 84 62 11 48 
92 63 62 11 2 93 5 99 75 8 
62 29 31 58 95 77 36 59 2 95 
60 43 84 37 1 51 17 85 50 36 
57 13 23 27 42 71 63 87 16 71 
34 36 21 55 83 27 91 43 74 49 
78 98 65 55 92 40 84 12 48 14 
74 6 39 64 98 10 48 46 73 15 
34 17 99 73 64 53 14 44 57 83 
69 89 91 99 19 74 9 81 94 51 
97 95 80 30 5 47 88 62 19 65 
62 69 59 38 84 2 67 39 47 17 
24 15 31 77 77 33 16 90 83 86 
6 69 86 7 22 34 15 55 86 54 
85 38 34 97 94 4 20 2 83 97 
15 2 33 54 3 34 99 11 58 98 
66 86 16 43 1 97 34 46 56 10 
45 66 92 79 84 40 27 70 52 87 
3 96 95 20 49 40 15 48 44 85 
95 8 35 56 51 45 20 68 32 9 
15 9 24 84 5 62 57 63 92 11 
36 11 45 51 75 9 95 29 97 62 
70 45 15 38 80 19 21 29 16 62 
96 2 79 22 23 69 94 9 24 15 
93 95 90 32 28 79 84 36 5 89 
4 57 39 15 68 65 76 27 5 77 
1 85 57 35 91 41 78 12 92 72 
92 44 10 79 52 24 26 85 50 71 
23 50 45 78 24 64 65 60 1 58 
11 54 30 8 99 22 83 58 30 36 
70 79 45 22 81 75 26 39 75 94 
91 85 84 9 31 98 5 21 94 59 
86 31 61 12 94 52 75 66 54 30 
33 76 72 95 76 57 62 16 90 73 
26 60 13 56 35 91 11 5 64 59 
47 61 36 47 1 32 72 11 32 42 
29 43 80 29 71 18 64 54 68 5 
43 61 40 58 14 83 82 71 64 57 
38 95 72 47 71 52 90 35 43 56 
80 67 95 60 3 73 28 4 7 19 
91 14 17 7 7 45 8 37 43 43 
49 35 49 15 65 20 25 55 93 1 
57 95 27 23 37 50 62 51 62 1 
30 90 55 10 99 26 74 55 54 1 
24 16 52 78 8 7 50 23 9 49 
32 99 52 51 37 16 10 12 10 8 
69 18 24 86 79 7 93 33 49 18 
11 17 36 4 2 62 99 7 56 4 
1 24 37 16 69 12 35 28 69 42 
35 43 46 62 90 68 43 94 68 23 
62 95 43 56 86 72 76 49 42 76 
9 55 78 51 1 62 95 45 98 88 
81 56 84 64 8 17 88 32 64 55 
45 82 41 6 83 30 42 86 90 59 
77 68 87 30 36 31 67 52 74 28 
56 11 92 60 78 89 65 87 61 28 
64 62 72 82 51 90 74 12 7 15 
31 79 52 36 53 1 99 77 33 50 
85 76 14 73 18 53 31 70 5 39 
43 21 13 96 38 55 89 62 21 91 
77 16 20 31 8 24 56 89 12 87 
54 46 61 61 6 98 11 14 3 20 
47 83 92 49 42 17 47 45 63 53 
37 2 79 55 28 76 99 26 48 90 
75 11 4 93 81 98 38 17 87 81 