50 16
35 9 3 85 77 28 21 37 40 7 56 92 48 20 82 51 77 61 77 71 8 32 40 21 99 24 44 53 17 53 16 72 46 56 25 54 83 76 72 21 24 92 1 59 8 14 19 95 63 12 
41 48 14 85 82 29 68 60 81 20 91 1 96 64 43 75 74 72 19 15 93 96 48 52 26 51 29 82 1 3 60 65 16 5 95 55 80 34 87 76 80 19 37 59 53 5 19 69 10 30 
74 83 86 83 27 10 44 53 90 66 95 79 41 22 30 85 99 19 92 80 84 60 4 36 8 31 64 42 8 62 41 36 83 30 24 32 21 1 71 72 80 59 6 9 22 81 49 65 69 76 
58 59 39 18 66 5 91 62 37 96 99 26 56 84 92 66 19 80 9 31 26 44 64 22 68 48 83 32 72 53 7 15 43 24 30 54 39 81 92 69 63 2 23 84 71 18 31 86 71 89 
28 43 55 1 33 42 31 95 33 27 4 27 41 38 49 22 7 36 36 72 16 32 91 58 78 21 97 88 21 47 40 77 46 58 14 49 59 55 8 94 75 35 35 61 22 38 7 72 14 12 
27 47 80 88 81 1 2 21 6 71 66 36 98 24 44 38 88 59 97 95 77 11 79 53 44 69 34 12 2 21 10 49 6 97 68 74 48 50 43 42 97 20 82 8 33 71 60 78 28 27 
70 10 20 27 30 29 29 59 65 71 63 21 59 65 35 9 94 3 44 54 12 26 73 34 44 32 38 36 70 50 18 46 60 44 56 41 6 88 50 33 94 25 3 95 49 39 38 69 51 75 
55 4 22 33 91 78 28 72 94 29 25 6 65 5 24 98 70 58 37 37 63 86 71 50 7 90 55 93 26 8 19 35 75 23 87 86 21 98 64 2 52 77 98 80 18 39 31 75 74 8 
88 39 76 95 82 74 9 68 36 78 90 49 48 63 11 57 91 88 48 54 21 16 6 27 47 81 12 66 24 19 32 86 60 90 3 86 50 28 37 70 86 7 92 2 20 80 96 1 78 71 
72 2 11 61 62 53 72 9 61 67 37 97 78 54 60 51 2 73 68 15 37 51 64 24 80 63 5 86 14 85 77 31 41 54 57 30 66 94 91 67 54 98 37 4 83 3 45 37 91 47 
15 44 92 85 93 57 82 22 76 88 67 38 40 30 89 40 30 83 22 66 61 88 11 84 74 70 95 44 67 24 99 7 13 5 38 64 86 3 37 9 16 59 89 62 27 72 71 23 29 92 
7 21 41 91 74 42 60 74 42 92 56 83 61 64 46 16 51 55 80 82 66 73 72 29 56 13 6 95 23 28 58 22 86 47 54 50 3 33 88 3 93 85 12 96 48 36 95 38 37 5 
28 20 31 60 25 50 16 61 21 96 86 30 80 32 71 71 18 44 40 20 98 86 69 31 31 26 97 40 73 12 82 70 68 59 39 12 91 89 13 72 55 8 37 96 7 76 16 97 73 21 
22 38 40 11 68 82 5 77 52 12 21 8 73 5 14 15 79 71 28 22 78 16 92 36 10 17 41 8 30 80 80 62 34 2 54 62 80 29 38 52 53 67 54 76 15 87 58 1 96 43 
86 27 59 41 84 81 1 91 16 10 85 32 74 10 90 41 13 75 98 47 33 73 70 77 92 92 30 14 74 85 63 78 55 23 82 77 60 4 74 30 51 79 12 55 6 9 35 23 62 27 
46 77 68 6 40 85 57 57 11 1 11 68 57 80 78 28 47 54 7 51 19 67 7 11 84 99 39 59 58 66 31 45 66 59 92 87 38 13 87 87 38 25 34 35 84 97 96 82 16 47 