50 221
27 39 68 44 81 81 76 24 41 45 73 98 6 97 50 65 21 84 14 77 42 3 23 51 44 46 12 99 7 54 9 8 85 32 64 14 84 43 7 60 72 31 64 88 6 88 88 80 13 99 
74 68 97 48 29 74 35 92 53 86 30 67 51 39 58 77 36 21 52 70 97 33 24 70 52 17 56 54 95 9 20 49 45 74 77 82 89 38 84 25 74 17 48 6 84 17 22 25 32 78 
41 49 54 58 14 39 89 23 30 60 83 17 52 15 60 65 82 80 77 42 83 78 35 80 76 61 16 53 89 52 83 95 56 12 45 97 23 40 99 43 19 61 44 52 10 70 61 74 8 76 
98 93 63 11 12 69 19 12 22 68 77 4 46 84 39 83 70 3 83 38 38 37 86 43 15 15 57 95 58 9 63 25 81 87 59 27 82 9 33 6 98 45 51 22 31 34 9 23 5 6 
56 86 62 35 36 93 61 55 43 49 89 48 91 77 88 29 74 44 39 77 86 94 66 6 30 48 12 97 32 83 73 8 8 92 72 7 84 22 25 56 87 1 58 11 52 56 14 88 30 42 
88 56 39 41 32 86 48 23 79 78 73 75 67 62 1 27 48 28 14 18 83 42 22 27 65 26 56 31 18 60 26 56 63 51 83 82 83 82 10 73 90 69 55 41 36 87 75 1 69 62 
14 36 22 91 76 42 51 8 79 7 39 55 18 59 28 57 22 11 53 59 12 1 27 16 51 10 40 72 19 8 31 64 18 90 17 88 36 16 43 14 67 37 29 57 1 25 44 97 8 36 
14 60 69 95 44 64 85 72 58 53 82 7 38 82 73 29 20 31 10 99 44 55 52 87 66 57 51 66 8 99 64 25 8 62 34 74 90 23 66 94 69 66 54 80 29 64 13 63 63 95 
73 40 22 48 10 2 4 46 21 51 59 69 90 53 56 53 34 29 41 94 50 5 36 33 89 52 19 57 48 39 75 39 77 52 18 7 27 23 36 73 92 26 98 21 15 76 38 99 22 90 
58 56 34 44 22 55 6 69 87 98 25 56 22 76 20 98 45 45 26 30 25 3 58 64 16 54 11 31 6 30 91 83 13 26 19 42 76 7 77 17 33 45 63 84 37 65 2 38 21 37 
38 86 34 3 16 36 85 59 67 3 10 47 37 83 44 42 99 48 55 25 37 15 58 43 33 49 48 68 75 36 67 12 68 4 53 36 95 98 30 14 20 80 59 80 77 3 4 74 2 55 
94 31 68 32 27 44 21 98 94 87 60 99 42 66 50 67 8 81 43 72 37 59 24 17 8 73 37 30 53 86 22 2 92 46 11 15 39 12 80 48 15 95 72 92 31 47 10 41 44 14 
10 20 68 42 72 55 28 60 37 65 23 28 47 15 46 42 78 34 39 28 52 90 5 32 56 12 19 82 45 43 93 99 45 4 90 44 91 54 49 25 99 8 60 72 54 90 5 24 86 37 
12 27 25 7 71 42 9 18 51 5 90 74 35 39 56 11 72 44 47 39 55 46 15 50 28 27 82 60 38 73 16 37 88 39 57 37 22 29 41 42 57 86 58 5 23 60 14 96 96 63 
92 17 73 28 75 9 70 33 55 37 88 41 11 30 66 46 22 48 16 6 38 3 27 2 87 15 32 1 10 98 27 40 39 67 50 56 66 45 98 26 28 35 95 59 20 12 64 95 83 14 
59 13 50 31 49 4 67 79 36 17 19 87 17 5 20 53 3 25 49 67 59 46 50 84 20 11 13 15 50 73 91 20 27 39 4 9 37 81 72 47 25 80 3 95 67 74 58 41 58 17 
77 88 50 91 80 72 13 15 40 40 9 54 21 53 80 16 96 88 61 94 21 5 99 17 4 49 73 45 4 30 16 15 50 28 34 93 52 19 28 2 37 48 37 34 14 20 6 35 25 84 
21 24 17 98 23 31 77 32 50 96 7 45 17 15 85 31 36 46 67 44 75 91 13 45 75 48 67 51 93 77 78 44 33 38 57 10 43 11 39 83 94 24 83 30 98 75 79 37 28 29 
94 68 88 69 58 8 82 86 11 58 23 38 15 33 58 17 59 75 86 70 74 45 39 19 8 45 46 74 86 57 47 10 80 11 73 47 74 93 77 57 34 9 81 68 40 74 76 29 55 50 
34 3 7 74 4 87 7 3 83 84 35 93 35 60 43 42 61 94 92 35 27 51 21 36 95 96 40 41 51 71 58 7 7 37 3 31 89 94 32 77 55 9 41 62 36 20 56 73 36 3 
26 29 39 12 13 11 74 86 1 45 4 96 89 26 27 96 24 15 12 37 4 34 81 96 63 49 76 42 13 8 53 9 47 45 36 15 57 49 37 83 60 21 57 12 39 39 58 7 84 52 
60 84 71 38 83 58 92 56 40 38 23 62 77 44 24 80 49 88 15 64 76 63 91 40 93 71 97 19 65 97 53 69 50 64 97 22 39 80 40 96 34 89 8 75 55 84 63 93 54 62 
41 86 48 19 92 50 69 57 12 53 45 81 95 47 86 74 45 71 79 6 39 61 76 16 53 11 89 89 18 29 75 6 34 8 93 26 15 52 87 50 2 37 52 38 84 5 96 67 66 15 
61 85 71 53 57 26 25 26 10 92 31 94 99 48 62 28 18 71 55 78 35 63 77 95 93 31 65 5 23 10 66 11 75 68 49 53 38 42 25 21 22 24 77 72 70 66 92 52 20 48 
22 15 4 97 70 6 47 59 96 30 60 75 59 10 27 72 14 20 51 44 10 57 51 48 84 58 67 16 79 98 54 5 83 13 59 44 83 45 34 40 20 13 98 3 2 27 73 26 21 22 
55 70 68 7 56 67 32 93 29 32 30 87 51 7 27 21 53 47 52 54 91 90 22 16 77 92 69 58 28 25 69 35 8 94 62 62 51 82 68 20 79 19 60 51 87 30 89 83 47 58 
57 47 46 66 87 39 45 72 34 3 88 79 94 42 19 92 53 49 75 40 18 58 89 2 63 40 36 9 38 5 79 77 35 69 51 74 98 7 58 51 41 64 60 74 66 61 82 25 19 88 
67 16 27 13 83 88 35 67 56 4 36 49 82 13 47 88 84 73 85 87 53 35 74 61 53 43 78 86 58 16 71 80 90 16 11 5 15 89 25 89 41 36 16 66 38 47 69 83 47 72 
60 21 57 99 36 81 35 14 68 68 14 44 34 21 50 13 82 10 37 16 94 47 55 9 26 99 52 44 42 46 8 33 47 86 87 11 52 6 66 25 72 42 7 29 25 14 75 31 70 84 
72 35 71 49 75 51 46 69 96 70 51 68 82 58 69 55 44 90 67 3 47 5 64 21 25 41 62 28 66 21 83 95 80 59 74 15 54 60 92 1 14 41 97 38 33 88 29 3 35 11 
48 56 1 90 86 44 74 10 47 9 63 10 70 63 62 52 85 89 48 54 35 95 90 4 19 25 94 41 77 63 15 64 41 17 99 82 18 59 98 15 33 56 60 44 9 92 71 49 76 70 
94 21 96 58 23 96 28 5 15 92 48 37 98 76 61 17 60 81 22 11 25 1 75 85 1 59 78 92 63 85 95 52 29 82 93 39 44 11 16 13 15 39 20 79 86 11 5 79 57 27 
49 49 8 66 31 34 56 26 86 81 5 31 90 47 52 68 61 30 42 58 43 35 27 96 27 23 18 86 84 67 29 90 1 63 71 75 67 20 35 77 30 32 16 51 37 51 75 45 99 82 
61 51 21 59 3 12 15 4 31 49 32 98 6 9 50 36 45 21 95 8 2 18 77 99 39 86 84 38 10 20 51 88 14 71 6 97 9 14 11 55 31 35 92 59 21 61 26 67 96 78 
39 50 80 14 88 10 95 15 37 76 99 91 96 84 96 81 54 28 83 29 70 72 18 6 37 36 98 35 66 89 30 9 65 31 18 71 61 39 65 50 85 40 44 31 17 72 13 43 17 82 
9 20 70 59 57 70 29 24 90 72 50 48 33 55 32 85 11 59 28 26 67 61 87 69 83 95 25 10 7 26 23 49 89 78 59 87 58 52 45 67 19 49 13 56 25 42 6 34 53 81 
54 67 33 5 19 74 79 5 35 58 48 91 17 1 67 81 3 14 27 5 58 69 99 34 5 4 41 45 37 89 91 58 21 96 76 21 11 26 5 34 67 52 63 3 9 82 14 23 42 57 
48 93 52 28 22 36 14 72 35 78 60 41 67 72 26 91 56 17 75 81 10 59 95 75 2 58 12 92 46 23 57 78 53 74 26 54 77 89 51 81 43 91 43 88 72 38 21 33 64 71 
53 40 44 90 9 69 6 31 45 61 10 97 67 81 73 6 39 82 44 72 36 96 77 85 10 75 37 90 18 30 89 7 88 95 39 2 67 42 75 59 64 57 71 41 81 95 24 62 54 1 
23 93 66 66 14 8 11 80 56 38 40 47 2 31 78 61 93 12 82 60 51 74 68 43 9 49 57 58 76 51 94 28 44 70 17 44 26 48 7 65 78 37 3 66 91 59 9 67 22 67 
70 17 42 84 23 79 38 62 60 46 29 78 29 28 41 88 71 44 59 16 30 3 53 48 71 73 18 86 80 7 97 20 85 58 75 55 71 43 28 27 91 68 73 33 10 59 45 45 6 99 
61 31 25 23 67 49 97 51 23 82 71 46 15 65 73 2 9 87 77 15 46 31 96 10 56 47 71 80 2 20 18 86 6 15 43 71 69 30 51 9 94 4 51 97 15 57 86 12 99 96 
51 83 71 16 92 56 77 48 88 83 2 86 44 53 32 55 72 77 2 79 50 51 70 45 39 78 85 28 43 67 1 6 85 49 18 18 59 97 94 88 94 13 9 35 19 82 72 17 28 33 
58 59 44 82 23 93 51 90 87 34 47 18 10 6 11 97 24 11 64 61 76 71 37 79 58 83 86 76 27 28 89 30 95 67 11 30 27 65 87 89 56 83 97 82 27 70 98 77 58 15 
63 37 33 3 27 91 22 75 29 96 99 46 15 50 39 47 87 21 22 23 2 46 82 86 59 92 22 5 60 11 60 21 90 28 99 64 97 29 28 61 38 75 78 86 92 29 80 72 20 27 
23 88 51 90 4 70 37 59 5 68 65 60 18 32 26 90 94 36 41 94 21 74 4 93 93 51 79 64 34 89 35 89 3 41 45 91 91 28 96 88 84 45 37 24 88 91 22 16 28 4 
88 29 76 73 76 38 49 59 15 43 74 30 13 30 34 43 74 94 79 6 81 64 1 24 43 74 65 19 20 9 79 71 15 22 11 59 66 71 17 17 69 76 89 51 90 12 96 24 42 76 
56 52 22 85 38 75 57 74 87 69 69 83 36 19 43 83 13 64 22 30 2 4 47 34 13 51 88 48 95 63 98 51 4 86 82 91 43 66 58 2 45 67 77 5 11 45 81 45 48 95 
9 83 6 48 14 8 75 12 78 67 59 59 67 22 86 9 44 8 82 21 54 98 86 1 95 57 83 35 45 20 79 96 89 54 38 72 15 63 72 87 17 78 62 12 67 2 92 45 35 96 
89 75 26 71 24 24 13 74 7 6 33 27 99 69 57 9 96 27 4 77 94 77 95 24 98 97 21 11 28 75 7 43 2 6 69 83 33 90 10 43 65 85 73 55 4 12 13 31 50 13 
65 46 64 23 35 2 80 65 42 75 27 97 56 17 42 64 64 13 9 12 36 98 80 64 79 81 7 22 70 2 18 40 16 53 76 96 63 15 8 11 5 73 57 56 52 46 25 2 96 53 
29 64 13 98 79 18 18 4 43 14 1 70 77 52 13 56 72 75 72 20 22 66 44 11 74 22 91 71 95 18 81 35 79 8 81 25 12 35 59 71 98 85 14 78 8 20 57 23 33 44 
70 77 70 46 74 92 84 28 36 26 35 23 32 43 55 28 64 23 51 56 74 76 62 32 48 25 19 46 17 50 17 5 11 1 95 51 14 20 17 37 66 26 13 41 21 10 23 4 40 82 
37 18 76 5 53 10 81 25 31 31 48 14 48 62 53 22 23 16 33 43 70 82 60 99 73 91 92 6 97 20 27 55 50 84 24 43 92 52 38 20 70 19 80 83 66 78 71 63 96 62 
23 91 22 90 67 20 77 74 75 76 86 68 4 58 72 40 83 71 80 45 86 95 91 31 10 64 66 19 3 41 35 98 14 65 13 25 61 9 48 97 40 97 31 18 27 53 59 78 85 93 
81 36 76 77 40 91 72 9 75 50 36 57 25 1 95 50 63 2 30 42 20 13 64 58 20 4 34 86 71 70 85 94 72 18 68 23 8 5 31 56 30 5 1 29 80 26 90 55 84 79 
3 67 44 19 97 68 79 79 60 1 55 60 68 88 54 50 42 58 30 76 1 56 84 94 13 44 48 93 39 68 50 13 65 38 14 98 39 33 36 74 18 39 76 76 75 49 19 85 74 58 
22 63 34 20 38 3 90 38 1 62 62 44 65 40 99 58 95 19 75 37 21 40 13 44 2 83 64 97 59 17 7 98 57 39 80 24 32 6 25 28 32 78 23 11 53 40 52 21 69 24 
80 33 63 50 28 93 5 65 57 44 88 59 58 81 48 27 49 14 20 95 6 45 97 82 16 18 58 33 84 55 3 3 58 68 76 98 19 6 13 12 37 93 48 92 64 24 47 61 10 67 
10 28 24 41 26 25 79 48 59 48 29 75 82 32 26 95 14 23 67 61 11 14 14 1 94 74 49 97 97 25 54 87 68 70 25 15 7 35 17 23 81 61 61 17 61 67 52 10 21 46 
12 85 46 45 45 49 39 88 23 74 57 73 80 44 82 27 52 76 82 73 55 74 80 32 20 96 6 31 79 93 82 7 98 94 43 70 96 29 36 12 99 25 31 86 1 25 31 39 5 31 
33 94 33 94 34 32 11 28 56 9 85 43 96 30 43 54 46 69 85 15 76 2 46 11 29 42 66 50 3 75 83 89 22 9 44 63 84 60 54 8 75 25 77 14 80 72 64 12 68 50 
18 74 2 36 78 38 70 82 32 51 89 66 68 16 96 51 32 60 54 67 5 84 92 7 48 93 54 95 73 16 61 80 96 38 89 26 16 46 97 97 28 85 42 25 36 92 27 66 33 80 
47 94 75 53 66 5 17 40 91 49 16 68 12 49 26 84 10 58 75 17 17 15 40 2 88 45 80 20 59 24 73 20 56 99 59 84 75 74 9 35 65 34 56 53 98 70 73 67 25 83 
55 9 78 45 15 81 19 33 58 9 76 77 71 88 23 72 20 47 13 81 79 69 32 47 56 41 98 95 98 44 48 70 64 99 58 98 67 41 74 72 52 77 38 24 4 17 36 21 97 55 
67 73 43 75 30 4 64 96 57 23 70 11 13 12 58 65 21 66 8 65 58 62 27 93 35 97 61 12 60 45 38 79 15 67 22 86 69 25 49 18 15 8 25 81 24 23 19 69 20 8 
36 38 66 7 15 55 51 4 13 80 10 69 56 1 48 66 46 79 88 7 16 84 25 21 54 7 53 34 15 44 42 9 45 21 80 56 38 47 9 82 33 86 26 19 66 45 27 9 1 81 
62 61 32 52 83 96 25 88 5 46 83 70 57 69 22 24 87 19 94 32 49 64 94 47 96 15 49 94 88 7 36 12 60 44 8 77 86 37 57 63 96 83 71 22 35 17 53 7 7 21 
40 21 20 35 62 72 25 9 27 22 78 61 22 80 50 93 51 81 27 41 64 91 52 39 43 51 25 39 25 50 3 23 48 62 2 14 79 7 29 38 19 80 9 66 50 57 57 70 10 47 
25 62 49 94 61 37 75 5 28 97 34 28 4 55 34 71 68 14 29 13 52 90 71 7 13 86 48 19 45 95 63 22 82 48 77 79 45 64 29 12 3 73 26 67 29 53 58 32 41 13 
30 96 73 3 4 48 60 10 39 36 83 43 88 99 54 13 54 39 10 51 19 68 68 23 28 96 7 42 83 91 4 98 69 95 11 61 76 93 4 22 5 95 4 94 55 41 19 24 49 13 
28 53 21 75 98 33 74 21 38 1 97 18 79 20 32 44 68 89 2 49 97 61 71 99 46 19 73 99 80 62 64 33 96 23 25 88 7 28 31 14 43 34 11 6 18 86 23 91 7 77 
28 56 33 1 75 61 18 40 14 20 63 52 14 19 39 49 90 92 18 46 48 82 74 96 30 90 36 77 84 99 43 98 62 90 26 77 15 77 88 40 13 50 4 61 29 45 49 58 58 14 
98 65 62 45 94 70 91 29 66 82 7 48 23 39 20 48 40 63 14 80 76 26 49 56 62 68 5 12 7 37 3 46 92 24 44 89 39 66 5 15 44 96 86 44 71 49 63 51 3 47 
33 38 37 99 96 78 68 61 66 82 37 96 81 56 80 87 83 33 83 53 33 82 42 56 16 1 51 52 65 20 27 16 19 77 76 64 84 92 64 87 84 22 30 46 28 60 21 4 26 40 
88 55 12 45 67 94 82 94 86 98 19 91 94 51 91 52 36 51 55 89 69 2 66 6 86 26 2 7 11 30 76 76 45 41 34 30 62 86 35 81 36 71 15 37 94 41 80 53 15 68 
37 86 7 93 63 9 83 87 90 47 81 76 92 23 57 82 33 37 78 89 97 26 39 28 61 51 71 4 78 48 77 94 75 11 94 37 82 6 26 54 79 60 82 66 11 3 38 76 15 91 
74 96 50 17 96 94 20 86 69 15 58 48 31 62 74 79 56 13 3 5 38 20 98 25 70 65 34 98 17 13 72 17 61 16 75 50 25 39 33 34 47 41 32 70 19 10 90 89 41 20 
34 20 31 1 76 97 72 76 38 55 15 6 17 83 96 63 48 1 45 19 22 50 91 44 19 90 79 69 92 58 20 62 23 8 34 7 15 17 43 8 86 43 67 79 25 65 50 50 81 67 
69 34 21 84 25 33 76 90 39 19 21 54 83 48 55 56 91 49 39 59 11 70 17 5 57 35 25 94 75 12 78 9 22 57 96 81 4 57 75 96 50 53 79 82 35 76 91 84 4 69 
1 35 88 78 71 12 70 45 37 2 49 92 66 54 30 3 60 25 86 43 84 47 38 7 34 2 16 61 79 80 89 58 22 2 21 19 97 8 63 81 51 45 38 29 23 38 61 73 57 56 
3 41 83 27 93 37 84 64 36 12 56 39 24 55 71 3 62 6 64 19 30 19 79 98 20 26 94 33 59 48 69 49 31 21 22 34 61 91 67 61 79 90 95 68 59 74 39 72 44 2 
2 16 9 66 74 49 45 25 87 93 95 41 92 41 19 15 44 25 50 76 78 97 70 94 33 76 11 94 84 72 43 34 98 80 35 73 32 61 18 24 82 27 3 21 29 78 75 24 15 24 
17 50 40 67 19 63 56 58 2 2 70 38 66 34 41 28 78 30 95 95 21 72 75 48 22 90 76 67 46 29 29 23 1 73 34 50 48 89 80 3 98 84 61 26 41 86 95 45 82 78 
60 24 7 12 31 16 75 98 96 4 79 92 42 93 86 63 48 15 32 81 75 4 95 6 94 33 54 82 33 69 77 93 13 46 6 78 84 92 30 37 34 18 77 9 37 54 57 78 79 86 
8 24 79 66 56 41 82 95 15 61 56 30 17 48 62 11 53 4 76 32 29 11 75 27 33 31 97 76 56 84 95 99 30 46 45 5 99 29 32 26 57 82 9 38 7 96 34 9 79 31 
51 46 31 55 93 17 94 34 32 15 47 37 10 26 94 71 44 35 45 35 96 22 32 77 4 79 88 88 3 82 3 52 42 39 63 31 29 48 90 14 31 34 74 6 71 81 28 41 29 51 
76 68 54 28 48 76 80 57 3 88 33 67 86 10 19 97 12 96 79 57 31 90 16 81 77 29 54 54 67 20 64 68 40 70 22 6 78 21 32 97 38 99 51 36 97 2 40 86 67 57 
82 61 8 52 41 53 13 95 86 10 60 41 91 41 95 93 95 93 4 24 89 9 13 41 49 10 7 68 65 85 61 38 57 38 13 54 95 55 57 39 95 97 60 59 16 79 53 22 46 67 
24 28 82 42 30 37 64 48 59 1 23 31 18 22 77 9 37 77 62 41 70 46 58 87 45 15 73 7 95 2 45 51 21 66 77 26 8 39 60 20 92 12 81 45 85 74 73 63 91 34 
4 32 57 28 19 32 75 83 13 19 61 72 16 17 77 62 51 64 57 74 28 4 46 76 66 55 29 94 75 99 69 21 57 77 21 76 81 71 39 4 84 30 86 16 7 84 97 90 61 77 
62 28 21 43 93 29 40 52 45 12 91 49 19 4 2 94 32 80 41 68 42 32 57 16 58 81 90 22 78 3 77 79 50 64 2 81 76 4 54 64 58 9 19 31 69 66 54 46 71 41 
26 84 73 61 50 99 99 55 82 51 4 84 68 19 58 66 14 78 93 94 54 76 93 85 31 33 72 78 26 68 71 31 55 38 5 31 14 49 14 96 5 29 52 37 56 11 99 90 63 29 
94 92 92 27 58 95 74 35 65 8 96 89 7 71 85 44 92 22 23 84 56 5 31 26 39 98 7 58 80 73 21 82 19 2 28 72 34 78 65 35 81 32 46 50 25 7 23 97 46 59 
48 14 82 2 14 10 36 47 24 76 29 72 75 27 78 14 32 67 6 3 40 44 14 73 5 1 73 68 27 3 94 96 39 16 3 94 80 71 11 59 84 8 51 79 9 33 79 80 66 45 
79 60 40 19 36 29 6 4 29 31 68 6 25 4 41 51 22 37 64 32 92 82 73 16 15 76 99 64 49 5 18 17 54 6 52 92 90 52 31 11 77 41 58 67 88 61 58 19 8 29 
14 27 87 24 34 56 6 51 80 70 44 39 13 7 23 8 48 25 41 99 29 29 48 39 84 79 17 98 25 3 98 89 60 76 9 25 43 2 66 64 68 36 80 66 61 83 31 64 65 80 
42 73 74 85 75 13 84 55 17 73 21 28 23 84 79 40 7 75 4 76 67 13 46 8 80 27 72 84 40 94 8 57 11 73 35 84 82 70 99 17 85 87 95 27 97 45 31 98 27 46 
54 48 10 34 71 44 70 96 42 35 7 1 39 76 71 64 86 92 26 14 73 98 74 62 33 87 55 10 69 49 67 56 87 19 98 49 34 88 51 62 20 83 50 7 59 9 50 19 3 75 
89 89 78 35 89 75 65 76 72 66 60 50 50 3 42 49 37 20 49 46 59 34 62 94 34 45 79 23 17 7 39 65 90 92 2 44 37 21 68 36 16 33 57 83 23 59 58 82 30 58 
56 6 46 3 98 71 26 60 60 30 97 74 38 37 61 57 43 66 21 97 27 95 50 26 89 90 18 54 37 14 5 97 49 92 69 30 20 2 33 21 33 8 64 31 92 3 65 83 66 7 
74 74 95 63 99 22 18 91 52 83 20 22 23 99 83 98 24 3 92 83 32 86 58 33 48 11 64 88 2 65 12 93 63 51 3 74 21 29 26 63 67 73 76 28 82 84 87 68 70 51 
33 99 2 98 39 40 17 59 35 47 44 30 54 93 34 52 67 59 25 62 62 90 29 67 20 24 98 42 46 78 58 88 70 8 54 57 55 86 90 84 23 82 8 93 64 65 54 95 73 31 
47 87 29 98 51 1 39 24 49 24 71 83 16 87 52 19 49 94 84 20 53 51 23 36 10 63 15 35 5 16 89 9 28 67 13 49 34 63 29 32 69 5 94 58 56 41 57 38 44 66 
16 84 76 60 3 60 51 94 37 36 62 68 38 23 2 76 64 94 43 27 57 84 90 80 97 1 45 64 85 30 49 32 97 62 82 21 75 14 70 28 22 3 66 87 47 11 15 77 96 25 
41 52 75 15 98 12 65 87 23 20 28 5 13 88 84 1 51 40 93 54 89 96 82 79 15 81 60 6 55 62 36 41 64 25 41 70 45 77 82 97 48 65 99 88 96 65 98 88 64 51 
5 52 57 11 83 78 55 34 17 76 54 60 45 14 54 65 80 57 98 51 93 34 80 74 34 63 64 70 40 91 65 70 54 79 47 45 62 14 76 26 75 1 46 5 3 18 86 5 42 68 
67 65 37 70 96 50 10 78 17 79 89 39 49 24 70 92 81 18 73 57 11 30 57 33 62 16 27 31 10 76 36 49 82 17 18 55 57 46 32 68 8 96 7 33 53 92 87 58 64 73 
7 5 86 87 23 4 70 65 37 42 6 6 85 76 41 33 67 88 36 34 79 8 78 61 58 55 6 20 77 48 73 68 31 31 99 94 68 48 16 16 61 53 19 38 34 80 35 57 90 72 
9 32 92 68 13 55 17 21 12 8 11 36 66 14 30 41 75 42 83 72 81 7 85 92 86 58 72 31 38 54 64 66 77 39 26 84 54 10 32 75 91 65 92 73 85 6 32 50 48 41 
66 44 64 7 15 81 41 55 67 49 53 8 94 75 35 35 41 67 19 62 81 34 24 35 18 87 49 15 14 6 66 39 94 77 60 9 61 60 24 83 16 20 35 78 9 89 61 88 12 75 
42 52 98 85 85 20 44 35 51 33 95 91 18 36 2 1 6 8 66 81 97 26 26 90 35 10 51 60 47 57 35 20 36 25 55 90 40 30 69 46 25 80 29 84 76 76 89 48 47 42 
93 97 99 84 97 87 2 76 71 86 90 33 56 29 24 71 58 22 44 60 71 93 19 10 58 20 83 82 1 31 82 84 97 45 14 81 8 5 33 98 25 91 82 86 74 71 86 41 40 89 
3 15 90 88 21 63 88 24 87 55 48 7 53 65 12 87 91 70 40 56 18 37 78 77 96 57 91 4 75 78 80 79 57 50 67 84 42 92 38 53 60 13 72 16 39 53 37 82 84 59 
41 84 70 73 18 23 46 77 7 34 57 90 33 9 80 59 52 68 72 36 31 40 19 44 89 81 21 78 93 19 86 42 53 22 22 62 22 23 4 51 80 91 82 29 21 31 42 16 68 12 
51 4 36 6 7 29 99 22 62 76 9 44 27 51 32 18 52 23 30 16 90 95 62 68 95 71 58 61 39 42 55 5 16 30 27 63 54 32 85 23 5 38 24 44 61 93 55 16 71 19 
65 40 86 53 88 66 31 31 23 94 62 64 60 46 94 75 82 42 29 34 99 59 98 60 69 12 13 52 45 3 2 59 22 78 94 38 22 38 56 2 29 49 49 26 43 23 86 72 72 42 
43 34 12 96 64 22 71 38 42 71 64 67 24 28 98 32 31 1 76 43 20 89 96 72 70 57 28 72 54 1 78 49 24 78 94 80 81 21 42 65 91 31 2 49 35 31 75 61 63 2 
92 47 5 14 42 22 27 18 49 39 36 96 21 98 10 74 63 87 22 48 33 94 67 98 29 14 46 84 72 23 32 94 41 66 83 86 84 52 74 46 56 96 85 57 25 5 53 76 6 9 
34 73 95 63 13 25 75 85 83 37 51 69 45 59 70 37 95 3 86 89 30 6 35 45 46 16 7 51 72 81 42 4 73 58 54 38 57 75 41 9 92 75 62 12 46 84 9 5 62 63 
76 48 20 72 45 83 17 49 89 89 99 55 28 81 86 84 84 72 64 52 41 61 12 22 1 97 71 90 4 33 86 70 26 28 77 46 54 86 23 86 29 67 96 26 82 73 1 53 88 82 
32 11 72 84 95 25 16 18 33 97 11 40 74 76 35 90 17 14 48 69 73 85 59 53 83 89 73 65 3 84 1 56 76 53 23 93 69 42 57 2 39 31 89 9 67 20 90 71 71 11 
74 56 99 89 67 47 96 86 42 63 70 28 45 68 94 92 88 9 16 44 53 1 36 11 61 52 46 43 85 67 47 98 72 87 16 63 37 86 86 7 74 57 4 50 42 53 77 76 8 49 
28 32 46 38 1 19 26 50 44 22 8 96 57 26 24 57 61 8 89 93 54 56 75 15 66 40 66 27 51 28 33 24 76 92 2 28 10 93 34 68 18 48 78 30 75 22 6 38 74 43 
67 33 11 37 55 36 68 63 17 12 3 44 80 36 42 73 77 28 24 44 5 21 31 34 34 25 50 10 51 38 25 65 58 55 22 32 46 44 86 21 58 65 18 66 95 3 67 68 19 59 
49 19 54 60 4 14 17 36 4 33 78 2 40 51 65 44 21 89 99 92 63 65 78 82 80 48 89 64 47 75 74 28 37 84 27 21 72 83 88 94 95 23 94 52 40 31 78 80 20 39 
11 5 7 89 14 80 27 76 95 85 11 91 84 8 12 10 96 67 80 34 45 21 28 44 80 79 23 47 59 68 81 61 38 38 32 24 65 15 55 85 82 76 74 23 48 29 38 86 35 2 
74 28 5 90 46 67 91 87 41 7 55 53 96 40 53 27 38 93 55 42 26 66 16 82 58 1 41 5 1 89 80 39 7 76 21 45 85 62 9 5 50 21 24 96 14 85 27 32 80 1 
93 71 64 24 78 24 48 14 28 41 46 78 29 83 9 60 39 99 54 35 36 87 47 39 73 74 56 79 75 85 52 13 3 19 60 54 37 13 33 74 81 83 76 17 81 3 20 43 98 87 
79 78 88 75 90 64 93 41 35 14 10 96 85 90 85 41 83 36 39 79 42 67 18 26 11 45 82 85 25 18 50 27 10 65 73 12 36 30 12 68 13 90 28 61 32 67 74 6 89 26 
2 45 21 36 48 48 96 35 29 9 68 92 20 26 41 14 76 2 55 70 35 52 66 46 94 99 40 72 35 15 8 98 77 55 73 22 69 21 33 20 82 77 44 35 93 26 37 18 68 27 
36 24 83 73 98 88 26 74 68 71 39 55 49 62 45 35 5 50 84 64 53 70 5 57 63 75 96 31 92 57 96 81 63 74 26 68 37 82 60 89 41 74 64 33 42 30 38 95 20 69 
77 36 23 83 97 53 42 6 69 91 91 77 52 96 37 57 87 4 91 43 35 31 54 32 43 13 18 30 87 68 80 19 44 63 57 82 22 68 10 93 31 27 9 91 26 23 93 49 20 95 
66 79 95 74 24 45 93 92 24 63 24 46 76 57 15 78 21 89 58 77 20 27 31 62 17 51 38 81 81 39 27 14 99 25 47 95 55 64 87 69 4 70 33 76 89 65 11 94 58 30 
63 24 49 99 71 97 71 97 50 87 28 57 28 54 61 65 16 61 43 24 6 5 27 11 20 67 37 80 85 22 50 94 26 44 45 12 18 26 42 89 32 14 90 94 93 87 58 99 11 85 
61 11 14 1 50 50 83 12 66 6 42 80 1 46 58 77 74 77 92 5 49 58 76 4 27 61 53 11 67 90 72 72 39 69 41 49 46 33 74 95 32 97 34 62 35 55 47 53 84 45 
22 55 6 51 51 11 93 43 67 63 99 87 85 43 48 27 70 20 30 23 7 27 35 82 19 93 73 81 42 88 47 63 33 16 54 21 91 35 65 85 60 56 14 61 23 91 59 7 38 29 
92 44 15 93 9 91 9 44 79 30 27 2 61 92 24 84 23 98 13 53 20 87 40 26 83 37 18 45 44 42 94 15 91 93 46 38 86 22 73 60 98 27 73 70 88 33 76 97 97 97 
79 45 22 54 72 54 26 58 23 64 67 39 11 97 36 83 44 75 36 28 78 63 27 62 16 1 10 32 63 4 54 17 5 9 39 53 58 10 71 58 82 40 87 21 89 89 12 85 28 61 
39 76 28 14 92 98 18 80 60 80 77 36 8 41 16 19 37 30 64 16 71 89 60 85 12 66 86 22 71 62 4 18 41 75 91 33 14 10 41 1 48 9 37 86 21 72 26 16 33 85 
74 36 3 51 8 89 96 98 23 50 37 6 6 2 21 44 99 31 72 29 47 94 16 55 62 69 17 34 41 28 5 26 96 73 22 2 8 75 23 10 13 89 33 49 66 56 93 33 65 43 
26 58 38 96 17 34 53 72 7 48 40 39 29 94 80 6 85 89 86 75 44 5 36 48 55 75 47 25 46 66 47 21 64 1 18 19 50 59 62 84 35 17 61 48 69 47 63 18 48 89 
74 27 24 79 66 50 14 30 32 18 30 38 51 65 36 88 70 18 88 72 70 37 77 96 99 51 60 14 99 96 57 16 40 4 53 44 54 86 30 42 10 17 54 76 24 16 22 57 86 90 
56 25 30 3 69 56 96 98 67 20 14 96 95 37 8 5 24 51 98 32 10 47 55 93 84 8 47 54 97 85 73 56 68 78 8 64 30 81 98 67 53 15 17 90 81 29 62 27 24 48 
1 35 30 19 17 41 23 65 40 11 68 16 55 84 22 29 11 4 85 21 44 99 91 76 29 2 1 9 86 36 51 93 9 22 80 37 91 70 42 36 31 6 53 50 99 64 24 57 32 32 
48 26 58 60 40 53 22 40 43 34 20 84 36 19 56 41 12 9 73 64 34 64 73 61 95 27 8 38 23 58 31 49 26 28 24 95 50 86 32 37 64 47 11 72 68 82 48 3 59 7 
47 57 87 97 73 15 14 39 24 7 25 37 24 60 33 72 81 12 91 76 54 91 73 29 20 19 67 87 86 7 65 53 94 86 36 64 94 47 43 87 2 42 19 10 16 32 58 82 23 58 
15 40 51 52 36 45 4 8 39 1 32 49 14 60 14 79 50 27 12 28 23 77 85 55 50 17 64 47 5 18 42 11 31 38 38 65 26 22 88 57 36 85 62 73 3 40 72 17 57 7 
97 47 68 85 57 66 91 72 13 95 88 89 15 30 90 55 78 96 64 78 29 80 33 44 49 36 87 78 25 17 7 36 13 84 36 6 67 7 4 90 2 59 67 34 76 20 66 17 34 11 
59 6 45 98 61 75 44 70 93 90 7 42 64 57 63 88 48 34 59 3 15 40 94 32 54 19 55 11 68 17 25 80 78 85 39 62 30 34 42 29 32 91 44 50 29 83 12 91 79 67 
47 4 63 15 32 3 53 65 1 56 88 45 1 51 19 37 84 84 82 26 55 27 56 44 47 29 98 51 39 85 30 60 83 8 76 90 61 26 38 25 61 23 65 14 27 97 3 49 40 58 
9 34 37 36 15 95 27 70 86 13 18 88 72 77 44 20 36 20 21 43 1 48 37 7 13 84 48 92 96 16 13 76 92 77 58 93 97 44 21 3 68 41 17 21 5 51 51 36 37 92 
32 28 98 10 39 64 77 75 32 2 3 42 35 60 51 87 86 49 43 36 94 36 26 53 1 44 79 87 66 56 59 95 62 87 16 85 33 92 86 82 7 92 23 50 47 84 34 32 62 39 
83 55 28 44 86 22 35 52 61 32 52 24 18 20 55 93 93 61 17 78 6 39 16 38 20 58 52 82 4 48 83 44 90 39 5 77 17 70 7 37 80 34 15 23 47 73 38 17 61 96 
76 41 40 66 60 59 41 42 69 49 82 88 75 32 18 10 53 28 28 21 5 76 17 92 38 79 83 51 3 2 59 26 40 45 95 84 97 43 20 58 27 55 75 98 81 45 45 25 56 62 
82 33 16 41 20 25 85 18 88 22 67 44 88 30 5 85 48 22 73 39 76 86 48 13 6 76 23 55 17 72 13 3 90 18 15 49 41 79 60 21 63 44 80 3 54 24 28 75 68 18 
67 87 6 94 12 59 3 73 10 82 47 2 40 24 4 87 70 16 2 89 98 74 31 14 37 36 59 44 45 8 78 61 32 61 91 93 60 24 24 95 52 51 71 24 14 91 45 36 80 61 
7 87 43 20 95 38 63 22 99 9 59 56 26 45 88 46 61 9 66 53 29 54 84 10 29 57 45 30 47 39 93 38 91 7 77 87 99 35 60 81 54 46 80 23 24 96 15 34 80 5 
36 75 28 9 14 2 1 41 68 92 84 90 77 72 31 1 87 62 6 68 26 28 2 58 16 76 19 85 2 81 84 83 60 85 1 22 90 17 73 51 70 55 91 35 78 82 12 96 72 88 
18 51 79 23 33 15 3 67 46 71 12 90 95 41 46 12 98 55 26 71 99 1 52 96 17 69 81 59 46 17 29 60 59 43 13 96 79 93 66 79 94 82 60 65 57 77 36 71 23 19 
68 30 83 4 36 10 47 15 84 64 36 76 31 50 55 70 63 20 95 76 74 77 56 2 73 16 50 97 72 63 7 79 76 97 84 75 13 24 41 5 49 3 17 31 34 74 39 81 64 74 
99 81 96 21 73 10 12 12 47 40 46 38 58 68 32 4 39 44 49 19 58 42 98 26 22 87 18 9 33 24 94 86 43 85 34 70 73 42 43 44 92 37 14 23 4 83 74 41 51 27 
73 25 95 26 88 33 12 73 69 90 9 37 43 47 49 93 99 54 38 37 94 18 20 38 28 83 79 19 11 53 39 61 19 26 50 21 49 1 27 99 44 72 32 1 68 51 7 17 38 60 
6 84 49 4 82 15 29 30 97 97 73 16 91 79 4 28 32 95 32 19 33 22 66 49 7 78 1 50 74 74 26 69 82 13 15 42 55 72 59 17 14 28 67 15 79 6 98 87 99 65 
64 49 70 77 59 20 79 46 39 51 10 72 48 43 7 91 13 28 75 36 89 75 64 73 79 24 97 14 83 11 96 55 73 73 58 83 89 21 93 55 90 31 82 77 82 83 45 74 67 75 
19 38 77 7 39 65 81 87 36 5 15 46 40 54 19 10 66 33 10 10 57 77 27 58 85 85 68 43 96 68 53 91 91 65 48 30 15 57 44 40 52 59 54 69 58 44 89 63 60 18 
47 25 96 85 7 59 33 57 20 5 19 37 29 41 84 70 24 73 23 3 93 44 53 95 75 37 52 25 90 14 94 74 37 70 93 61 64 92 36 24 68 32 47 30 69 15 19 44 57 56 
37 52 86 72 6 6 33 59 66 5 15 46 20 1 86 21 91 30 90 7 31 3 26 82 47 4 65 83 85 42 63 34 86 50 16 49 37 81 90 73 44 93 5 71 66 74 48 65 22 92 
12 21 44 39 74 19 2 35 83 24 96 73 53 99 11 82 97 11 51 37 40 33 18 94 47 80 1 14 7 40 47 28 75 13 92 85 69 77 59 86 20 20 70 35 50 91 8 54 82 40 
36 71 57 19 71 77 23 14 81 16 9 28 61 32 25 12 64 21 75 75 86 18 71 20 45 2 73 6 62 96 28 51 67 92 61 69 9 17 21 36 50 56 82 47 5 43 54 38 89 7 
57 2 34 93 43 28 12 55 69 5 82 34 46 32 75 32 88 92 23 99 14 20 60 34 73 14 14 31 60 12 61 32 3 2 3 47 15 45 79 73 10 25 33 66 91 42 28 71 1 61 
57 55 32 16 66 40 34 95 5 86 26 78 72 92 74 60 55 64 82 56 97 13 29 33 48 2 97 14 72 20 30 6 11 48 40 16 64 81 27 36 69 69 17 9 5 45 49 20 75 76 
70 83 24 32 41 23 1 11 51 86 23 6 19 62 14 27 29 3 98 45 99 73 42 36 40 27 45 70 57 85 90 18 68 9 74 4 23 74 96 64 74 25 70 10 50 6 2 13 50 13 
76 61 49 46 33 33 43 62 96 90 52 81 13 81 87 82 47 62 22 8 94 69 63 74 86 9 33 27 20 32 48 94 34 8 90 79 82 62 96 84 63 58 88 16 24 99 94 49 71 20 
93 80 54 24 26 89 10 82 2 19 9 62 9 59 59 33 67 17 24 31 70 12 11 99 7 84 95 54 53 43 65 47 1 20 11 16 48 22 85 33 56 71 63 4 78 46 80 23 68 28 
21 71 58 81 97 99 88 40 94 61 54 79 39 41 58 81 28 88 36 66 24 26 66 91 70 41 50 98 63 78 32 94 59 20 15 28 27 56 67 63 92 17 35 58 91 9 4 82 49 16 
95 10 3 42 98 5 98 95 16 25 30 28 74 9 18 43 11 97 74 81 93 19 70 62 76 53 33 56 14 66 12 3 80 79 19 81 71 94 67 43 28 61 90 56 18 47 53 25 53 31 
61 3 7 52 28 52 89 91 80 61 54 71 66 98 62 79 21 85 81 47 29 11 64 26 44 91 74 62 67 52 65 91 52 49 11 36 2 16 67 95 13 66 24 96 5 82 56 40 64 71 
55 98 14 6 38 30 46 55 20 7 39 27 60 89 19 16 51 88 7 23 84 31 24 5 83 33 39 66 39 54 7 59 81 44 98 57 10 96 35 93 42 87 5 3 46 89 70 67 25 17 
42 35 51 70 19 55 33 97 2 22 47 11 39 63 58 38 96 62 12 85 40 47 42 66 92 50 18 54 61 67 12 26 27 31 20 2 72 68 29 82 26 98 69 20 56 20 52 37 15 47 
62 55 23 87 15 33 70 74 12 33 90 71 28 85 81 26 5 44 11 31 73 37 29 74 88 12 96 52 75 80 83 18 11 26 79 68 72 26 9 57 98 45 78 83 24 95 65 1 43 67 
44 97 89 78 89 41 26 55 43 43 39 50 47 10 17 50 39 69 8 31 18 96 68 3 88 30 39 25 28 45 80 9 63 82 84 61 31 15 76 51 93 11 60 12 84 18 14 88 78 20 
39 77 29 90 62 98 86 46 72 78 59 53 31 10 13 1 32 99 45 39 16 83 36 28 90 74 12 28 81 78 67 72 7 78 71 50 93 24 95 95 13 5 27 70 71 66 47 35 29 64 
27 95 5 40 79 49 93 79 95 93 63 89 66 59 91 58 11 87 28 78 91 83 77 47 17 21 9 36 46 64 28 33 23 45 33 48 26 38 12 46 53 13 17 23 21 75 88 42 28 99 
88 86 28 8 70 92 78 32 14 99 83 4 15 30 59 60 97 98 38 4 64 40 57 59 15 57 11 11 17 83 94 95 48 92 17 98 94 56 40 88 17 75 83 84 66 66 4 13 3 50 
12 47 43 62 75 71 34 82 4 43 97 1 13 1 58 89 54 13 74 43 87 11 39 20 82 23 35 40 14 2 4 93 96 39 36 51 10 15 10 96 44 22 63 21 90 76 79 13 68 18 
99 89 79 35 90 14 63 3 1 63 28 42 38 79 39 55 58 42 65 73 45 45 82 1 30 96 20 81 1 39 8 61 73 34 53 66 86 29 22 74 79 86 21 7 54 54 92 27 86 69 
76 96 56 34 89 34 62 8 83 37 47 67 18 74 51 34 5 31 10 34 96 9 77 64 15 70 67 43 72 32 41 91 32 91 66 33 24 7 78 77 68 95 15 65 75 8 30 98 84 65 
4 32 74 50 27 91 42 71 74 39 48 65 83 4 52 93 17 9 29 74 50 38 28 97 85 88 3 94 16 72 57 71 58 18 5 16 18 76 32 55 39 86 52 50 22 77 52 11 25 19 
9 47 86 66 9 45 86 28 99 43 40 67 94 10 4 30 66 50 73 89 55 41 61 48 34 98 65 9 90 2 62 45 98 30 84 26 14 97 15 36 95 65 1 6 12 76 80 12 75 30 
2 63 58 13 73 65 52 2 3 74 83 31 77 10 76 26 65 90 52 64 26 8 64 92 91 26 43 84 43 98 76 93 47 20 84 27 49 73 63 54 31 71 22 27 30 30 82 73 82 15 
64 69 82 23 65 27 15 86 1 98 53 23 42 63 64 87 41 4 13 86 94 49 9 57 67 48 58 71 36 95 36 72 61 43 81 39 6 9 87 13 66 66 97 4 77 10 55 38 91 24 
46 47 90 56 21 3 28 50 16 67 96 12 59 53 53 45 24 75 88 39 72 89 54 12 1 97 66 99 80 67 76 88 80 26 83 23 58 11 42 55 46 94 74 29 11 29 16 8 42 19 
66 40 33 52 39 73 9 66 46 9 17 42 79 75 58 85 48 30 13 88 99 87 61 29 53 17 29 87 70 29 58 55 83 20 2 63 12 92 51 52 75 17 97 82 60 40 16 34 75 34 
9 97 66 41 89 56 79 92 72 79 65 74 50 24 57 13 93 2 15 72 36 15 1 39 20 59 41 62 92 2 10 37 63 35 46 34 47 78 63 19 45 42 73 76 31 26 6 89 17 25 
21 71 58 95 40 97 23 61 73 22 98 97 95 95 73 63 44 10 85 87 12 58 93 76 99 46 45 44 31 9 11 74 98 13 39 74 12 28 65 95 62 78 11 46 58 24 94 40 83 14 
74 68 23 77 82 35 12 40 36 75 93 18 16 52 18 95 51 6 8 93 92 2 42 75 56 82 81 13 26 25 92 23 26 5 10 49 60 19 59 1 25 71 49 17 98 75 7 94 94 26 
89 53 30 92 84 67 38 93 29 60 29 81 2 36 92 83 89 56 93 11 14 7 55 60 12 99 28 22 18 71 47 35 53 84 42 19 89 91 54 32 75 43 40 3 68 99 41 76 33 83 
83 65 55 75 66 70 39 20 12 94 92 35 98 47 29 77 35 54 9 62 12 38 72 19 3 67 90 71 44 44 57 24 49 9 4 55 11 55 85 32 17 38 95 94 57 86 63 73 38 65 
52 20 80 8 38 90 90 74 79 61 94 55 19 48 14 29 41 90 51 39 77 27 22 29 22 42 72 88 54 38 68 95 53 34 39 69 90 33 99 70 72 18 83 92 91 21 12 85 51 27 
48 63 83 77 89 35 93 27 83 34 2 74 75 17 64 47 45 53 31 89 63 7 82 80 84 96 14 41 55 25 57 94 74 31 10 46 37 28 39 31 36 58 89 85 4 79 3 32 12 57 
41 82 8 98 43 24 32 38 60 80 60 49 42 86 26 36 9 86 47 35 17 44 51 87 87 90 92 5 59 11 26 52 95 80 81 7 53 54 97 17 99 77 73 30 99 18 20 34 74 14 
64 28 90 43 22 31 70 62 98 56 39 4 60 13 37 33 27 97 7 19 55 37 10 17 24 78 50 81 56 53 79 50 2 40 92 18 43 57 80 89 44 66 9 53 84 63 10 97 18 77 
59 16 49 41 98 86 45 9 23 60 12 90 65 44 66 49 75 60 2 49 8 7 48 35 92 86 34 49 82 33 63 3 14 49 90 97 68 2 70 38 38 32 85 51 86 37 6 60 66 39 
91 42 72 11 50 48 73 36 37 67 76 71 64 3 32 78 43 16 72 50 91 98 60 1 46 24 36 69 68 61 99 50 30 78 92 16 41 65 27 28 79 30 52 70 61 30 56 62 83 39 
44 58 50 78 82 36 86 4 76 42 73 36 76 18 2 65 10 84 3 24 38 5 81 30 74 97 97 19 11 28 62 95 74 64 75 63 54 45 19 45 34 42 39 60 11 25 91 96 97 54 
48 33 71 15 36 65 29 42 12 82 39 78 91 46 62 29 12 51 77 78 21 68 69 67 98 39 77 55 33 41 6 58 41 41 89 54 50 40 40 69 12 73 95 13 62 47 28 51 79 92 
79 56 4 84 4 44 90 71 37 83 79 12 90 33 47 22 68 55 11 55 58 24 13 46 9 3 24 20 32 63 53 44 1 53 86 57 99 83 24 41 46 29 39 99 88 49 89 79 55 65 
31 83 67 28 69 28 53 6 54 17 24 34 43 47 13 2 9 99 5 42 82 96 89 10 14 81 78 57 95 39 69 49 2 9 35 72 7 79 54 60 80 92 11 73 62 27 43 53 27 11 
88 26 28 34 80 45 53 85 61 43 36 71 65 55 93 71 57 87 63 31 63 44 53 28 31 11 39 74 37 64 45 46 97 70 10 26 48 44 41 67 24 53 14 69 14 44 65 10 14 12 
11 67 21 48 78 79 57 36 14 69 65 10 48 43 89 97 52 34 78 15 77 66 79 6 81 28 75 34 28 81 76 54 49 90 45 60 50 22 67 93 66 5 53 88 82 14 65 41 33 65 
87 26 68 23 37 37 30 78 71 67 2 79 6 27 30 57 77 65 79 79 91 28 73 41 90 45 95 2 7 92 79 28 57 1 27 15 78 79 77 68 21 93 41 34 32 80 22 96 25 20 
99 64 45 42 29 63 73 60 19 88 28 96 52 44 93 69 88 96 29 67 5 94 19 76 65 74 38 33 44 72 5 19 1 73 35 47 97 65 41 62 91 31 7 71 65 32 98 36 15 58 
73 3 38 9 97 10 61 36 29 38 34 24 63 76 80 10 54 82 64 89 85 22 16 9 16 37 25 91 91 11 49 44 43 89 2 57 23 17 99 26 62 57 68 14 74 59 12 24 55 24 
87 39 40 68 14 5 53 13 81 77 70 68 39 38 41 18 20 2 51 19 65 25 97 73 30 98 32 48 19 95 78 31 29 51 76 84 52 83 83 14 62 30 50 86 44 10 85 14 96 82 
44 10 67 13 10 67 97 65 58 62 43 89 53 76 37 9 21 21 69 64 24 96 2 24 23 71 12 80 87 58 50 97 41 7 75 27 89 24 25 7 36 97 40 61 52 65 21 86 82 41 
9 67 84 15 97 22 35 93 39 10 86 63 26 12 34 35 93 24 86 72 27 14 74 90 26 71 67 92 74 18 94 17 52 71 57 57 96 55 12 24 92 20 70 27 95 38 11 74 98 98 
81 1 62 27 47 22 24 3 12 99 39 79 83 62 43 43 41 87 15 22 92 86 88 13 50 72 62 48 63 30 87 26 89 21 2 67 12 73 63 41 62 21 83 40 37 7 20 80 25 31 
63 69 99 18 12 53 59 54 77 98 76 37 83 94 41 89 53 8 60 53 59 55 38 65 34 18 33 54 57 57 90 72 42 98 30 52 27 74 81 69 43 79 62 60 88 32 71 98 39 59 
21 52 84 91 7 6 44 15 1 6 22 7 9 10 80 28 74 26 39 54 65 62 85 90 97 23 85 37 25 42 66 23 94 83 32 68 65 61 59 65 28 22 12 81 95 74 5 48 51 23 
97 69 22 1 45 82 9 93 45 66 96 85 34 65 83 81 84 18 3 56 12 44 16 22 85 24 32 10 21 75 25 19 89 70 26 68 19 84 63 77 37 8 83 10 18 8 31 15 99 51 