50 258
36 57 44 93 31 90 75 45 14 90 84 23 52 20 86 7 73 81 38 30 4 61 61 58 33 66 85 2 26 34 19 34 94 92 52 29 94 8 59 40 9 32 68 55 19 93 63 96 42 33 
4 52 14 78 61 91 83 37 88 44 5 72 60 20 25 97 64 97 52 34 60 34 72 7 40 48 87 68 56 13 57 75 59 24 96 26 30 5 58 26 85 4 34 43 24 75 88 76 16 69 
26 78 39 77 61 48 74 92 36 19 16 91 4 25 57 78 33 2 50 2 35 53 81 20 2 60 29 99 94 92 39 49 45 8 11 66 51 80 82 5 35 77 35 44 92 83 82 64 77 32 
26 51 71 54 30 25 47 25 11 20 19 72 98 72 25 80 86 67 60 93 35 73 10 91 34 59 93 79 77 47 88 41 67 4 58 13 92 5 77 47 78 48 85 19 65 63 63 40 65 25 
73 1 67 90 14 93 8 62 62 98 17 82 30 58 93 75 69 47 60 15 4 51 6 90 46 35 18 31 90 10 46 78 52 81 77 38 14 61 7 80 16 49 76 76 68 7 1 4 72 33 
71 15 68 95 89 20 43 55 26 26 3 71 28 74 40 94 31 24 28 6 35 37 73 88 36 82 94 15 65 10 91 3 82 8 9 5 23 86 13 12 34 60 50 49 64 52 87 30 96 39 
75 95 70 37 52 66 38 22 54 55 1 99 52 2 68 31 68 51 95 45 99 91 96 65 5 19 32 90 67 13 90 45 44 57 12 81 14 84 72 31 90 58 15 1 97 21 23 43 32 77 
71 49 30 10 18 54 60 9 32 93 57 51 71 78 2 75 5 18 39 61 31 77 4 86 4 55 21 35 7 29 58 79 25 15 8 56 76 93 72 71 9 69 49 92 11 18 10 7 87 31 
22 1 42 16 19 50 87 64 42 25 71 7 88 43 20 65 39 38 62 40 49 97 29 10 31 90 92 21 49 61 30 41 66 14 18 21 90 7 75 39 59 87 13 77 53 47 69 83 67 7 
94 51 1 37 10 88 95 61 9 57 31 68 53 60 68 13 20 6 70 30 68 10 63 36 33 5 4 66 90 21 43 67 69 36 87 75 71 97 54 2 19 99 63 36 97 17 51 25 43 83 
45 13 44 98 75 57 8 63 99 63 58 80 73 58 42 40 32 8 50 42 36 50 78 23 8 90 66 44 10 69 58 72 54 97 60 41 61 66 24 94 76 41 31 66 81 70 19 56 77 93 
56 3 60 50 79 4 10 12 85 74 26 68 86 51 47 96 38 6 3 20 6 12 87 80 52 50 83 87 71 63 19 55 68 41 80 69 36 20 10 94 20 73 25 39 12 39 18 35 71 93 
93 77 55 87 32 61 82 11 78 52 12 1 85 38 20 21 47 81 62 21 84 24 25 6 1 35 85 40 66 15 87 72 19 63 20 94 34 98 53 5 87 77 55 51 44 38 65 65 97 54 
42 20 84 89 94 89 37 71 9 44 22 89 40 99 85 85 50 66 65 95 53 99 85 44 73 86 19 47 4 41 85 50 71 81 17 9 50 46 35 18 95 32 49 88 59 82 50 42 25 69 
52 64 38 88 38 44 96 41 89 36 92 19 32 16 76 83 61 20 7 24 96 95 4 92 42 1 21 45 17 95 79 57 95 8 92 58 6 66 22 33 43 26 95 23 15 8 39 53 79 93 
81 93 89 95 55 34 74 38 37 85 42 18 25 56 71 76 38 55 72 12 35 56 46 93 10 14 47 82 26 32 93 27 6 46 20 60 51 64 35 41 79 90 42 91 44 37 2 42 15 9 
86 97 27 36 49 26 37 82 71 57 84 97 68 30 42 45 86 86 46 42 94 29 86 46 10 16 34 41 44 68 43 68 78 85 49 64 88 70 41 28 32 6 13 32 65 81 12 8 39 4 
24 6 20 62 4 75 36 10 4 38 82 17 46 32 46 86 33 92 53 13 67 93 37 33 13 64 82 57 49 77 31 52 58 11 75 87 20 14 89 47 26 32 89 57 79 30 84 46 89 51 
50 16 22 85 44 24 31 73 25 92 5 71 2 22 75 55 71 39 1 35 29 53 63 95 8 34 63 7 94 57 94 48 53 58 26 63 92 65 96 11 32 34 68 69 23 77 65 20 54 73 
92 6 77 37 31 49 68 8 13 92 18 18 70 29 58 41 63 73 97 8 25 64 20 63 17 23 63 89 92 73 31 86 81 64 23 22 80 78 74 64 24 37 77 62 61 89 67 51 51 35 
42 9 10 7 19 93 83 52 71 3 22 73 76 37 84 50 62 35 44 96 76 36 44 86 74 60 68 90 25 83 5 15 37 49 37 53 62 4 91 10 17 94 23 41 28 9 88 22 22 84 
74 95 27 79 96 43 99 66 14 20 68 85 69 87 32 7 16 93 12 61 23 88 95 52 47 33 21 17 61 20 20 7 70 85 29 85 7 49 40 52 26 58 79 41 67 37 45 4 90 53 
33 11 39 61 54 34 61 8 7 12 91 5 86 58 89 54 66 66 58 51 91 10 67 24 95 77 80 61 55 89 21 31 51 41 77 25 69 3 93 89 41 55 38 69 75 1 15 55 38 76 
34 68 72 12 83 6 81 73 51 43 7 19 71 34 44 14 70 27 98 34 68 94 73 51 75 9 53 50 73 81 88 92 34 70 50 55 43 90 69 35 47 49 79 31 97 97 16 4 37 19 
97 61 54 62 47 39 57 82 23 2 61 15 80 12 82 80 36 67 26 72 28 39 74 37 93 50 37 31 41 54 40 3 89 89 87 19 60 45 11 28 77 18 35 42 53 70 58 99 8 97 
33 19 32 89 93 58 21 92 85 9 22 28 57 60 16 44 83 27 31 68 33 61 68 7 11 86 62 56 33 16 80 52 4 46 76 30 58 38 94 60 67 22 79 44 99 55 3 74 12 23 
56 94 16 18 82 76 1 43 71 14 67 58 31 35 67 27 66 85 50 52 79 26 91 53 71 46 48 33 8 17 15 13 25 47 65 34 65 27 96 21 65 50 89 28 31 87 67 3 21 49 
81 86 10 28 71 43 36 7 73 96 18 98 65 63 83 27 99 12 15 36 42 20 89 67 83 48 26 14 35 27 72 17 76 52 40 17 49 88 34 76 24 51 11 33 92 1 72 31 63 81 
75 76 69 99 90 90 51 15 11 33 3 88 32 85 57 18 86 36 4 95 85 48 30 88 51 81 40 62 92 31 57 63 92 49 78 41 37 93 31 15 78 65 25 55 68 89 97 70 1 90 
70 38 87 29 74 26 62 68 30 49 48 72 61 44 21 5 59 32 51 15 74 47 54 67 55 65 87 53 65 35 75 63 35 12 65 25 77 36 64 29 4 81 8 28 40 14 32 38 91 98 
33 76 95 21 33 79 12 26 7 48 34 30 88 40 3 6 44 93 40 90 55 75 44 74 27 9 51 53 78 87 97 94 3 1 82 85 80 58 57 92 46 58 11 18 59 70 67 16 10 18 
31 37 96 54 68 49 59 92 61 66 59 64 21 86 5 10 51 63 13 62 79 22 99 7 64 42 61 25 27 49 49 91 54 54 94 33 90 84 72 99 21 6 34 97 39 78 75 30 22 88 
57 27 1 61 80 55 9 96 10 91 23 85 90 26 43 84 71 84 17 82 37 58 36 5 96 76 26 34 32 82 85 92 42 13 10 7 33 89 28 29 96 60 61 3 80 30 51 79 30 28 
30 37 36 2 52 64 13 45 91 90 72 45 8 66 67 55 8 90 28 7 29 30 49 65 27 71 23 48 39 93 48 20 95 99 41 16 24 74 13 52 51 64 81 61 37 85 31 16 9 58 
5 67 62 47 34 38 20 97 24 43 95 62 69 11 96 85 31 56 43 71 6 9 64 50 39 43 34 58 37 92 36 42 98 24 37 3 16 48 6 26 71 52 84 51 57 9 14 95 25 75 
13 51 24 35 85 76 22 4 22 8 22 61 55 76 79 96 92 93 69 21 58 5 92 44 74 14 73 31 20 51 87 29 3 28 76 16 39 9 95 48 86 2 43 36 92 18 89 64 58 25 
84 77 25 93 13 17 10 1 10 72 97 16 82 85 22 63 29 48 87 14 66 54 55 21 81 40 92 48 85 72 25 82 50 50 64 99 12 37 97 22 61 11 41 63 36 29 37 79 27 13 
9 60 14 60 91 56 41 16 63 30 69 48 29 69 75 35 94 69 67 3 55 8 52 44 7 97 81 68 81 99 71 51 39 31 86 80 64 52 22 54 23 37 97 25 15 82 85 53 68 48 
83 18 23 89 89 17 39 9 26 17 19 97 43 50 31 81 81 13 15 76 59 50 64 99 16 61 53 98 50 20 55 2 62 11 42 66 23 24 25 63 45 53 41 78 27 72 57 99 17 95 
76 84 99 31 65 46 52 1 75 45 38 10 79 86 30 25 68 93 59 29 2 72 24 70 40 93 99 10 26 71 75 83 91 73 4 84 47 18 34 90 55 63 13 65 56 77 70 77 77 40 
35 54 9 9 7 9 94 46 5 92 13 50 69 52 91 60 35 70 54 13 1 8 44 32 27 37 58 74 81 92 15 31 40 98 31 83 9 91 20 85 62 62 10 35 94 24 60 17 74 81 
91 3 38 97 28 19 98 38 57 23 2 6 10 95 74 44 48 86 49 19 11 38 99 39 98 50 62 69 73 57 36 8 91 8 17 94 86 84 43 95 51 62 63 88 21 88 37 16 51 33 
21 75 39 9 30 81 12 52 56 78 15 35 91 54 11 77 54 86 68 46 79 68 60 4 64 9 49 62 70 83 30 48 73 35 39 36 9 66 74 78 10 89 44 64 82 58 22 71 49 62 
8 67 3 67 66 37 35 5 48 15 83 41 47 31 97 9 34 32 78 59 84 31 97 88 83 66 53 51 38 67 57 61 56 63 27 95 43 92 89 59 51 78 33 52 25 74 5 62 89 35 
42 20 9 93 60 29 82 5 93 11 37 47 35 68 92 35 57 81 76 9 14 64 33 61 90 63 80 63 21 84 72 98 70 19 22 39 59 10 26 80 91 97 20 51 87 73 48 39 45 26 
61 17 69 37 81 19 99 69 78 63 31 39 14 82 3 91 44 69 69 84 95 63 44 19 37 2 56 56 12 54 92 58 60 80 58 21 85 8 94 38 85 62 77 94 3 12 81 62 19 75 
74 51 4 31 62 33 97 2 85 70 9 57 27 97 54 71 53 32 93 10 12 19 87 92 55 29 51 81 96 28 84 75 60 1 7 26 7 83 57 33 23 77 94 65 18 55 42 58 81 37 
91 65 36 46 34 60 39 15 78 31 4 64 91 33 81 8 77 36 57 5 94 27 43 45 18 24 55 80 7 10 54 38 45 42 91 65 44 67 26 11 21 74 34 99 62 27 32 26 78 39 
11 12 44 95 6 47 33 5 11 83 80 55 47 99 10 48 78 9 91 95 27 77 16 17 52 39 91 93 93 92 61 6 1 24 92 69 52 32 98 53 1 4 1 82 17 94 2 66 32 12 
2 1 43 58 80 99 40 99 37 50 52 30 3 57 78 43 45 15 43 76 59 28 19 47 87 88 55 32 6 29 63 32 70 89 65 46 50 76 77 57 54 49 21 72 99 91 30 42 64 58 
22 21 40 13 35 10 76 2 91 82 3 45 60 92 85 49 28 31 79 41 87 9 46 13 34 95 28 81 23 61 65 56 83 89 21 44 57 3 64 37 2 17 66 59 17 70 47 63 5 41 
92 80 39 65 41 96 2 97 53 14 5 17 24 43 23 96 58 70 30 56 78 17 28 45 22 73 71 94 61 71 39 88 89 92 51 42 69 30 3 85 62 58 5 97 60 8 10 16 69 96 
39 48 20 68 62 47 7 20 8 27 18 30 57 77 87 26 49 24 57 84 40 68 45 96 13 71 60 36 34 66 57 21 57 38 11 99 67 93 87 43 89 36 42 74 47 28 81 66 19 76 
92 73 13 93 32 59 49 41 55 53 51 69 19 6 6 59 83 14 26 28 1 66 47 28 22 54 29 94 25 62 97 44 47 35 30 22 76 21 63 37 76 19 93 57 98 49 71 66 37 74 
39 44 73 1 28 87 46 86 7 20 74 9 56 92 67 28 87 13 37 24 11 3 2 69 25 56 23 84 15 11 59 19 48 25 76 82 23 5 78 2 80 65 72 23 28 14 55 89 52 34 
59 96 20 52 51 75 5 31 82 36 78 64 66 25 5 18 63 76 73 81 64 64 68 26 1 98 29 77 47 36 99 71 29 57 85 90 97 90 4 5 36 97 6 73 17 84 56 50 39 25 
84 81 66 79 75 74 29 38 33 15 25 60 71 11 74 14 82 23 10 16 67 35 16 5 81 15 12 90 42 70 81 14 4 93 50 62 56 24 61 79 3 93 77 39 73 81 66 79 29 85 
70 91 53 52 90 4 67 68 78 64 81 27 23 17 38 80 66 22 79 63 60 8 42 90 98 38 32 36 77 37 22 5 20 54 80 47 93 62 88 65 98 19 24 91 27 88 4 16 83 18 
12 34 46 78 53 78 4 49 83 30 72 36 36 74 28 22 99 90 44 29 19 85 16 59 57 46 43 79 87 34 56 5 10 51 18 2 34 40 52 74 1 22 71 55 57 7 43 38 16 34 
62 25 10 87 11 67 35 86 82 27 82 61 28 58 54 94 45 82 8 6 54 83 9 98 68 98 16 63 10 29 75 5 79 47 55 27 93 91 47 87 43 62 67 11 56 90 33 83 94 70 
20 84 7 78 16 51 17 43 89 19 71 57 21 39 55 41 62 10 65 7 29 2 67 11 16 3 96 98 71 20 11 50 23 57 71 92 66 11 95 34 8 75 97 29 42 70 27 7 57 40 
59 27 72 98 37 39 84 12 90 96 79 31 49 69 13 95 6 58 78 54 92 67 79 39 39 81 36 12 13 69 6 13 90 89 32 52 97 57 65 51 83 18 28 51 14 67 65 3 79 55 
75 30 10 21 72 82 48 72 55 48 78 37 2 90 26 40 80 48 26 18 45 15 74 42 67 51 70 62 36 14 9 79 86 7 45 77 62 85 36 24 87 97 70 30 28 40 6 25 77 84 
66 88 78 11 92 37 2 80 8 10 3 35 69 63 82 30 41 31 82 82 81 32 31 38 50 74 38 5 27 99 81 1 72 42 78 30 18 82 33 75 45 24 11 4 88 83 30 22 29 35 
38 33 68 90 74 77 73 15 35 88 72 32 95 87 41 92 96 41 49 13 74 43 93 16 20 58 36 7 15 43 67 30 46 26 36 91 26 21 85 15 69 75 13 10 70 60 49 76 8 97 
16 11 68 44 37 93 26 45 23 27 58 81 7 50 33 70 88 72 96 76 69 46 47 74 9 42 79 21 7 23 27 94 93 34 91 40 82 94 92 36 16 37 95 76 22 3 13 92 88 67 
28 16 71 77 21 56 89 27 60 61 98 83 21 73 65 50 74 55 90 93 96 60 71 28 6 83 70 90 23 72 66 94 42 24 50 30 83 23 20 54 44 75 95 27 48 17 55 42 82 33 
11 66 48 49 16 36 28 65 82 46 82 98 55 79 52 44 27 58 51 69 8 18 3 92 63 91 74 50 49 30 55 84 6 76 63 89 27 7 16 67 65 2 32 84 48 81 74 46 53 75 
7 51 27 49 99 6 26 2 42 6 63 17 62 48 48 65 13 29 24 76 28 17 84 40 44 82 94 83 72 28 1 56 91 61 89 8 67 6 21 55 51 89 26 58 40 51 62 70 11 57 
93 88 62 39 92 44 12 33 61 30 99 93 6 13 25 51 19 87 96 17 9 17 21 32 7 22 36 74 11 55 77 52 53 43 17 74 2 73 17 19 10 90 86 92 14 85 97 48 21 74 
22 69 47 80 89 67 67 87 27 5 24 37 35 68 21 75 77 53 87 38 52 92 51 70 76 66 25 23 86 26 65 17 38 67 28 49 99 77 37 6 57 56 61 28 49 88 96 95 97 10 
62 29 42 57 61 26 19 90 98 12 89 87 66 87 88 43 99 22 6 2 79 71 77 95 28 12 59 65 81 45 57 80 66 65 57 59 32 64 90 55 99 68 3 46 58 10 80 42 84 41 
59 33 59 25 69 25 63 69 72 91 26 44 79 53 82 49 62 67 38 23 12 68 11 25 54 8 8 91 12 61 43 67 97 57 5 53 95 17 84 33 74 61 31 72 42 59 26 17 94 12 
43 66 78 8 53 44 59 89 42 14 56 93 69 78 98 35 55 23 74 47 70 76 94 2 34 56 45 81 58 9 9 32 88 5 23 47 56 72 3 50 37 14 92 87 45 99 17 61 46 96 
82 6 4 59 15 90 6 74 50 21 9 94 75 60 72 11 42 10 27 52 74 84 10 52 16 51 19 50 28 25 26 15 65 40 95 86 6 94 36 61 82 73 57 67 63 68 98 84 82 10 
86 4 95 11 38 45 82 26 5 7 1 14 79 11 87 45 26 91 27 38 51 51 6 47 29 97 99 27 70 66 93 58 98 43 2 73 38 38 2 44 69 77 28 95 26 53 78 88 26 55 
26 12 85 6 29 61 36 29 79 35 32 33 85 82 80 29 19 5 23 37 95 52 24 84 19 55 86 30 17 70 68 93 77 57 79 30 88 28 28 90 96 87 64 30 27 8 19 49 80 6 
5 82 29 54 67 11 2 49 32 64 11 41 46 56 13 11 17 97 92 28 37 21 13 71 11 34 66 71 41 89 62 36 36 15 82 57 78 30 74 14 46 74 85 93 45 68 51 65 97 82 
27 55 95 47 19 69 20 15 86 99 37 15 81 88 27 26 18 28 80 11 23 50 93 16 5 83 74 96 17 85 44 38 47 60 19 73 4 68 87 88 27 50 37 95 82 50 53 30 18 16 
56 34 49 92 10 74 23 8 40 7 99 97 10 94 65 31 79 26 57 74 36 49 78 51 33 11 80 34 22 73 17 84 27 46 42 93 66 37 10 88 94 27 79 90 27 73 78 74 19 39 
85 70 59 31 31 24 28 28 18 71 8 72 15 45 11 45 55 4 27 40 5 82 11 92 10 84 7 80 72 77 31 74 77 37 89 74 11 51 36 71 26 78 91 5 4 1 79 21 57 97 
24 44 81 30 22 15 27 42 7 98 85 38 52 37 28 4 13 64 84 16 59 11 70 58 65 21 55 20 19 25 33 90 38 34 7 15 74 58 47 42 59 28 79 45 35 40 42 51 17 87 
11 77 29 92 28 80 54 66 78 72 80 34 42 9 62 3 48 3 37 76 9 24 84 82 10 79 94 32 81 44 49 34 96 26 1 40 32 94 19 90 79 53 95 55 11 8 81 36 90 98 
37 32 40 96 27 66 46 94 78 9 49 44 34 36 38 95 29 82 41 68 28 73 30 66 20 34 77 95 83 94 55 85 9 39 1 90 80 60 98 60 8 81 80 25 46 16 40 55 50 75 
52 55 92 74 83 97 98 81 73 65 69 46 71 83 26 11 27 63 8 54 39 45 82 14 96 64 3 72 92 77 71 1 3 16 72 53 47 65 45 79 95 20 75 52 31 18 70 42 81 28 
64 14 89 97 34 5 68 55 76 50 65 66 21 26 81 75 38 14 57 88 2 85 12 17 44 72 65 21 34 52 23 82 69 34 95 97 54 29 38 95 85 80 89 20 57 66 43 18 12 92 
99 2 97 74 30 65 70 63 80 91 37 62 57 58 86 83 19 37 65 67 4 74 88 13 35 19 55 68 62 17 24 48 18 58 73 33 68 56 41 94 56 56 24 70 57 72 57 75 36 1 
11 45 91 69 4 17 31 85 42 39 59 2 58 82 54 60 13 93 77 52 58 83 94 60 52 74 57 32 2 20 30 5 41 1 78 78 12 21 13 18 63 96 16 55 47 79 37 54 5 44 
80 43 73 51 41 78 8 97 77 47 26 12 25 6 21 3 79 35 20 5 66 38 72 53 83 56 5 24 20 81 44 36 64 43 67 4 44 83 17 11 26 58 49 94 60 16 1 67 74 32 
13 24 99 56 40 92 31 31 72 64 69 9 16 27 84 14 58 89 21 30 63 13 13 94 26 36 66 50 58 32 5 60 47 23 68 7 8 34 41 54 8 78 97 19 95 47 56 65 52 55 
1 48 79 56 91 21 43 61 78 71 62 50 24 80 63 31 28 87 89 34 18 49 54 91 45 34 36 58 26 10 89 82 19 61 4 75 98 78 83 77 99 69 15 30 45 68 45 91 85 77 
46 12 60 64 69 73 77 33 67 11 39 69 89 30 11 44 9 86 77 56 41 5 16 97 5 54 75 22 76 87 12 43 2 77 30 83 2 97 9 30 76 23 96 26 67 35 34 52 10 38 
90 9 29 57 71 74 30 75 61 26 11 15 2 39 14 40 46 1 51 13 45 64 94 14 73 58 3 65 31 74 74 87 13 32 35 21 56 84 8 56 77 80 42 61 83 47 13 34 47 56 
11 29 8 70 39 90 36 85 29 14 38 60 74 64 33 65 26 5 31 24 43 69 66 17 15 96 67 76 81 65 64 57 34 71 36 23 65 17 68 72 38 82 86 79 63 39 9 22 96 79 
31 24 16 53 29 5 49 79 79 26 68 18 6 63 65 67 98 23 27 1 21 10 95 19 8 64 78 50 72 63 44 90 36 56 73 19 77 53 24 71 69 67 88 14 99 53 41 6 35 46 
11 87 42 39 85 51 72 6 69 6 61 1 18 99 20 2 9 14 74 20 18 38 46 38 40 16 28 62 62 78 41 48 64 54 22 42 10 32 23 9 37 25 43 18 97 53 5 95 12 79 
7 4 35 41 85 73 7 71 42 5 68 38 26 30 33 2 82 96 42 19 25 21 73 48 48 42 45 56 29 42 71 61 80 6 89 65 21 45 20 1 50 39 97 14 67 57 68 42 70 74 
60 86 35 32 46 86 87 24 57 1 38 5 94 18 89 8 58 12 63 62 44 22 53 12 31 16 41 63 60 78 63 47 45 62 2 75 12 55 1 31 88 86 78 70 88 72 53 58 17 78 
82 17 68 83 21 14 30 90 4 12 44 3 13 29 33 46 85 90 30 38 3 28 53 15 74 62 21 37 65 69 45 96 49 33 28 32 55 56 40 7 33 41 63 99 80 12 73 48 8 39 
29 71 90 45 45 19 87 44 63 40 80 48 86 84 1 91 51 1 66 66 43 20 44 28 78 7 14 16 95 19 60 91 22 53 2 82 57 49 64 90 21 63 37 31 73 52 22 41 29 60 
26 43 80 93 70 56 76 22 82 36 27 23 33 86 9 37 16 59 61 15 81 39 61 23 94 93 7 37 23 80 49 94 49 93 61 4 74 14 28 53 47 61 34 68 23 30 12 42 94 21 
57 14 95 13 26 95 78 60 67 74 20 96 90 71 12 93 54 90 73 34 97 97 49 2 55 21 38 45 85 62 26 34 62 35 52 26 68 43 61 74 39 39 93 94 93 31 40 43 52 76 
26 80 31 63 80 6 47 84 52 73 69 83 8 56 27 85 28 79 12 60 61 57 77 89 74 55 24 20 99 29 15 76 42 95 34 84 34 18 44 15 27 14 85 72 49 67 48 72 20 31 
9 23 48 19 75 33 85 78 3 47 29 58 71 74 46 88 63 61 28 88 85 49 95 92 61 75 38 14 14 58 53 66 16 82 79 65 55 26 12 69 43 88 17 25 34 24 83 84 45 35 
99 32 3 78 96 94 82 95 17 46 96 77 36 68 58 24 4 78 94 67 30 73 76 36 10 41 5 82 31 14 19 9 77 74 69 9 3 20 78 3 47 83 27 70 22 25 7 55 37 89 
22 84 68 71 72 23 65 65 85 70 22 69 63 81 10 58 4 99 34 49 19 84 51 31 4 34 60 64 4 18 36 64 94 76 18 85 58 87 83 71 10 59 21 93 62 16 82 49 17 60 
57 42 52 78 74 97 14 86 25 44 93 16 24 5 64 91 50 25 29 63 4 97 23 51 86 2 51 24 62 55 99 58 69 41 15 30 37 18 52 74 44 23 33 44 18 58 7 8 81 58 
41 66 96 40 77 96 18 57 1 3 22 37 98 9 17 73 49 12 70 51 98 56 29 13 46 20 37 37 46 75 41 43 34 26 11 32 40 90 37 18 24 88 52 1 44 33 61 53 74 32 
68 37 29 29 98 31 35 72 45 62 76 63 97 93 56 38 57 43 22 96 73 50 70 77 31 40 46 62 5 28 54 37 26 1 63 22 22 49 90 91 21 61 49 33 14 61 87 84 84 41 
65 76 44 34 92 66 1 81 11 74 86 71 26 77 56 10 62 53 61 29 45 96 65 67 30 69 94 77 73 51 90 85 89 36 49 80 69 76 72 58 53 90 23 61 32 6 77 70 18 68 
30 99 10 41 80 24 86 82 35 59 95 35 60 97 81 91 97 28 38 75 80 21 40 21 11 56 89 89 11 88 38 76 69 29 34 77 16 81 3 88 74 13 30 34 90 8 67 94 73 43 
90 33 20 13 99 18 2 46 34 98 64 47 81 14 28 6 26 54 79 40 79 35 69 96 52 78 21 86 38 95 77 87 64 28 48 16 17 60 58 91 6 51 58 75 58 95 9 79 21 23 
67 33 1 50 50 40 96 89 13 65 46 3 57 37 47 1 59 97 79 37 10 56 84 32 73 45 97 31 65 41 18 12 73 47 65 29 25 23 29 98 89 1 73 60 90 96 46 81 42 3 
65 58 3 29 11 66 94 95 20 81 54 36 76 79 19 17 42 85 79 67 92 89 36 24 38 2 18 47 78 36 88 38 24 51 20 31 85 38 51 35 61 72 74 41 79 19 98 44 47 59 
17 32 89 48 63 69 91 27 7 11 60 61 15 30 41 49 25 16 79 57 92 57 13 80 52 20 58 22 41 26 32 92 95 2 43 47 82 25 43 35 60 70 18 3 50 56 91 28 63 26 
86 47 89 75 17 1 8 22 71 12 40 93 27 22 43 13 78 28 61 59 84 69 25 95 33 68 98 4 57 83 8 55 33 22 19 9 74 41 2 18 45 61 77 77 52 96 34 8 74 69 
36 71 30 94 92 66 61 83 19 8 45 52 20 59 1 73 26 71 62 53 15 31 33 18 73 7 44 41 65 11 78 72 32 39 61 48 61 94 39 35 79 11 69 75 14 68 5 16 8 33 
19 75 80 96 23 10 75 74 1 73 27 21 9 94 7 66 25 67 97 79 39 10 67 91 81 53 93 30 81 54 24 76 25 53 40 11 84 33 40 73 23 27 34 60 19 57 17 51 76 67 
31 52 88 19 13 27 61 65 99 12 51 30 47 95 5 36 3 40 12 48 21 12 96 17 88 89 40 44 90 53 79 51 50 28 52 55 97 76 52 25 69 37 91 88 61 43 66 96 59 94 
90 90 76 22 38 7 25 93 67 41 66 50 90 61 90 39 74 25 33 9 54 79 71 40 72 64 97 65 46 85 98 69 40 13 90 85 73 25 68 95 77 31 9 15 68 21 42 80 68 5 
61 50 18 5 29 96 84 47 56 26 99 32 5 66 86 22 66 22 31 54 11 89 36 37 79 21 4 28 18 37 8 80 63 32 40 36 30 80 90 21 8 82 86 59 56 42 41 13 73 52 
50 79 55 1 5 39 18 57 6 88 22 54 37 63 77 12 86 82 65 80 45 85 85 41 16 62 40 21 58 58 81 12 86 39 35 39 95 68 60 4 10 44 32 68 83 32 85 41 22 64 
88 55 48 50 24 31 38 91 68 55 50 48 72 45 69 59 16 81 56 95 59 2 52 87 49 89 81 55 22 80 31 39 76 28 44 4 89 21 19 2 36 24 6 15 6 29 9 93 80 11 
41 5 37 77 18 14 30 52 47 20 44 25 26 61 21 31 2 22 92 24 29 12 11 29 38 74 79 48 76 96 33 54 3 17 97 70 85 26 35 1 6 88 15 47 91 2 88 83 23 31 
68 3 43 75 92 61 51 56 3 87 78 80 55 25 65 6 10 67 6 68 70 62 5 27 93 17 31 54 35 27 34 4 37 29 16 1 60 43 66 30 45 89 15 10 58 29 61 63 84 46 
62 93 19 87 50 33 98 52 36 97 9 92 55 92 91 89 93 47 37 80 8 30 49 41 70 28 48 96 60 17 52 57 94 19 77 5 1 21 11 24 82 76 87 49 50 73 29 90 2 69 
53 53 20 49 88 48 69 48 37 79 96 82 36 27 97 95 56 99 64 16 96 83 41 31 81 65 13 34 11 26 58 9 9 24 67 1 28 60 7 31 17 24 31 61 16 1 28 63 45 2 
8 16 27 8 69 14 40 24 92 65 80 48 19 59 59 70 15 96 77 32 9 19 54 4 89 69 6 92 57 71 51 3 14 80 13 46 15 61 5 27 63 10 94 75 47 89 84 17 89 92 
69 37 73 21 74 93 13 60 45 49 69 29 63 71 42 83 42 46 46 3 10 25 17 69 84 38 7 69 71 60 43 81 73 52 40 34 89 48 19 85 10 25 19 6 97 23 48 4 43 4 
3 18 94 69 63 26 9 38 67 93 33 29 87 51 34 9 1 74 58 98 24 10 9 70 55 92 15 65 34 11 56 58 83 59 2 26 63 30 20 9 17 92 84 39 96 87 49 12 84 58 
57 39 5 95 5 40 42 54 69 65 58 83 52 90 81 13 23 50 10 99 97 46 97 17 15 15 76 43 59 52 81 2 70 74 48 99 26 15 50 86 10 17 31 81 83 94 41 92 22 74 
7 40 64 89 5 77 54 57 74 75 16 72 62 21 40 86 69 57 22 5 71 58 69 58 83 94 17 17 90 13 56 31 56 89 21 6 98 47 12 68 50 34 14 44 57 65 31 3 61 32 
14 86 22 12 90 2 37 68 95 7 27 15 6 41 9 35 27 26 11 44 24 99 29 47 6 70 2 68 29 99 86 23 52 74 16 48 27 47 4 91 40 92 93 47 44 12 49 19 59 28 
8 35 35 88 71 25 19 58 3 93 93 56 17 78 29 72 62 4 41 82 78 24 61 22 57 16 39 73 56 84 53 74 61 36 86 53 40 37 71 53 41 47 90 85 10 75 15 69 11 87 
93 36 80 20 68 3 73 33 37 92 11 12 96 48 83 25 43 44 25 46 88 51 50 57 56 43 7 44 87 53 96 7 78 34 41 35 17 78 1 38 42 27 22 31 4 57 75 39 5 7 
32 51 41 88 99 51 5 42 23 45 92 51 33 32 57 96 80 88 51 88 46 26 34 99 75 31 72 66 71 73 42 59 22 87 14 56 52 18 81 25 16 10 56 75 32 87 71 1 73 35 
63 87 18 93 5 70 36 32 5 80 51 9 41 97 62 42 87 22 70 43 57 76 64 64 54 37 23 67 73 46 49 48 7 74 24 24 90 43 42 36 29 88 38 74 24 3 7 29 47 26 
83 27 94 58 87 52 97 98 88 50 89 20 62 12 9 81 65 29 80 47 41 11 81 57 74 99 10 60 99 18 8 36 2 77 18 73 3 47 67 15 76 56 67 92 58 41 52 56 31 31 
48 68 56 49 25 69 45 33 5 98 46 38 64 26 80 60 96 4 81 45 77 99 80 4 74 87 73 11 88 67 40 11 38 11 91 73 65 62 18 50 52 77 51 8 68 13 9 3 1 36 
23 23 16 77 93 51 72 25 40 77 68 40 39 75 97 42 88 7 30 59 94 85 48 61 52 5 59 35 35 28 61 45 76 74 73 68 63 92 14 3 44 83 67 14 45 83 53 9 36 84 
2 76 98 19 99 36 40 4 42 56 93 86 88 71 59 92 58 33 13 55 33 55 17 26 77 61 69 30 20 73 79 28 39 84 71 7 52 67 46 7 86 59 45 36 97 92 26 65 19 98 
27 94 78 27 26 60 32 85 6 15 55 43 2 40 12 45 2 88 59 41 48 6 99 9 40 11 26 46 53 85 13 54 22 44 9 40 35 94 37 78 6 33 97 23 71 13 66 99 41 33 
67 7 5 18 81 35 30 48 38 68 84 91 16 93 2 15 1 22 79 99 47 4 17 73 78 42 56 9 34 76 27 5 4 75 70 35 2 92 5 15 82 8 83 57 49 23 43 36 51 35 
52 30 50 33 90 24 13 74 51 23 78 97 13 80 60 37 53 49 38 28 14 65 74 48 99 40 34 58 23 72 14 46 62 21 23 28 78 54 31 87 18 30 69 13 88 15 24 55 5 17 
95 98 97 69 75 83 86 43 49 17 86 9 61 84 8 23 33 28 90 48 42 67 51 51 53 58 29 52 73 44 77 2 58 77 73 34 28 72 20 61 67 13 76 28 78 64 63 92 96 13 
94 27 77 87 12 51 48 68 47 34 34 59 55 78 19 10 1 15 47 81 1 30 55 50 74 7 46 44 49 49 25 93 41 81 25 18 82 91 88 73 7 12 51 80 2 48 43 27 97 76 
14 17 98 50 61 62 97 22 28 3 14 43 4 3 48 96 53 80 6 61 50 6 46 82 83 24 18 92 82 93 5 89 96 99 79 78 30 26 44 73 65 15 93 37 26 21 5 27 70 57 
7 86 87 51 11 41 4 2 66 72 66 5 95 94 45 27 49 19 92 51 54 90 43 38 22 41 62 11 47 51 11 25 17 29 92 96 37 80 37 31 28 85 46 39 44 38 68 44 93 64 
73 28 34 93 94 88 30 77 84 75 72 26 77 70 39 92 56 18 73 37 54 56 52 34 76 76 47 36 25 78 13 89 98 96 16 69 37 85 24 85 99 2 16 21 13 44 8 33 82 93 
44 73 17 91 82 17 91 18 28 63 71 55 18 73 94 16 49 36 47 78 34 42 41 48 5 50 37 45 77 58 36 30 83 19 20 9 61 86 26 58 13 82 63 56 36 55 86 7 54 50 
98 98 3 44 69 82 14 7 5 81 33 60 49 46 11 50 59 30 82 81 59 21 88 1 54 30 13 58 47 62 88 93 4 48 58 45 16 24 62 42 83 41 71 21 10 51 30 27 36 79 
63 55 24 59 96 22 54 65 24 5 16 34 50 3 9 94 3 6 73 32 54 14 68 35 91 88 3 39 45 52 89 86 98 92 49 99 21 5 33 64 98 56 32 63 53 2 21 77 85 90 
89 54 89 39 94 21 66 91 95 76 59 90 66 78 76 31 44 48 11 19 87 48 91 85 39 41 25 73 44 38 86 86 43 55 93 47 40 48 17 41 50 90 40 93 98 68 11 28 96 13 
15 84 43 1 17 85 42 69 5 14 92 44 10 33 13 93 1 49 5 87 35 65 69 89 20 8 70 90 60 75 10 50 94 7 83 23 93 74 10 22 6 11 79 85 91 61 86 25 19 9 
84 16 77 94 59 14 27 49 24 97 77 14 2 96 15 21 82 89 99 40 78 6 12 41 37 71 30 32 9 6 4 92 46 77 43 41 26 72 77 27 75 67 93 13 62 55 78 2 48 46 
74 66 76 89 39 73 22 97 98 17 67 29 9 10 90 86 22 60 84 84 18 82 9 58 28 46 99 14 97 91 78 68 87 35 19 38 80 82 60 65 30 27 20 6 12 94 39 84 38 41 
22 93 68 72 88 29 66 2 23 72 62 4 38 44 4 29 79 59 98 86 87 13 58 83 43 89 66 8 44 87 53 89 49 79 49 83 19 30 40 41 53 50 92 20 29 69 15 31 65 99 
96 13 98 51 95 4 48 85 99 72 98 23 16 37 5 77 12 47 48 19 37 84 24 11 8 72 69 45 72 51 58 57 17 9 30 62 49 13 9 5 99 9 67 55 98 6 67 23 51 80 
97 34 33 35 36 65 46 77 81 47 62 23 46 17 25 7 27 88 80 75 18 25 42 93 42 70 90 49 75 32 14 11 53 73 8 14 35 39 54 83 34 51 29 27 81 98 39 75 14 48 
34 29 83 78 29 42 69 23 47 18 6 8 5 64 49 60 36 83 77 51 61 97 9 78 70 46 3 30 31 46 63 83 41 37 54 57 98 10 16 35 25 63 17 10 84 13 3 34 79 66 
40 42 56 89 19 15 52 10 56 8 91 95 27 64 61 29 57 66 30 44 68 51 78 32 10 63 70 85 65 79 3 30 55 85 15 90 40 98 11 54 90 34 71 8 32 10 81 44 47 26 
24 31 56 42 17 29 78 29 92 70 43 74 6 57 17 40 85 40 16 74 57 88 50 23 80 39 52 68 28 40 4 61 51 3 50 92 33 59 63 65 36 51 99 79 33 58 31 16 31 15 
79 79 24 76 95 15 31 76 69 12 38 72 10 22 16 82 92 66 86 74 13 77 56 8 69 75 89 17 66 2 50 40 26 73 86 53 71 46 98 68 10 61 75 96 50 91 84 68 46 77 
24 66 15 59 64 6 45 93 63 68 53 33 25 8 8 27 95 73 60 3 77 91 8 38 34 16 47 11 6 34 40 80 60 53 92 18 59 11 55 7 72 8 6 99 24 49 23 38 19 91 
10 10 44 89 99 88 36 74 64 67 16 44 54 8 84 88 86 20 67 27 42 50 10 47 13 62 70 2 41 1 18 88 72 81 17 90 76 52 12 91 34 65 71 53 31 36 48 72 55 10 
68 25 60 11 35 36 83 49 80 35 60 95 75 70 75 44 12 98 34 11 98 88 45 48 53 46 96 80 37 84 80 29 87 59 11 29 32 93 79 18 61 52 88 90 74 91 67 13 54 93 
45 72 14 78 52 77 68 38 90 12 85 53 31 67 66 3 83 90 63 83 51 47 30 69 70 34 62 71 36 12 30 74 76 24 36 30 63 73 93 97 27 31 6 71 60 32 78 7 47 49 
63 33 25 90 64 33 85 40 65 9 37 22 70 72 80 36 96 35 78 65 57 87 89 13 47 4 49 40 10 49 9 15 82 23 34 9 9 8 74 80 69 91 39 78 65 22 11 79 60 90 
36 27 55 30 45 23 67 84 7 28 1 59 21 55 47 11 13 16 62 62 59 1 14 78 89 34 83 5 43 30 12 81 23 89 72 43 26 28 2 65 27 47 1 55 22 55 32 69 4 12 
12 80 58 45 93 62 11 28 96 10 77 29 78 34 66 26 21 62 50 67 72 37 57 9 13 94 75 48 35 13 46 69 6 2 97 51 40 80 94 28 59 69 55 95 77 42 54 61 4 91 
1 17 96 96 98 60 70 98 18 99 13 41 21 19 28 6 55 5 75 26 81 43 39 34 22 53 99 21 49 99 76 9 90 3 81 51 24 80 92 35 20 29 9 26 58 64 57 38 64 69 
43 2 19 94 22 58 70 81 28 64 7 89 79 76 26 34 25 68 51 36 17 3 55 37 83 14 87 96 78 26 89 68 7 91 4 82 54 25 11 42 87 41 30 74 94 14 20 33 44 57 
78 37 85 95 98 9 85 5 97 47 75 69 69 83 38 58 39 99 4 49 67 9 84 66 28 64 73 60 75 28 76 9 50 83 57 82 65 82 27 41 49 34 34 52 35 3 21 96 82 1 
23 58 75 84 10 68 38 45 75 10 4 71 77 95 31 93 43 28 44 68 61 58 73 22 89 11 6 75 65 99 68 37 21 70 41 88 5 84 11 54 55 50 32 89 55 87 4 81 87 69 
11 23 27 66 64 59 15 91 78 49 8 18 18 79 7 81 93 63 30 1 50 16 45 37 1 76 90 39 80 21 69 19 21 42 93 66 34 7 83 26 11 36 35 2 57 50 78 11 37 5 
97 49 81 62 81 29 1 25 2 87 5 92 83 75 69 26 69 34 86 14 85 22 29 65 97 2 81 54 24 78 74 81 31 51 27 10 8 3 98 89 40 4 1 60 59 97 30 93 73 41 
53 60 40 33 20 1 27 30 50 68 58 12 5 5 96 37 46 83 43 92 20 86 78 68 13 18 62 32 96 22 60 95 48 50 63 65 87 22 77 27 27 26 73 2 60 55 36 64 83 76 
27 67 37 31 66 63 6 69 21 27 96 59 49 89 63 18 2 69 43 61 36 42 82 59 57 51 22 82 60 84 44 87 55 66 76 53 47 79 59 47 32 90 23 23 70 21 53 39 48 32 
80 11 83 67 52 59 23 26 90 3 31 35 66 16 73 27 63 84 99 50 47 4 61 67 8 25 9 63 94 6 10 20 50 90 69 86 10 18 88 30 4 78 58 80 4 2 45 60 36 46 
56 68 52 93 13 84 59 13 11 18 78 68 54 39 17 26 18 27 91 39 45 92 87 90 99 82 84 80 99 14 69 59 97 68 51 68 53 78 90 84 2 93 89 25 98 15 56 15 72 62 
4 21 31 42 28 95 27 10 25 1 59 61 6 23 90 9 55 55 84 18 88 25 68 59 21 78 27 95 63 58 89 75 6 91 45 73 3 61 21 7 78 67 84 40 17 58 24 4 11 34 
72 71 17 78 70 78 29 35 9 29 67 70 77 39 29 69 54 1 73 28 38 48 76 88 23 99 69 56 65 11 88 99 81 81 3 14 52 68 67 61 21 19 74 14 41 85 80 11 55 28 
55 1 66 86 36 15 5 71 21 25 7 88 51 90 45 79 59 5 75 84 42 36 51 83 42 63 90 81 69 61 7 98 99 5 82 62 57 72 63 82 34 22 22 57 98 58 13 41 71 19 
17 45 62 21 91 20 92 29 58 3 74 53 53 13 3 59 47 32 91 79 74 72 27 64 66 75 46 20 48 57 32 3 97 11 25 60 34 43 15 15 67 25 32 88 14 18 62 76 89 97 
49 29 61 19 8 59 80 67 9 44 30 88 17 53 85 35 17 24 72 2 20 92 97 38 53 87 82 1 11 72 10 97 65 91 64 65 55 80 83 87 79 48 84 56 65 47 63 70 39 43 
21 20 73 84 98 19 95 36 5 57 55 74 59 94 61 75 24 31 74 59 19 64 19 16 24 91 88 77 73 29 8 20 95 75 42 28 13 76 2 29 63 99 11 52 65 8 16 86 35 16 
70 49 93 58 67 78 65 20 35 19 11 95 50 88 20 22 92 84 21 93 24 74 59 40 50 75 68 27 33 94 28 99 46 97 86 44 49 3 11 42 2 66 64 76 77 43 92 70 24 62 
96 45 73 3 62 55 94 41 96 49 71 73 20 85 42 33 49 46 15 41 42 89 91 18 60 21 82 97 56 95 82 49 89 99 77 24 51 76 71 28 53 39 90 97 19 48 89 54 45 45 
61 88 89 37 15 87 94 9 8 66 56 30 78 27 13 15 15 23 23 38 68 59 28 42 1 81 67 92 2 34 99 10 29 6 47 48 54 35 57 1 1 69 95 15 89 47 90 51 33 91 
57 8 62 7 22 93 83 90 95 19 16 70 25 20 97 16 82 4 53 3 58 46 61 31 67 6 65 76 35 83 80 18 99 10 7 64 6 12 31 3 52 37 14 27 54 25 64 95 67 84 
4 54 78 16 74 8 69 39 41 95 2 59 1 2 94 52 58 12 83 41 55 26 25 25 91 88 25 4 59 46 89 35 24 51 90 50 72 66 35 74 77 9 93 75 71 74 93 97 65 69 
34 61 32 54 10 41 83 11 24 18 21 93 5 99 96 10 52 18 57 53 53 52 79 43 59 5 10 26 69 67 87 48 85 26 27 63 85 82 44 64 39 18 63 77 50 83 33 32 71 25 
9 4 9 69 19 21 79 44 52 12 73 31 87 52 59 36 77 55 25 31 28 8 2 84 36 72 71 52 70 58 39 60 57 82 42 21 48 8 32 60 58 19 4 38 71 29 90 70 45 71 
42 91 30 68 46 5 61 33 96 3 15 65 39 52 66 17 23 6 54 68 58 27 11 46 94 15 19 97 57 71 53 57 77 9 39 15 78 62 93 73 55 62 49 80 17 25 91 32 6 69 
98 8 12 43 91 35 36 53 27 21 55 43 56 44 25 44 60 7 33 6 2 93 93 12 57 35 20 15 71 53 57 54 33 23 6 73 81 63 70 45 41 37 58 93 84 46 77 39 86 57 
8 5 73 28 86 43 5 33 79 94 83 68 37 21 95 32 75 33 88 88 79 18 52 17 42 20 71 12 67 64 89 9 68 27 2 10 80 95 77 26 96 58 50 20 90 21 37 89 71 60 
61 23 97 97 13 74 36 55 66 71 11 18 63 78 72 63 75 85 57 42 63 26 73 3 91 26 58 92 7 93 75 34 5 19 85 31 44 6 86 14 26 70 40 59 59 2 29 44 69 44 
79 89 16 34 71 26 85 84 16 65 16 59 55 20 99 94 61 67 83 40 43 97 60 97 20 90 97 98 50 56 2 14 56 59 21 61 2 38 79 7 15 18 42 78 46 10 59 71 65 85 
31 90 74 32 27 22 46 39 29 29 28 62 90 13 77 55 63 52 69 32 72 23 45 66 75 31 21 33 6 25 69 24 91 30 98 81 91 23 78 99 39 65 78 23 75 48 44 18 67 81 
53 96 34 37 50 30 85 27 83 32 92 67 30 63 46 9 23 55 52 60 18 16 65 82 62 47 58 69 76 93 26 90 93 14 9 5 90 61 78 23 48 19 67 84 31 94 85 63 96 55 
5 33 89 13 47 9 18 88 67 40 89 18 44 48 8 16 82 10 33 59 93 78 74 9 22 61 30 64 25 44 86 1 69 79 69 32 92 36 21 94 46 10 78 78 38 14 99 88 35 62 
80 85 1 68 93 8 88 84 96 86 77 55 67 24 2 88 47 53 81 38 97 66 64 23 51 89 83 4 44 40 34 29 29 67 94 22 94 99 59 28 73 24 38 54 79 81 96 99 16 94 
77 67 59 55 8 74 81 14 74 55 39 91 84 25 44 32 4 86 51 33 21 86 25 24 42 43 62 35 75 81 75 1 62 43 97 96 39 51 5 35 35 92 22 67 4 92 85 67 72 26 
22 68 71 99 32 55 68 98 74 55 37 24 28 14 59 94 12 52 47 27 72 66 65 41 16 72 2 11 26 59 9 11 67 58 87 47 62 59 99 29 60 77 14 53 46 77 40 59 33 14 
17 6 35 16 96 69 49 28 18 15 72 51 44 90 91 76 72 73 34 14 27 64 7 99 23 6 48 84 41 88 84 30 66 69 71 40 54 36 51 90 88 9 63 65 14 97 88 41 20 14 
20 33 8 85 26 72 3 60 87 61 64 55 94 78 81 33 34 40 48 63 60 74 84 31 23 16 69 22 59 69 72 8 34 20 90 23 84 45 90 98 81 79 73 79 12 17 73 2 21 63 
18 67 51 9 91 67 33 16 28 78 88 49 41 53 70 38 20 92 18 10 91 40 42 17 45 67 18 91 74 18 60 54 67 11 69 12 71 74 63 61 54 48 89 21 2 25 34 77 83 91 
73 30 95 7 98 10 48 46 96 61 83 73 80 56 71 21 49 52 89 76 99 93 99 53 89 2 35 58 77 29 14 64 33 45 66 51 78 67 60 7 89 23 60 72 57 97 50 87 70 33 
18 59 80 36 86 56 9 93 51 22 43 83 1 37 30 1 48 16 70 65 66 44 78 8 52 24 41 87 42 50 44 78 83 61 9 23 70 36 28 16 93 26 31 69 55 42 6 64 30 92 
90 98 68 30 10 30 80 9 61 14 45 10 81 3 57 10 50 17 8 76 72 69 22 69 89 74 11 85 65 89 8 8 28 83 12 32 53 5 58 57 53 84 44 66 71 85 81 60 74 33 
77 80 66 63 24 69 83 18 57 47 89 40 28 49 30 33 85 5 45 68 13 52 64 36 64 48 24 61 63 55 40 35 21 33 7 79 3 71 48 35 52 11 91 70 70 97 66 83 23 11 
1 67 17 34 27 32 8 44 3 84 24 19 2 71 79 60 91 13 1 35 18 43 13 38 78 82 96 13 10 22 41 45 68 82 34 37 39 10 24 66 16 58 13 79 15 41 50 15 89 79 
54 55 68 72 84 36 21 53 20 71 52 48 32 48 20 50 84 59 87 31 13 32 37 5 85 37 90 86 59 65 78 30 34 49 85 70 74 92 33 14 19 95 78 55 78 66 65 4 43 16 
13 63 87 49 66 55 49 40 87 64 95 43 44 1 22 26 42 33 95 21 28 77 21 14 54 1 4 29 36 43 61 43 82 8 12 92 33 23 50 53 85 24 90 11 96 66 64 89 80 12 
48 57 31 80 33 90 86 91 76 59 90 12 66 10 66 4 77 96 85 92 69 43 89 77 13 29 60 2 79 52 91 70 46 41 25 32 76 93 57 69 50 25 9 13 20 20 67 22 45 83 
25 68 78 61 38 24 49 50 93 72 16 78 10 80 56 83 27 19 25 28 81 85 14 13 97 73 69 18 72 4 23 95 20 69 77 98 13 42 49 72 20 57 24 95 42 33 90 24 26 96 
95 60 18 6 16 39 19 23 32 64 89 46 43 34 7 36 47 57 57 48 75 35 35 42 9 73 7 14 72 11 70 27 12 96 59 6 48 32 51 89 96 68 28 78 79 79 69 85 66 16 
29 15 60 70 40 13 13 89 2 49 98 72 15 59 97 33 46 12 80 40 46 49 59 72 51 69 96 24 88 38 37 91 11 56 59 50 53 70 41 73 9 80 93 32 61 78 38 58 9 40 
98 87 9 91 59 77 82 99 99 12 80 52 52 79 25 73 38 24 5 74 85 36 67 99 89 73 4 17 25 55 29 2 55 68 17 80 67 76 67 36 46 86 45 92 34 70 66 71 28 81 
64 60 5 46 79 55 65 67 40 85 15 94 61 21 23 93 97 85 19 55 77 58 21 4 44 68 56 69 89 22 57 28 70 1 23 91 44 92 64 83 98 15 39 29 43 38 56 83 79 34 
99 75 10 18 77 46 33 69 19 48 64 5 13 26 52 61 74 85 65 43 80 65 81 20 12 74 81 72 54 91 76 1 47 24 27 6 1 39 36 64 12 77 84 89 44 1 36 34 34 16 
37 9 45 21 48 89 3 88 60 8 94 48 90 34 13 66 65 9 19 30 29 33 85 3 98 93 43 94 40 82 18 96 31 29 82 98 16 95 54 67 39 27 68 14 60 82 12 22 58 18 
53 92 77 67 15 8 96 46 41 29 21 12 81 77 66 14 67 14 56 80 15 33 29 79 25 68 50 42 41 3 34 12 49 58 24 25 77 81 47 31 55 60 40 68 3 26 87 48 79 67 
29 47 6 42 92 44 47 14 85 43 44 54 89 41 81 40 65 65 44 54 73 87 94 7 51 51 50 41 54 8 62 77 92 37 76 65 67 43 35 56 76 12 10 9 48 78 63 78 64 96 
37 23 44 39 25 15 34 99 74 2 2 58 49 99 28 40 27 35 91 83 17 65 1 41 84 60 36 40 42 25 6 67 64 61 27 83 82 65 75 51 90 23 40 78 57 21 27 28 11 26 
81 23 73 22 92 88 62 62 78 19 46 30 80 67 38 97 93 50 53 49 56 86 51 1 66 23 15 99 64 37 75 9 68 30 91 87 35 12 35 92 78 13 15 53 41 16 86 78 99 28 
90 16 70 59 18 91 44 75 75 59 84 98 98 42 76 39 16 50 34 26 28 92 69 49 71 77 62 26 38 89 43 51 19 1 56 50 51 79 60 90 26 1 53 26 51 99 18 41 24 96 
20 23 26 64 17 2 35 61 1 5 45 26 50 39 7 23 89 31 52 59 42 47 38 63 74 42 4 86 42 13 1 20 15 31 32 91 41 96 59 30 97 66 48 44 24 26 25 55 77 93 
47 14 89 98 81 54 38 99 23 5 79 68 12 7 58 56 44 24 79 20 62 61 95 86 29 71 33 83 92 73 94 48 59 14 74 26 17 71 7 62 48 59 96 95 21 72 17 74 83 18 
45 61 42 22 2 98 63 39 59 30 46 62 74 61 95 47 34 94 9 19 42 82 23 61 75 38 76 16 7 24 14 45 94 92 74 91 33 71 41 10 47 14 50 14 25 43 42 80 68 99 
58 53 40 46 88 16 93 88 49 32 35 96 93 34 53 64 61 40 75 34 57 22 14 7 53 66 53 41 72 97 66 81 8 83 70 8 91 22 41 70 44 23 99 36 49 45 17 7 87 42 
30 34 47 42 9 24 72 69 78 2 12 3 7 58 82 41 85 43 33 85 7 77 51 21 87 37 86 38 17 60 98 85 40 20 83 44 2 39 71 40 29 7 59 38 17 6 1 99 70 79 
38 81 2 18 4 78 43 38 19 93 8 91 44 1 42 92 31 16 37 5 23 52 66 73 77 7 54 91 74 74 42 68 49 84 40 97 28 31 13 45 20 94 30 58 15 59 43 17 34 27 
94 55 15 7 83 22 82 43 57 76 46 51 8 13 1 52 55 2 46 49 25 38 14 71 75 26 84 79 21 27 3 46 96 83 47 51 42 92 14 42 72 59 68 38 97 48 38 72 42 77 
23 45 6 12 65 68 51 71 71 75 50 91 89 1 70 19 23 34 33 8 68 86 8 67 71 29 56 68 26 40 77 13 89 91 41 46 63 75 5 89 53 7 85 79 23 48 76 76 90 39 
60 15 76 7 58 69 56 81 41 27 79 17 54 35 63 46 72 26 56 59 14 61 74 52 90 88 74 1 12 88 90 85 31 42 71 84 24 70 34 98 84 56 17 86 76 14 83 48 24 14 
51 61 8 12 33 66 65 57 65 67 50 35 20 29 47 33 44 87 56 42 16 88 60 76 8 24 98 88 46 16 98 13 9 29 23 30 17 83 39 94 86 43 43 63 15 59 17 21 50 67 
45 42 49 64 65 11 7 2 48 47 75 37 93 20 61 54 54 71 14 81 76 37 39 14 14 59 93 26 24 71 56 76 66 86 54 87 99 25 37 11 61 6 91 11 59 82 23 85 4 71 
44 37 60 58 35 79 25 17 15 21 41 66 29 36 65 10 1 95 60 57 44 36 5 90 60 65 51 85 26 38 45 36 93 89 99 45 18 55 54 53 48 45 71 23 70 4 42 67 93 22 
17 28 62 61 71 88 80 58 92 43 45 51 20 60 29 91 22 91 2 64 55 14 82 28 88 69 96 59 81 37 63 24 42 74 77 8 56 8 56 24 42 88 25 35 77 44 85 7 53 62 
86 17 20 47 11 67 71 71 9 51 11 36 85 77 46 21 77 56 35 11 95 81 86 60 57 43 54 10 82 31 9 52 70 36 89 31 94 80 23 82 86 19 97 13 20 42 49 98 77 93 
76 7 99 65 77 83 63 97 75 55 75 68 40 62 99 62 26 17 26 59 90 51 49 26 12 94 83 47 46 4 80 12 6 9 41 24 11 97 23 85 53 14 82 2 80 19 16 17 93 73 
9 27 4 35 30 10 22 71 38 97 29 23 5 4 96 74 13 41 28 36 83 47 42 26 18 18 13 8 38 48 16 47 29 14 61 88 41 36 26 43 26 71 60 69 75 79 48 64 49 14 
5 32 46 67 68 71 10 18 96 12 74 64 13 89 12 51 47 32 48 41 18 15 7 76 56 29 68 84 2 77 21 27 56 6 22 98 51 15 50 46 66 58 42 23 60 76 82 54 85 59 
27 97 53 11 73 67 10 31 9 43 56 95 76 94 59 61 12 93 91 26 33 63 7 49 60 71 18 85 87 26 31 11 82 40 98 97 36 5 58 80 63 35 79 6 77 33 15 2 37 56 
16 52 2 96 10 62 50 79 87 60 79 91 14 81 12 46 89 84 36 66 28 46 12 1 51 53 89 73 69 62 52 70 50 43 6 35 39 16 12 22 29 19 12 52 39 91 80 90 75 50 
97 21 15 72 19 16 11 31 94 98 2 53 7 13 22 34 34 52 3 7 74 19 80 21 10 82 48 8 85 24 91 66 82 56 55 93 4 26 85 5 61 64 43 57 57 20 22 22 60 2 
12 39 91 66 49 6 87 64 51 40 82 80 19 60 92 27 95 78 22 52 34 44 97 95 4 38 55 17 40 89 53 68 43 26 32 36 59 57 28 41 2 99 16 1 99 38 46 99 81 69 
87 68 66 50 11 27 17 46 48 59 78 57 27 43 64 22 75 92 35 90 26 25 96 20 61 92 69 19 50 50 84 83 89 24 20 41 36 33 35 92 31 30 62 80 63 39 28 41 27 22 
87 15 64 96 90 39 2 14 51 66 54 84 35 11 56 77 61 83 50 26 29 87 4 95 43 79 89 31 72 59 47 79 64 82 64 43 58 16 34 20 88 93 57 80 63 82 19 94 64 24 
51 85 56 41 60 72 46 7 57 9 47 92 81 10 13 26 65 8 20 42 14 54 50 45 54 58 48 32 92 46 47 24 78 62 96 74 71 74 63 76 12 50 25 89 19 91 90 66 20 67 
38 37 21 97 14 5 76 74 68 58 6 97 24 99 37 22 42 89 6 16 92 19 16 14 32 72 40 91 97 56 85 91 47 69 30 83 10 65 79 39 82 84 25 48 87 53 78 98 58 15 
68 82 51 5 91 58 32 98 43 92 52 77 41 13 88 2 12 22 80 36 75 48 12 94 56 26 61 47 81 91 61 26 32 23 13 82 39 87 10 65 12 87 31 87 36 9 70 25 70 50 
54 89 43 22 49 49 62 46 61 6 2 29 86 75 30 96 39 17 3 23 50 44 2 3 60 9 91 24 81 55 99 32 78 50 73 47 98 7 41 54 30 71 6 46 53 89 60 38 37 77 
57 3 36 69 67 22 65 1 68 35 21 72 34 38 85 43 50 18 60 80 48 29 12 82 74 49 70 9 34 43 51 64 71 63 29 5 16 13 21 56 66 50 8 49 87 85 2 66 44 89 
74 25 55 61 76 22 40 98 66 57 45 33 42 6 85 48 68 88 5 80 33 9 97 64 36 65 73 39 22 17 95 53 17 22 8 68 6 10 23 9 81 49 41 53 94 96 72 44 97 9 
95 6 21 32 33 17 38 63 24 84 90 16 62 36 67 76 94 20 94 94 8 85 72 88 57 73 13 87 88 66 60 32 20 69 17 80 17 31 94 52 16 37 46 75 64 25 72 11 55 38 
32 12 21 1 85 33 75 63 73 32 30 35 75 17 61 19 99 64 49 5 38 21 3 32 4 16 12 50 38 62 7 6 15 28 88 42 79 19 51 62 84 48 16 85 87 89 68 16 56 4 