50 266
69 67 43 38 59 92 37 41 84 71 36 83 21 10 86 57 97 8 4 26 90 42 52 40 26 58 24 63 77 51 32 7 24 72 5 63 87 62 12 78 85 42 22 87 80 43 38 6 79 72 
12 95 75 71 64 48 40 80 16 21 36 67 26 36 89 52 36 1 34 55 83 99 94 83 21 59 96 87 18 2 43 95 84 45 66 74 52 48 9 3 14 17 41 15 24 68 79 71 34 91 
80 81 71 13 97 20 88 81 18 51 33 93 15 21 98 82 57 85 33 14 75 67 74 74 64 39 10 15 80 24 76 94 98 34 61 85 2 39 8 52 66 34 54 98 34 6 29 57 90 92 
48 93 70 54 74 61 32 77 58 54 37 38 5 31 14 76 58 12 35 14 56 96 47 64 97 65 95 69 47 32 82 71 15 62 22 83 39 37 30 37 3 59 60 1 94 36 46 52 33 81 
45 10 48 7 8 57 50 41 58 2 43 33 46 61 65 51 75 45 43 39 19 19 75 58 42 25 52 72 91 71 71 12 89 99 5 67 40 38 39 94 46 13 91 39 54 30 14 3 94 46 
28 16 97 57 88 93 33 17 65 35 43 87 80 44 37 95 61 81 37 75 38 18 15 43 30 59 96 48 10 7 39 17 51 46 69 44 26 15 33 99 76 72 43 47 13 21 73 12 44 75 
21 55 25 98 17 89 31 72 42 83 96 5 22 13 52 73 23 95 84 3 31 87 23 97 95 36 9 18 91 20 35 78 41 96 53 86 84 25 39 64 65 92 3 23 86 25 88 91 51 88 
75 14 16 38 43 33 47 55 70 50 48 68 83 71 67 94 86 53 20 96 68 85 29 73 32 75 66 79 52 5 40 46 6 32 77 68 12 22 33 87 5 80 80 7 6 15 42 25 61 18 
77 88 41 3 67 27 62 87 87 53 21 66 7 38 23 30 76 82 42 65 94 99 28 2 93 92 58 91 12 2 94 30 71 79 9 54 61 31 50 1 72 88 84 18 88 89 74 15 39 64 
16 56 65 27 95 70 80 73 23 97 93 39 96 92 77 52 51 41 93 76 15 1 2 45 25 38 98 24 10 37 61 42 49 62 84 69 19 68 31 45 59 77 46 47 32 64 46 28 42 19 
44 83 37 16 82 92 91 45 88 56 25 46 40 71 83 87 77 74 53 8 20 34 83 7 59 26 30 20 30 58 38 59 6 49 17 89 38 93 20 33 75 37 38 29 37 58 66 63 50 41 
88 75 18 94 93 60 72 9 30 50 27 31 74 56 47 63 49 91 25 40 59 67 96 91 88 53 10 27 43 69 99 4 68 28 73 11 37 99 90 2 13 8 72 22 32 73 93 43 57 91 
36 89 2 6 73 43 95 21 13 67 83 1 69 41 10 99 3 89 32 48 60 20 97 21 43 81 71 85 6 69 71 12 11 90 64 50 2 80 94 34 62 43 91 82 65 75 81 18 68 21 
17 76 18 41 76 83 24 21 56 64 63 77 72 45 93 62 90 53 82 12 17 66 9 92 2 90 57 95 49 54 88 49 36 65 54 32 42 44 71 66 9 42 87 41 97 32 10 16 83 42 
83 61 15 25 70 94 99 57 25 16 75 49 17 4 76 36 58 9 17 32 94 11 49 75 16 40 69 19 83 52 56 23 15 3 46 23 58 13 69 99 6 32 43 78 61 35 83 73 88 74 
89 77 79 95 8 97 31 64 69 14 4 38 58 52 90 87 8 78 89 98 48 46 66 17 69 35 54 60 17 92 31 32 69 86 76 68 93 74 77 13 78 44 15 30 1 93 71 90 63 84 
82 57 90 10 45 72 76 74 12 82 57 42 58 21 90 4 50 87 90 89 59 28 5 67 66 26 74 96 84 61 33 39 64 30 85 28 59 75 34 38 9 23 75 15 69 59 47 81 34 59 
58 1 80 10 41 67 80 94 3 47 63 68 4 60 25 33 48 95 44 89 34 32 13 78 95 8 18 40 89 11 73 52 97 48 43 50 20 1 99 94 5 76 67 60 49 49 68 43 62 48 
38 9 36 94 1 99 29 28 17 84 74 9 47 51 67 93 82 8 23 42 3 98 47 1 79 37 47 30 43 90 7 52 24 35 34 8 90 77 19 45 19 26 63 39 52 55 41 97 86 54 
70 89 28 31 62 58 89 2 85 38 16 27 59 8 33 30 25 69 27 7 98 46 65 37 43 26 72 94 96 5 94 8 45 44 43 96 51 73 85 30 74 76 71 33 14 96 22 95 29 61 
25 38 79 70 31 92 27 31 91 64 49 11 27 62 19 8 2 80 84 52 19 22 40 92 40 32 52 76 11 25 27 64 63 80 20 80 35 5 77 22 36 58 38 94 54 24 82 15 39 2 
24 55 85 15 59 26 71 60 63 92 58 5 41 39 91 83 20 3 55 33 96 7 28 57 36 79 20 47 58 10 5 94 70 59 48 13 18 42 32 24 91 55 72 96 60 54 35 8 26 20 
86 5 71 90 10 20 87 58 15 97 83 52 14 11 81 17 38 92 77 25 92 92 14 40 17 85 46 18 88 1 52 13 7 58 50 3 65 72 87 22 74 43 20 74 85 38 75 25 75 83 
42 31 24 85 72 1 45 67 21 44 54 82 85 87 60 90 66 51 9 18 83 85 34 78 56 11 82 98 84 60 51 67 79 46 28 26 60 9 75 54 96 39 35 83 74 40 92 4 58 91 
42 94 29 67 40 85 92 92 62 85 55 73 37 52 24 19 97 27 54 45 57 40 36 86 76 38 29 87 90 4 45 48 68 17 73 92 70 40 1 10 34 63 24 79 52 83 24 72 28 8 
11 37 24 30 91 38 57 35 6 57 88 36 31 54 54 79 52 48 48 95 58 36 26 38 46 59 66 96 66 14 23 32 81 80 86 94 40 69 51 6 63 1 69 21 84 93 81 47 50 45 
1 66 59 9 19 66 46 81 78 77 99 75 12 26 23 10 25 79 54 80 97 96 53 27 5 12 9 53 5 1 51 24 3 51 16 28 3 62 67 20 54 95 14 34 35 34 79 94 43 55 
56 99 86 78 71 21 36 35 24 67 62 84 33 77 17 67 3 96 96 41 90 10 98 87 15 6 60 31 89 93 14 98 38 74 73 33 60 96 89 95 26 39 97 97 53 42 47 76 21 21 
86 77 60 33 76 19 66 58 12 6 29 69 38 30 34 83 88 94 18 87 94 50 17 22 69 26 55 87 7 6 60 78 41 19 85 52 96 57 68 4 70 46 50 79 8 61 34 1 3 58 
75 11 6 13 9 82 56 75 19 91 53 94 68 4 55 16 82 18 38 27 77 68 36 27 17 38 10 22 4 75 71 7 52 57 22 87 92 67 32 23 81 87 97 52 18 74 12 26 61 86 
8 51 83 57 45 48 57 93 14 97 2 24 70 62 81 61 81 43 18 95 49 44 80 34 30 1 33 10 16 5 18 22 6 79 47 28 75 16 18 45 36 13 44 26 27 44 31 35 58 34 
63 95 59 66 31 8 50 26 32 72 85 30 22 20 32 32 10 40 85 92 35 83 89 55 33 40 84 10 68 54 4 49 45 20 91 3 70 6 62 25 52 83 71 79 7 65 41 87 98 53 
87 74 52 15 36 5 34 60 19 99 31 46 1 55 30 62 64 84 5 32 3 5 91 87 68 1 54 90 83 50 9 5 86 15 98 36 68 67 36 63 17 50 30 41 79 97 47 62 36 62 
1 21 64 54 40 74 88 33 70 1 66 61 44 16 20 20 85 22 24 76 61 63 77 13 95 43 83 42 52 51 84 40 22 72 98 19 36 16 87 11 2 72 88 59 76 46 78 17 30 47 
50 53 92 19 68 28 30 46 82 25 2 42 87 17 89 57 37 77 38 74 70 75 29 31 81 48 21 53 40 79 50 97 87 52 85 93 86 63 49 7 34 59 70 74 43 22 42 52 68 92 
27 5 14 17 70 9 28 85 1 8 61 47 7 67 42 42 14 5 84 48 8 6 31 14 29 4 91 28 51 22 39 94 51 51 57 68 65 10 75 82 53 71 85 6 99 19 44 33 4 70 
69 86 55 62 84 82 31 77 28 67 16 85 84 6 48 76 59 71 79 11 39 31 48 86 93 64 62 62 84 60 21 60 88 22 62 28 75 98 73 41 41 79 61 56 79 16 86 72 67 78 
13 22 54 85 18 53 4 59 84 92 65 11 64 56 43 21 57 77 41 51 37 56 82 52 13 1 52 31 76 13 56 69 86 24 65 65 18 58 3 88 87 70 32 70 51 86 21 26 62 15 
26 46 81 12 90 25 6 44 61 30 31 35 95 73 96 61 12 89 42 84 31 84 66 86 47 82 86 16 43 38 27 73 78 8 97 53 53 30 63 68 30 58 48 36 7 93 49 20 41 26 
86 31 73 83 77 7 55 32 49 42 47 94 68 65 74 53 53 37 95 50 3 69 37 4 1 39 29 21 35 6 63 80 52 5 97 57 36 78 63 44 68 83 86 18 62 45 15 91 92 83 
59 31 28 42 26 56 21 45 62 69 97 7 34 74 1 32 99 94 70 74 25 94 89 29 49 24 59 82 49 82 36 94 62 98 49 16 8 25 30 71 97 93 96 92 18 39 61 86 63 43 
93 6 40 34 64 15 85 91 37 76 89 80 78 10 41 2 17 65 60 21 26 40 63 10 58 69 92 81 64 41 36 92 97 82 71 42 46 26 59 78 94 90 66 4 59 92 84 70 45 89 
84 89 8 20 65 14 46 8 63 99 55 83 15 22 31 46 20 83 77 71 22 62 32 95 96 70 41 31 47 12 76 80 47 99 90 62 19 16 83 18 90 66 4 42 15 7 61 99 31 13 
67 53 2 51 87 65 15 28 77 8 16 54 54 27 79 14 57 66 76 99 4 9 29 29 21 72 9 56 63 90 21 82 63 81 78 83 65 78 64 30 21 45 41 74 61 23 60 2 6 3 
41 58 65 25 92 2 25 52 72 2 41 49 27 40 4 10 7 63 91 48 20 95 62 43 80 95 57 44 30 25 14 21 1 80 19 66 95 44 7 87 84 97 39 50 52 1 91 38 82 77 
24 90 77 77 58 96 61 3 66 74 64 18 8 15 34 39 59 40 50 60 6 62 98 25 66 53 84 66 59 47 29 3 38 27 16 5 89 66 98 63 42 4 3 97 40 93 42 36 47 31 
73 27 79 97 85 51 98 44 15 70 73 36 82 33 15 86 98 65 67 23 41 80 88 81 93 19 52 13 8 68 33 75 33 80 44 98 61 76 13 63 74 22 63 93 59 72 43 56 39 92 
57 67 36 35 45 16 35 79 22 96 16 30 49 52 19 53 80 48 96 61 60 96 54 98 99 6 38 88 74 62 85 1 39 57 46 8 25 49 14 25 15 27 48 26 48 91 30 85 86 29 
93 65 29 67 59 85 23 58 64 20 64 72 51 72 86 63 87 58 93 53 75 75 5 68 40 39 95 65 74 88 93 55 79 94 62 59 99 76 89 23 57 45 10 32 23 56 97 21 70 35 
90 98 69 87 89 32 1 41 34 82 38 43 46 89 96 19 64 8 63 29 14 76 33 58 76 70 23 81 62 85 4 46 23 51 83 22 53 81 38 80 3 21 20 74 86 33 99 60 40 26 
4 82 95 25 83 48 23 83 15 98 40 28 95 67 84 77 20 26 60 93 42 9 13 58 42 67 33 85 82 25 38 69 30 68 75 32 53 2 5 90 22 88 34 45 87 69 31 45 41 31 
37 72 55 52 78 78 4 87 45 13 42 84 25 83 66 62 75 40 24 90 3 51 83 46 4 75 64 26 13 81 90 64 79 2 53 55 10 7 42 18 53 69 60 18 3 8 56 8 13 37 
29 17 48 84 58 3 42 56 85 73 55 75 36 88 1 73 66 85 29 34 74 93 49 41 79 64 46 94 58 27 21 76 48 26 53 27 72 73 78 7 55 70 86 76 49 75 83 53 41 10 
54 91 3 61 89 95 2 92 71 29 18 55 5 77 86 29 64 52 55 90 12 54 24 55 14 4 20 75 96 48 90 12 9 25 6 98 74 32 55 31 67 43 45 22 83 5 61 82 96 34 
13 63 44 28 93 2 12 99 50 47 43 3 2 38 1 85 24 28 76 91 49 96 84 9 43 51 80 51 58 24 34 60 7 29 40 89 43 85 75 35 63 78 5 32 22 51 90 45 53 15 
35 84 25 81 47 67 32 84 90 96 9 49 37 23 47 81 27 68 44 82 44 25 33 78 95 37 16 74 12 86 49 44 84 4 79 64 12 67 86 1 33 63 69 9 55 15 21 14 65 71 
41 8 66 5 64 9 54 17 60 42 45 83 60 80 12 80 79 45 76 50 27 71 96 60 95 43 50 59 11 62 96 40 27 77 56 21 80 70 75 67 6 51 44 33 4 62 85 69 35 13 
48 84 94 88 96 85 99 98 57 32 96 6 49 11 38 41 91 58 63 5 10 37 46 28 19 60 47 45 25 31 39 62 22 35 55 53 4 32 69 33 70 45 28 99 92 73 11 3 14 51 
93 58 21 48 24 12 71 8 40 26 46 10 33 4 52 67 22 62 38 95 33 7 93 30 35 51 59 24 53 58 16 49 43 58 15 88 64 78 95 59 55 19 83 97 31 28 28 56 78 71 
10 47 44 61 1 98 49 80 77 82 35 76 25 2 83 55 27 64 11 79 23 62 64 38 84 83 39 62 95 5 26 90 22 26 37 34 7 10 6 72 69 33 42 40 66 79 8 60 67 85 
9 46 60 81 25 4 11 98 85 65 2 41 35 97 57 61 75 90 22 28 55 10 46 78 2 52 90 31 99 87 46 31 30 1 13 50 22 22 95 10 92 56 86 66 74 75 94 31 21 15 
77 51 60 27 32 44 61 49 10 33 60 62 25 10 89 31 25 15 27 2 21 98 44 15 71 74 44 20 68 33 43 29 76 43 74 7 73 87 81 63 1 32 86 52 32 82 39 72 55 21 
37 58 36 66 96 28 1 91 99 25 75 28 82 46 88 85 36 88 45 69 47 19 11 67 18 21 34 65 57 48 67 63 43 70 22 14 98 58 24 41 99 28 21 31 43 60 92 10 31 11 
87 30 64 68 39 24 66 81 71 85 44 64 46 7 12 95 63 56 22 22 46 1 97 20 98 21 17 59 43 65 53 86 4 32 61 31 9 6 12 47 16 76 1 18 82 44 45 79 69 17 
44 14 42 17 58 86 56 20 14 74 95 77 63 51 72 56 77 83 19 12 44 48 49 73 97 82 65 14 68 93 1 61 33 40 63 49 76 20 19 47 50 98 98 70 5 88 95 15 26 50 
51 22 3 64 66 31 6 30 26 26 61 10 36 7 39 96 22 23 1 95 74 38 86 82 73 30 25 63 71 24 43 93 73 68 77 87 93 94 23 71 17 42 14 3 2 29 2 36 20 67 
35 8 21 74 47 29 71 75 60 8 69 72 41 30 51 95 39 33 51 26 99 57 40 62 98 86 27 35 58 37 74 82 15 71 84 6 59 46 79 39 50 46 24 50 31 19 64 48 16 12 
38 42 5 41 50 60 8 17 70 16 56 38 21 20 31 87 65 41 31 74 86 59 96 54 56 65 5 82 32 27 61 9 41 35 43 96 42 50 23 94 57 6 68 44 92 2 2 64 8 88 
98 38 25 46 10 88 42 49 96 67 34 71 37 18 18 96 55 63 29 29 28 27 99 95 43 80 61 46 97 72 53 92 75 97 16 60 80 83 16 11 45 10 36 60 75 77 97 47 84 96 
19 55 15 92 75 72 92 94 50 53 28 25 10 39 68 40 98 27 6 81 10 57 74 1 31 89 62 75 97 9 70 81 3 97 33 23 81 46 7 52 71 52 96 55 92 46 35 27 24 11 
70 42 91 89 5 58 22 15 38 63 36 17 97 9 83 53 69 10 79 75 41 94 22 40 1 83 3 82 41 38 61 20 6 96 71 69 22 76 50 91 88 96 31 93 5 93 87 51 71 54 
29 25 29 8 65 7 61 54 71 99 75 40 99 81 19 14 64 43 24 57 17 96 72 93 27 85 34 89 43 36 79 21 56 25 66 57 91 43 57 92 39 81 10 67 43 19 71 53 14 43 
5 65 24 23 78 44 41 70 35 57 34 32 25 59 71 22 85 39 1 63 42 41 32 13 28 86 21 35 5 9 39 39 79 85 59 6 93 17 31 66 65 26 30 53 61 11 18 10 29 41 
2 92 23 98 23 63 85 75 17 87 9 48 65 49 65 47 22 32 44 9 74 86 54 64 15 23 84 75 43 22 6 38 31 49 61 16 52 45 79 90 89 14 44 19 14 56 29 52 19 1 
33 31 17 35 18 76 99 72 99 66 11 37 64 31 22 34 59 40 31 57 8 42 9 76 41 39 67 83 88 46 7 87 65 9 28 26 6 55 43 17 54 26 83 13 5 92 59 60 78 25 
11 23 16 4 82 98 20 19 80 18 70 92 73 20 59 72 77 89 44 56 77 42 16 81 97 92 45 86 64 76 53 87 83 33 41 11 62 36 83 25 26 87 17 52 26 94 59 74 63 48 
33 10 38 21 18 57 11 80 50 25 23 21 51 98 22 86 65 88 42 47 28 20 63 47 29 50 28 17 64 57 66 70 28 23 93 98 21 67 9 62 37 39 45 15 12 83 57 44 66 23 
38 65 39 12 55 7 97 94 47 27 81 89 96 90 29 62 10 74 66 63 75 36 15 79 25 5 53 80 70 80 74 32 85 99 76 17 79 37 27 57 40 45 65 15 53 29 37 93 27 77 
39 56 13 41 68 39 71 12 29 82 98 8 78 13 46 17 16 38 28 87 52 64 50 13 2 97 3 56 9 54 34 73 20 71 36 58 87 21 1 67 6 58 94 82 26 5 38 90 11 83 
97 80 9 58 45 89 30 41 68 56 65 29 47 99 21 28 96 6 10 46 77 50 78 46 76 20 86 7 4 37 93 36 92 64 14 57 80 41 58 33 95 48 77 24 59 67 59 70 68 13 
83 2 88 61 70 71 88 15 49 44 12 4 54 48 12 32 59 42 74 22 8 63 87 32 98 58 11 16 20 72 41 15 72 28 48 7 65 38 34 29 8 78 58 26 25 29 19 44 32 20 
72 33 44 78 59 79 94 33 51 72 86 84 6 85 37 2 15 78 99 41 32 38 37 74 78 24 49 69 43 48 95 3 91 55 31 43 9 10 37 85 21 5 44 63 33 98 49 54 84 83 
67 98 97 4 70 69 3 81 28 40 91 21 22 39 96 1 93 34 85 46 25 2 43 98 32 10 37 90 3 25 72 60 81 95 71 20 69 44 37 73 33 21 54 76 66 18 80 32 63 72 
77 52 81 80 3 72 31 3 48 82 17 9 14 88 25 8 64 23 72 48 62 84 55 91 57 60 66 8 64 50 22 52 1 17 71 88 88 19 37 95 6 20 57 38 27 98 81 35 63 47 
64 23 97 40 18 96 72 61 3 9 49 50 49 17 19 47 5 84 49 13 69 79 58 34 4 65 82 77 69 70 11 76 23 73 17 60 4 5 16 39 39 43 21 80 23 10 44 13 84 72 
29 23 82 11 86 42 34 31 14 82 64 35 23 44 93 52 11 11 25 46 25 77 8 88 7 92 40 66 18 73 97 77 80 37 28 17 63 86 83 82 73 51 3 98 17 23 70 45 99 93 
49 52 7 39 61 58 94 92 58 57 41 39 36 59 45 57 78 24 50 58 85 2 80 88 95 83 30 16 65 69 72 81 45 93 50 68 47 20 59 5 20 25 59 96 44 73 87 91 23 7 
70 69 25 26 64 45 93 76 10 52 99 64 49 97 66 99 55 74 9 4 94 88 15 80 32 92 74 33 85 46 4 51 83 11 34 58 87 76 99 65 42 51 95 65 48 2 22 92 41 93 
62 39 40 23 7 60 20 63 9 94 10 61 74 57 34 41 90 37 53 10 80 59 20 74 77 35 64 35 21 85 49 55 54 67 79 82 94 13 53 26 81 5 15 94 43 8 79 99 28 34 
50 17 34 85 25 50 98 40 57 21 9 68 8 84 74 7 42 86 60 67 42 64 91 20 90 82 25 89 89 88 5 96 26 28 21 56 33 58 96 11 50 82 19 55 59 31 50 37 87 90 
11 48 85 42 44 42 49 9 80 79 84 88 45 26 13 60 24 78 35 3 88 49 54 73 24 99 10 36 28 32 35 99 25 16 26 36 1 98 72 18 17 96 91 44 26 97 19 38 16 52 
56 75 17 68 23 23 97 10 10 50 96 69 45 75 96 1 30 1 27 18 48 38 12 75 16 70 60 36 67 53 22 32 64 17 81 19 48 94 11 5 40 86 17 95 9 19 74 95 59 14 
34 62 94 23 27 11 38 33 2 84 54 72 83 84 82 14 10 46 11 60 62 98 27 86 51 89 26 5 89 72 77 86 10 26 89 23 93 12 82 58 2 26 67 95 42 87 94 79 87 81 
81 14 36 45 38 25 24 87 33 12 14 78 35 75 51 51 27 53 94 84 90 62 62 95 41 4 50 48 41 57 99 1 91 56 42 2 47 21 20 92 77 50 62 34 99 63 45 25 3 28 
35 96 75 66 18 29 1 76 6 70 38 51 71 6 37 23 23 26 59 42 73 69 46 60 14 37 63 17 53 7 41 67 98 13 6 1 96 54 3 80 66 36 40 13 2 75 94 81 55 72 
14 77 42 82 21 1 23 17 91 75 48 3 64 34 50 43 11 78 59 10 23 47 3 15 29 29 10 46 30 58 46 21 63 36 95 93 71 4 65 1 78 92 94 63 44 16 10 62 89 78 
21 69 57 90 24 97 93 38 36 16 60 17 92 73 89 70 83 58 69 99 24 82 91 87 50 71 95 2 44 45 7 38 28 85 39 48 58 59 52 36 35 80 67 74 20 78 37 76 95 2 
73 8 75 20 68 17 50 81 94 92 79 19 36 70 37 12 94 69 31 96 82 26 69 56 39 74 41 84 31 67 60 65 28 80 40 69 54 88 92 63 59 30 99 4 76 99 57 59 10 67 
31 68 35 20 32 90 5 67 27 33 90 26 79 54 11 83 48 81 71 2 98 17 77 54 22 6 14 73 25 39 63 48 83 15 2 17 12 27 92 54 57 54 16 87 43 40 3 26 77 77 
12 66 3 56 22 75 56 14 42 72 55 70 9 15 87 40 23 85 41 99 51 71 12 46 43 63 59 38 69 16 62 98 84 16 7 47 83 37 59 9 22 34 39 9 76 24 6 76 13 38 
34 64 81 14 16 15 82 86 60 63 85 42 32 59 53 39 62 7 24 98 49 42 98 43 94 6 18 21 93 38 8 30 53 90 61 26 96 57 2 13 4 6 35 41 51 70 31 60 77 7 
30 31 34 21 77 18 80 75 37 14 68 95 86 70 20 6 27 89 80 48 28 81 96 96 24 37 2 97 4 7 74 16 2 50 97 30 38 15 93 31 98 65 11 87 53 87 50 78 68 25 
5 45 56 53 73 19 48 57 61 89 92 65 19 51 44 61 28 82 3 24 22 18 75 26 21 86 38 85 61 48 39 59 70 25 50 67 18 15 76 81 19 5 28 91 90 84 97 4 77 51 
8 35 49 99 38 65 64 43 71 55 89 55 89 4 44 77 52 21 56 59 2 3 4 74 36 10 6 24 3 5 33 66 55 37 24 51 68 42 60 9 9 49 96 67 71 71 58 44 21 70 
70 20 45 53 22 4 87 32 43 64 30 69 26 46 57 48 1 66 68 19 35 94 20 78 24 51 70 14 89 56 91 99 84 68 40 51 68 97 83 15 32 54 77 6 90 14 95 6 42 63 
83 40 48 67 72 31 59 29 50 80 95 23 70 10 32 14 53 95 8 67 57 42 25 70 14 43 84 81 10 45 36 14 90 50 11 61 8 92 63 58 87 97 70 33 56 85 35 28 10 10 
70 36 73 70 7 42 45 12 7 10 69 75 69 23 77 43 54 91 25 19 31 97 70 43 80 64 17 21 72 60 84 6 46 53 30 96 28 31 48 9 80 57 17 34 54 8 96 74 33 92 
79 65 73 68 47 74 78 75 26 22 58 48 2 49 71 51 65 57 22 38 59 98 5 48 87 59 62 31 22 49 91 77 40 69 13 6 16 73 28 41 54 12 19 13 66 83 64 6 6 90 
44 15 91 22 86 44 23 74 8 87 74 20 9 14 18 65 81 57 32 68 71 45 63 28 39 29 8 88 81 67 6 53 72 68 56 83 31 92 30 78 3 88 96 13 69 19 68 27 81 94 
50 44 51 11 74 55 49 42 71 82 13 19 19 15 34 12 19 79 12 59 24 6 59 81 74 58 22 60 49 48 95 87 2 52 12 91 15 87 12 74 86 99 67 66 42 64 16 45 72 53 
42 73 41 22 69 27 42 4 75 50 32 96 88 44 96 67 99 58 49 5 12 70 97 79 1 69 58 82 36 37 68 14 49 41 86 78 38 26 54 28 27 28 93 72 59 68 91 99 96 42 
52 5 68 66 33 95 33 11 10 47 63 79 2 55 52 46 32 94 38 14 98 96 55 5 84 25 67 44 39 91 86 8 8 13 44 9 36 34 12 47 1 66 6 8 51 74 61 80 62 30 
29 42 13 47 54 81 52 6 28 17 31 48 98 7 5 22 45 24 90 61 10 41 81 93 76 64 91 42 59 16 59 23 49 70 23 48 40 24 36 80 4 17 47 38 68 83 33 64 44 73 
79 76 91 93 30 32 59 17 86 29 90 65 83 15 92 84 18 72 80 73 1 78 81 53 2 54 47 79 57 97 75 59 35 14 74 23 33 95 3 54 28 9 71 18 97 72 58 53 70 71 
85 72 88 15 80 64 76 18 70 5 18 24 84 49 61 78 48 50 79 2 8 28 12 7 79 28 23 52 54 85 15 21 96 37 10 48 75 20 7 35 39 5 88 21 9 41 55 68 87 83 
12 61 3 67 37 90 41 40 33 28 93 82 48 93 79 90 72 78 3 33 53 13 86 46 54 23 91 5 59 43 67 38 54 37 35 72 3 71 6 52 57 14 45 75 88 48 66 31 68 31 
27 87 8 52 99 97 47 81 49 45 20 42 14 44 38 75 49 38 64 65 26 18 68 55 79 54 37 37 4 60 74 61 62 27 8 75 89 69 42 7 83 21 46 80 22 48 32 24 99 19 
89 2 86 32 20 3 52 65 11 85 80 57 64 69 18 63 73 17 42 28 95 60 65 16 34 77 43 97 2 41 81 16 41 46 25 5 55 28 67 59 9 48 76 60 72 50 29 17 33 18 
24 82 89 97 92 19 53 48 73 64 20 83 61 24 56 6 18 24 5 82 75 25 92 11 89 52 58 16 30 47 60 95 94 19 48 19 22 75 73 72 1 34 10 58 36 84 27 38 43 6 
67 83 50 31 85 76 82 14 73 8 43 33 69 51 86 8 60 28 52 40 90 27 72 65 34 78 15 86 81 33 80 17 38 48 2 64 11 39 61 12 79 8 23 67 40 89 68 93 60 58 
86 64 16 13 63 44 39 47 33 61 58 98 18 2 68 23 1 4 48 97 68 44 59 50 72 10 93 54 27 16 53 5 63 39 71 37 70 13 42 76 10 78 3 19 80 53 40 76 45 24 
20 66 68 33 3 88 65 54 50 84 41 57 8 77 73 91 41 80 59 7 84 43 93 37 42 56 19 6 53 66 87 52 7 2 62 83 11 59 30 99 37 36 75 82 28 83 70 77 45 62 
68 31 16 32 57 60 57 11 80 52 17 5 80 15 93 73 39 22 75 72 46 68 99 38 16 3 32 42 14 56 66 33 72 30 83 25 97 29 29 66 1 48 26 51 2 51 96 87 96 9 
77 5 20 42 75 96 52 68 63 37 62 45 30 93 79 99 8 39 51 79 60 48 41 55 85 45 78 60 67 33 46 90 25 8 45 33 21 5 22 3 17 98 91 68 26 74 94 67 29 49 
54 37 20 7 35 66 3 77 25 74 6 9 82 47 10 54 4 1 76 5 43 77 9 9 44 45 59 16 71 93 5 98 69 52 72 45 85 92 11 17 67 84 39 56 12 79 35 90 75 23 
46 68 9 10 74 96 75 97 20 1 45 9 16 28 97 88 30 11 49 54 15 83 89 95 81 69 47 89 60 16 5 98 2 22 90 76 60 23 11 27 11 40 64 2 37 94 88 52 44 52 
28 37 70 22 92 31 60 30 20 35 86 75 27 13 77 72 49 72 7 22 96 76 10 92 8 2 4 97 35 87 23 72 26 77 47 84 94 75 94 26 61 35 14 26 98 91 62 33 30 47 
47 15 72 26 47 81 96 89 98 73 78 65 78 68 35 92 8 32 64 82 35 27 52 62 80 62 79 12 60 6 20 52 54 98 14 2 72 87 80 31 24 42 44 10 82 74 64 69 16 76 
82 12 82 2 46 46 86 45 93 31 97 99 98 30 45 8 39 67 53 98 79 32 62 76 58 95 21 91 41 31 89 72 33 38 67 35 57 49 85 86 74 21 18 9 55 85 4 23 68 44 
97 34 88 90 41 57 61 21 27 82 28 70 77 37 87 61 49 75 41 43 56 18 62 47 66 15 79 42 52 19 39 96 97 84 75 11 15 43 29 87 61 46 6 16 7 94 17 32 53 18 
11 42 91 2 72 78 91 34 54 30 50 4 87 91 29 16 27 21 21 95 15 66 54 69 7 90 43 39 93 75 43 21 5 75 53 92 29 36 57 42 5 54 37 42 45 19 27 15 40 42 
76 47 36 89 83 34 89 72 33 50 34 46 39 52 89 78 8 46 31 18 93 5 5 67 11 63 97 21 4 49 77 82 72 86 34 36 63 81 19 95 63 96 45 11 51 99 43 21 43 18 
44 40 20 75 31 55 24 71 33 60 84 35 60 14 14 18 18 79 65 15 55 87 49 12 25 87 31 30 23 43 80 44 16 34 38 55 22 45 14 88 18 54 52 61 62 62 25 22 77 40 
78 61 2 95 60 60 61 73 80 69 14 75 82 75 59 26 20 28 2 73 88 91 30 66 48 43 92 33 34 13 90 15 77 78 4 15 70 24 62 88 62 63 64 98 25 24 59 40 68 33 
92 61 27 17 37 6 38 32 81 19 14 70 23 29 84 41 53 66 3 27 73 29 87 59 72 42 56 79 3 6 92 24 42 64 38 14 50 74 41 96 81 32 96 13 89 88 2 88 68 41 
45 14 38 30 94 99 19 36 28 91 11 27 42 99 60 8 12 24 47 42 90 73 31 66 23 44 99 16 54 8 34 9 14 8 23 89 60 58 56 49 13 45 91 17 30 55 40 93 85 67 
26 51 59 68 4 91 9 53 73 73 65 12 15 65 47 70 83 39 50 77 97 30 37 86 13 53 40 34 30 43 11 7 60 93 35 42 10 76 73 67 61 39 27 12 69 60 50 27 95 73 
13 45 55 36 88 33 97 43 36 33 63 10 33 23 50 21 77 93 44 74 16 8 33 66 36 73 79 28 48 52 59 58 81 95 70 22 75 75 17 20 60 74 31 74 68 82 52 42 6 11 
88 20 10 89 84 67 31 1 59 71 33 73 72 56 34 61 42 13 10 84 21 50 19 56 96 39 3 45 93 58 36 63 76 59 84 72 71 55 1 2 95 34 2 36 28 5 48 37 35 20 
72 11 66 82 13 31 65 90 17 28 28 78 85 99 15 98 95 28 59 62 98 14 2 47 71 18 65 92 91 24 25 59 49 27 3 78 35 65 39 16 42 40 66 90 87 1 53 42 7 56 
33 17 72 11 50 51 43 73 97 36 57 38 69 13 39 69 67 46 71 62 34 30 62 64 63 89 25 86 79 9 68 39 42 28 13 5 27 3 56 32 5 4 35 82 49 61 54 37 32 63 
28 64 55 27 15 84 49 96 81 86 6 22 31 26 31 94 30 77 16 43 50 26 79 60 40 59 60 34 20 68 75 3 73 37 57 13 65 14 64 55 76 85 19 35 57 35 89 15 9 55 
26 79 80 24 5 1 97 10 81 41 80 24 32 5 39 72 26 39 91 18 34 45 99 65 20 7 72 35 38 5 74 6 27 45 14 98 84 91 98 5 80 47 25 96 22 53 18 54 60 10 
78 8 78 18 90 55 46 21 24 87 54 83 6 91 51 2 98 41 37 76 92 1 17 49 5 98 14 44 64 30 71 82 26 36 1 57 60 57 61 62 18 12 18 33 72 46 81 23 20 93 
50 69 1 89 25 45 15 54 52 68 8 92 19 23 66 30 49 78 76 23 8 99 25 4 43 77 71 57 3 59 94 73 48 12 44 19 88 58 87 42 48 56 10 30 78 10 80 93 75 85 
73 30 59 14 19 1 97 45 28 24 94 4 58 71 38 10 42 79 28 37 97 88 55 94 95 14 85 25 21 24 10 99 75 46 93 61 83 74 87 48 70 38 87 38 80 12 1 49 65 45 
86 79 97 38 4 91 14 67 22 65 58 71 87 52 12 1 29 66 66 7 10 88 77 93 85 46 58 83 39 45 50 82 11 39 53 5 75 63 37 48 65 43 7 7 31 39 99 24 44 45 
7 29 36 25 58 2 29 96 78 9 39 69 83 44 65 99 54 64 68 24 78 29 19 65 25 15 56 69 98 32 6 45 12 27 72 3 38 81 78 53 1 57 49 54 9 98 48 21 39 39 
40 1 27 36 34 17 5 95 55 57 39 93 59 62 76 64 99 36 61 95 87 9 18 39 50 56 20 30 91 72 90 19 80 66 22 98 46 11 59 63 12 47 92 31 74 92 83 7 75 87 
52 96 30 55 79 80 16 21 5 46 94 45 44 18 94 16 76 85 87 27 22 5 25 50 21 66 5 19 23 98 32 34 16 71 63 45 56 56 70 19 10 82 51 89 11 96 84 79 81 67 
45 99 45 46 60 36 98 15 90 22 3 72 71 4 83 55 87 96 70 64 12 99 50 80 65 21 30 45 73 67 66 6 44 77 30 98 43 51 17 37 84 77 78 82 49 61 24 96 25 69 
49 49 39 28 43 93 7 3 7 22 83 83 17 10 58 50 75 2 39 81 53 33 89 43 8 51 71 10 87 23 16 12 29 52 31 67 55 69 20 10 68 10 50 74 92 9 9 79 2 76 
42 75 15 6 92 63 87 85 57 43 8 92 8 26 26 6 98 58 22 50 12 40 67 42 14 73 24 37 77 71 19 73 7 42 45 25 62 25 50 30 92 7 58 47 27 64 91 12 97 14 
6 92 38 20 43 24 63 58 3 18 8 26 86 87 33 58 12 60 80 69 11 21 30 22 23 18 30 38 55 42 41 37 44 64 70 14 33 8 43 75 67 52 88 10 67 86 26 32 10 52 
25 76 4 68 93 63 92 71 79 63 2 27 85 27 9 52 21 2 46 42 60 32 61 3 80 96 2 39 52 44 85 14 51 28 50 75 7 8 49 62 52 76 94 23 89 62 24 44 56 28 
25 59 19 16 24 48 95 43 12 65 4 58 56 51 35 32 16 42 94 61 36 41 47 61 83 30 75 29 74 76 60 46 53 76 53 20 24 23 92 54 20 75 7 50 12 10 92 34 80 39 
52 44 60 97 5 23 94 31 49 35 21 69 57 81 32 56 55 19 83 84 11 61 47 86 27 96 44 31 41 15 44 39 93 28 57 61 25 39 63 88 10 19 20 84 47 88 29 54 26 37 
61 36 7 16 72 88 68 59 95 11 36 65 79 8 4 25 59 57 23 58 15 94 86 22 82 15 48 35 46 45 21 87 59 42 13 36 18 58 38 95 77 49 81 70 99 5 79 61 9 32 
76 43 75 9 49 20 99 35 60 54 75 83 27 63 9 4 72 20 59 7 20 40 79 79 43 47 66 71 95 16 60 16 77 48 11 58 21 55 22 25 43 94 95 11 25 65 18 5 17 41 
12 49 60 50 14 76 49 28 6 53 87 96 76 66 45 94 50 74 70 28 93 10 23 6 96 68 66 79 96 83 9 52 19 13 89 39 39 80 85 11 58 43 95 24 27 71 48 91 20 23 
15 33 19 86 80 54 60 24 46 44 56 89 87 11 11 76 77 99 91 14 61 69 79 24 49 79 34 54 67 51 36 76 75 72 73 46 33 15 99 8 8 88 14 86 97 3 51 60 79 48 
56 78 92 48 46 97 83 34 81 43 88 49 11 26 27 12 28 60 80 43 89 42 32 61 20 80 52 87 39 50 58 19 35 53 56 84 36 86 3 81 27 68 41 90 93 95 58 11 40 8 
86 92 62 7 48 36 71 30 15 67 64 15 30 99 49 69 9 26 99 87 70 98 9 18 67 99 88 94 4 28 92 15 42 92 38 85 74 61 27 12 3 50 43 87 30 44 12 5 65 48 
12 69 58 60 54 71 49 27 72 3 51 80 10 67 83 74 45 95 93 98 57 36 81 30 66 40 59 52 49 97 37 30 97 47 37 19 74 32 25 3 54 50 16 46 14 6 2 26 86 37 
8 1 56 13 2 75 58 60 32 43 37 41 92 19 70 26 64 63 97 24 37 55 42 28 11 11 99 55 59 32 38 18 28 94 56 59 38 15 24 27 82 17 81 37 83 92 64 33 57 56 
9 24 13 99 78 82 7 74 43 71 97 53 65 92 43 97 17 29 98 1 76 81 67 84 49 80 66 4 90 24 91 99 12 86 66 52 59 22 59 80 13 13 35 69 39 67 2 4 11 15 
31 31 93 7 66 93 80 83 29 45 71 73 92 66 14 54 3 99 19 17 86 4 37 46 26 57 39 63 28 36 89 85 13 97 75 63 51 32 37 49 95 6 51 73 3 34 20 6 22 65 
92 75 74 31 11 61 69 10 85 35 88 56 76 8 23 34 93 15 31 43 79 55 18 55 39 82 73 31 64 33 43 96 19 58 71 45 67 76 26 62 93 60 86 1 90 8 47 47 9 40 
47 8 56 26 58 33 87 99 31 37 79 85 6 4 61 50 41 66 29 32 44 74 73 44 61 17 70 90 95 51 29 40 69 21 1 91 57 56 25 71 77 57 27 28 36 54 68 56 99 92 
58 40 41 70 83 91 52 68 56 69 24 61 33 24 3 77 82 41 8 16 57 61 8 91 50 44 39 40 26 27 3 86 62 90 54 70 76 66 17 68 96 26 7 29 57 24 9 27 14 67 
7 47 81 89 55 49 20 96 6 91 6 87 59 78 23 17 61 90 42 9 43 12 74 81 45 42 43 12 95 62 64 28 17 77 55 97 2 81 77 60 27 77 11 6 74 60 86 50 9 7 
82 83 85 39 44 86 95 45 45 19 43 36 50 90 29 99 1 15 20 4 34 30 39 33 67 26 8 8 17 68 58 15 70 8 84 40 40 21 53 78 34 33 68 72 30 29 88 29 93 1 
68 40 46 70 5 66 73 82 50 29 89 87 12 12 42 9 91 1 23 77 14 26 20 30 95 94 69 52 25 21 17 64 99 11 96 17 53 35 12 81 20 82 54 22 16 15 91 75 82 60 
22 44 31 60 71 81 83 65 19 27 60 48 36 64 52 60 40 17 20 71 87 72 76 97 5 88 85 26 11 92 82 49 72 72 64 23 21 87 84 60 55 57 31 31 16 15 94 6 14 20 
52 5 26 88 46 57 29 85 94 54 36 29 16 87 22 41 67 76 70 7 82 5 74 5 36 21 14 96 13 55 15 48 18 18 84 7 72 91 50 29 46 63 65 80 80 79 90 38 43 78 
80 1 9 29 25 40 88 35 39 32 20 21 8 75 80 38 24 95 83 53 34 74 15 3 31 42 22 54 63 35 63 99 97 37 52 65 76 38 98 73 39 11 87 5 61 15 70 98 40 3 
62 67 66 32 80 5 30 61 75 98 21 69 85 43 77 21 74 75 44 99 76 40 74 72 66 57 5 18 20 27 96 27 34 53 64 41 14 45 68 60 99 60 24 35 58 10 92 16 75 43 
30 21 34 25 40 90 79 33 52 83 90 77 30 85 23 19 36 52 82 76 17 10 48 5 2 24 9 82 21 90 51 89 24 45 69 85 28 4 96 50 3 39 43 13 1 30 27 93 36 81 
25 30 6 7 21 11 78 82 7 62 82 54 33 74 3 99 5 43 64 59 41 58 88 56 80 94 43 45 49 61 73 96 41 39 57 12 81 35 12 85 86 48 39 98 91 93 85 68 38 74 
91 38 47 34 92 25 64 91 66 64 42 36 33 16 47 92 11 92 11 80 9 80 94 54 12 15 84 67 55 13 78 82 54 49 74 64 73 52 3 59 34 93 19 73 54 98 31 98 27 30 
44 41 71 30 55 22 41 29 58 5 60 69 73 51 68 15 15 5 45 24 76 52 65 87 31 87 28 26 59 49 66 40 4 48 1 41 58 89 55 59 81 15 1 33 26 19 16 57 25 83 
23 74 6 82 88 80 10 3 18 4 35 55 38 83 40 78 9 84 34 13 21 22 75 36 80 58 41 32 77 83 8 81 32 61 21 66 40 65 4 36 92 91 28 99 75 6 72 14 85 72 
51 38 90 41 66 88 92 30 11 16 63 6 82 39 15 42 86 89 78 7 22 20 62 78 56 93 39 26 67 8 26 69 5 74 73 35 8 66 59 3 68 42 97 19 93 70 72 53 89 48 
51 82 39 55 36 39 47 76 40 23 11 47 96 59 68 66 93 42 77 53 42 41 62 77 79 91 7 27 2 15 28 17 65 64 21 94 73 83 91 7 77 84 33 29 42 25 86 81 90 44 
57 3 32 11 8 25 23 59 97 16 27 31 5 1 55 24 12 89 91 55 47 8 15 35 4 78 35 75 60 60 17 39 56 83 89 63 47 61 91 15 87 73 10 11 43 66 64 79 21 35 
3 94 24 19 35 87 83 37 12 56 66 61 16 12 72 16 65 75 11 48 67 91 24 87 62 26 16 20 11 56 85 13 46 43 67 80 15 61 13 35 52 60 56 79 94 43 10 22 25 37 
45 76 19 85 26 48 92 4 39 49 29 83 12 14 43 56 68 70 44 31 58 95 36 8 39 53 2 31 52 39 9 88 66 44 12 88 11 55 84 81 5 38 90 43 4 14 70 2 91 26 
37 71 43 50 92 44 16 14 25 18 20 25 68 19 76 91 60 60 37 22 3 3 30 55 86 89 79 38 56 36 78 21 16 74 19 70 13 35 18 27 86 95 1 27 91 42 99 24 81 19 
16 10 99 71 92 19 47 27 10 73 68 7 61 78 1 98 85 4 11 85 66 73 52 20 72 65 76 57 2 94 49 4 62 91 51 12 45 89 62 82 61 60 5 51 23 1 38 92 42 77 
98 59 70 21 5 44 17 29 49 46 74 44 28 39 94 14 27 76 37 16 23 41 34 3 53 25 45 77 75 14 41 7 87 63 7 12 71 68 22 54 76 68 50 51 37 55 48 70 88 96 
8 45 32 40 42 66 18 9 18 51 55 10 6 68 18 85 68 41 54 89 47 98 65 75 16 65 18 16 50 42 62 33 58 54 38 93 75 65 29 2 60 77 21 47 90 55 60 33 18 90 
37 40 12 27 37 27 70 57 53 19 28 48 25 77 18 98 3 1 22 60 80 71 6 89 22 5 34 49 29 75 72 70 79 27 72 9 1 28 30 64 11 12 19 11 4 30 25 43 64 9 
40 87 23 1 25 99 19 25 79 43 5 72 48 87 77 96 44 85 34 66 30 66 1 58 44 31 22 35 73 52 16 12 12 89 45 82 6 86 33 39 78 16 85 39 25 78 52 26 88 62 
31 80 96 58 70 77 68 56 70 12 55 83 60 85 89 40 75 97 64 35 43 19 10 50 47 36 67 22 61 98 7 42 75 25 43 65 97 97 5 25 9 15 68 74 18 84 95 85 73 54 
22 91 81 19 7 22 10 7 90 50 11 6 96 26 43 61 18 30 21 21 79 11 70 72 29 6 10 24 83 23 47 66 24 19 10 35 29 44 26 46 24 38 34 71 99 56 86 78 13 32 
25 9 12 39 68 37 92 84 73 36 54 93 99 91 25 24 49 42 14 80 3 82 91 74 36 9 69 68 81 68 64 89 98 58 31 4 4 95 39 98 24 21 67 23 17 63 85 57 62 3 
89 20 58 62 1 99 91 52 75 68 43 79 8 28 51 8 29 78 13 60 52 41 29 16 92 18 28 52 52 86 74 65 76 2 1 52 36 28 16 59 69 41 9 38 74 68 46 22 25 58 
77 73 83 17 1 48 86 82 45 92 20 31 24 85 47 56 54 26 8 55 40 46 80 1 65 47 17 83 1 93 86 74 78 96 31 62 19 57 3 26 17 34 71 37 6 97 73 20 55 69 
30 28 38 64 86 19 7 10 34 79 86 80 83 97 62 87 18 20 36 24 24 93 17 4 79 49 2 78 80 25 16 10 44 91 13 45 46 84 33 12 90 99 32 54 24 20 79 22 49 88 
4 13 25 21 19 98 98 58 1 89 1 10 55 29 74 46 25 56 87 77 13 55 38 25 53 75 56 79 52 49 93 24 60 82 50 98 20 99 46 46 77 97 80 72 65 3 2 22 93 56 
42 16 88 81 80 20 4 18 78 96 65 55 91 53 13 93 14 45 58 93 17 42 12 6 79 24 13 69 47 34 29 71 16 45 97 85 79 87 87 14 89 28 56 77 93 18 67 99 45 2 
21 27 14 26 89 23 86 84 80 98 34 52 22 62 29 95 2 80 13 95 50 61 88 9 7 33 8 15 21 60 90 33 93 84 18 55 86 93 45 5 63 51 9 15 3 96 18 68 11 36 
33 59 24 52 40 13 41 49 55 85 44 56 76 16 5 63 95 69 84 16 71 36 67 74 59 40 51 41 92 21 38 44 90 32 65 57 55 15 57 71 36 89 21 30 22 82 47 28 84 35 
79 90 63 31 8 30 95 12 64 31 62 97 58 34 48 18 19 85 79 59 35 2 75 75 43 47 41 5 87 94 38 49 55 46 73 81 52 7 27 49 73 7 51 24 35 40 85 3 57 20 
18 93 85 95 50 39 41 16 15 54 5 30 26 88 34 83 7 21 82 18 87 34 33 37 7 45 95 60 38 68 97 6 87 51 7 64 67 94 95 9 26 7 63 10 68 69 14 22 56 91 
56 26 8 89 78 39 34 15 46 51 56 29 12 33 33 2 51 40 36 23 65 71 54 88 5 57 99 19 19 31 39 85 29 12 63 76 44 52 43 67 40 30 28 6 53 28 15 62 46 98 
12 61 70 41 98 93 73 63 58 87 20 4 28 50 33 77 12 89 71 31 52 90 67 89 16 75 57 22 92 80 46 24 57 90 49 54 86 83 77 38 4 72 41 66 38 90 9 84 12 41 
11 89 40 51 16 84 45 70 70 72 1 97 43 30 41 69 80 50 90 78 49 82 93 48 7 1 68 37 9 84 45 69 83 20 74 61 66 76 62 81 93 94 49 88 75 69 75 50 18 56 
62 35 37 77 58 3 19 64 72 66 4 23 7 57 71 81 51 3 64 94 28 43 95 73 51 97 60 75 39 49 86 99 54 4 25 24 92 36 72 63 32 3 94 93 32 98 13 49 1 76 
87 16 26 58 30 52 83 53 8 56 87 83 90 43 16 5 24 40 88 67 25 69 36 50 43 33 25 24 86 16 18 72 32 43 19 87 93 93 13 36 61 86 3 41 78 41 31 55 8 11 
69 14 78 19 40 51 94 17 91 76 53 82 72 84 82 32 62 38 48 69 86 95 92 47 7 2 73 37 62 13 56 94 41 84 56 31 2 89 29 96 44 52 78 46 53 64 19 22 2 22 
9 14 56 18 85 98 9 9 62 24 77 19 69 34 74 85 52 10 92 85 97 43 49 63 73 57 56 68 66 29 52 3 74 44 99 90 39 98 69 8 61 88 84 80 99 96 13 60 58 19 
17 98 54 22 27 21 17 44 12 71 82 3 98 82 55 34 40 80 88 67 2 81 49 25 39 4 95 24 6 22 59 48 75 53 70 3 34 31 42 40 82 55 66 55 62 83 46 99 20 48 
17 98 78 39 32 15 11 24 24 80 17 67 49 3 61 53 4 63 95 67 9 46 83 23 99 72 24 89 53 77 33 33 8 14 92 96 55 29 40 69 42 1 59 67 66 80 72 93 92 55 
15 58 88 9 80 94 99 59 10 27 36 85 11 82 6 32 89 48 48 77 98 32 6 97 55 98 84 70 72 51 94 89 54 15 64 76 39 84 35 67 82 48 44 39 83 98 82 31 70 3 
90 20 35 81 47 64 8 68 55 94 38 14 13 18 81 95 69 78 98 38 96 53 87 88 37 18 94 1 42 35 94 16 54 7 49 73 91 87 3 63 92 71 97 81 82 83 89 97 33 98 
97 36 67 42 53 91 38 90 37 59 95 17 29 74 42 65 1 25 62 38 60 43 2 96 31 72 18 76 55 44 58 58 63 18 97 52 9 31 25 35 53 32 54 22 89 62 47 26 29 61 
1 78 59 45 14 17 64 66 24 38 94 9 62 96 15 73 15 10 87 7 1 16 45 25 4 12 27 61 68 23 4 77 83 14 75 25 44 6 70 66 80 27 75 41 40 70 82 87 73 92 
27 30 21 81 90 31 64 65 15 86 95 81 26 53 91 44 20 42 32 22 64 44 9 31 85 53 47 89 68 73 15 15 31 88 25 44 5 21 59 69 91 26 25 55 57 63 12 64 70 38 
9 61 26 77 64 42 17 49 88 65 2 49 28 58 79 91 45 94 84 44 28 44 11 38 8 81 10 60 54 1 65 64 65 23 61 12 37 22 37 33 66 61 62 2 91 23 74 9 38 5 
21 89 22 64 50 49 8 61 29 36 96 46 92 4 27 8 19 95 59 26 49 23 65 53 92 41 79 33 78 29 58 99 54 62 17 27 22 51 11 61 40 97 47 53 95 36 6 74 58 65 
20 7 71 46 83 66 1 71 52 15 77 97 26 8 68 10 73 9 66 70 44 1 3 69 43 42 2 48 54 67 59 96 46 39 65 72 47 40 58 87 57 83 71 99 14 9 56 50 17 27 
30 74 62 42 36 53 59 85 33 73 11 82 85 61 52 52 20 37 59 61 54 16 85 1 46 59 74 63 71 92 63 53 64 61 62 76 14 26 9 28 82 13 78 47 48 56 89 24 52 97 
55 22 52 58 95 63 68 41 32 10 8 18 32 39 88 91 54 76 95 35 33 84 29 45 34 25 32 53 40 27 9 30 41 10 7 40 76 90 83 60 13 67 88 5 31 49 13 54 56 81 
47 22 98 14 45 69 53 51 88 57 25 79 42 40 26 11 64 32 8 29 46 30 21 24 54 35 76 31 18 36 58 1 35 33 69 24 72 88 74 27 11 26 31 80 92 61 74 76 48 68 
94 89 96 17 29 31 70 95 46 7 76 80 9 65 67 75 96 77 33 65 51 9 68 7 71 39 70 10 10 77 7 69 65 53 84 52 17 12 36 31 72 42 43 42 58 81 17 83 12 2 
25 10 6 66 61 38 44 1 34 79 99 75 27 12 50 58 2 99 7 53 38 74 47 17 26 86 33 58 63 68 27 26 78 68 74 98 47 33 84 21 24 73 50 6 2 98 52 67 11 63 
26 91 67 30 71 56 38 42 67 96 23 71 38 38 89 27 30 87 42 16 68 43 39 80 47 13 72 44 63 9 22 1 66 29 60 62 26 14 12 4 49 33 32 87 67 73 8 28 25 46 
96 19 67 73 28 19 46 17 49 84 82 87 15 95 27 55 35 64 12 80 7 16 19 58 98 41 24 71 48 13 75 54 56 97 73 82 46 14 87 23 80 64 49 59 39 56 80 8 66 94 
8 71 67 37 62 30 2 27 39 60 60 35 14 17 12 73 97 53 23 88 40 84 51 94 29 69 19 74 31 58 43 12 8 36 97 18 76 75 9 59 64 6 51 11 7 92 72 50 77 18 
54 68 93 34 59 29 51 6 17 97 79 7 77 80 86 44 73 89 68 61 91 39 71 97 18 98 92 18 34 25 34 52 34 78 36 21 25 70 82 64 41 14 64 88 36 70 20 59 81 48 
45 57 7 81 97 54 4 69 16 31 31 84 64 62 98 25 53 26 96 5 2 60 97 91 20 78 28 68 25 89 96 56 1 8 54 16 10 42 41 7 30 48 91 81 83 41 84 38 33 11 
83 81 25 48 75 18 27 12 50 44 35 8 97 57 29 59 4 10 89 50 39 92 98 1 50 68 65 16 11 84 57 8 40 68 83 98 51 12 25 46 43 86 90 47 6 42 42 54 60 64 
66 29 95 33 18 28 90 74 54 31 36 16 15 60 24 98 91 83 84 26 32 7 95 19 85 17 17 33 75 32 31 88 34 50 43 24 36 67 93 1 46 83 75 84 90 67 82 8 62 31 
20 84 35 62 72 26 18 66 84 4 11 35 77 20 10 49 95 37 56 49 92 99 55 66 36 8 83 47 38 1 22 3 6 58 42 90 69 76 71 51 83 32 39 87 4 31 45 71 44 71 
58 36 15 35 65 23 45 12 51 93 48 57 17 65 29 16 46 12 13 8 50 40 95 79 69 2 92 23 80 70 27 74 52 67 15 9 18 20 62 50 79 9 62 43 68 19 39 91 19 42 
12 17 22 97 17 4 90 55 83 57 61 20 48 6 74 5 27 20 58 90 35 12 63 56 51 23 17 73 97 18 45 20 31 84 79 25 23 3 74 23 55 11 94 7 54 6 37 56 88 22 
21 82 25 49 28 64 64 12 12 19 65 82 90 24 66 31 61 5 50 22 27 36 53 29 62 68 31 7 21 1 90 70 97 10 87 30 62 35 93 74 98 69 53 8 46 2 51 99 29 14 
30 82 91 4 23 44 19 48 46 63 19 93 18 45 87 14 67 9 27 47 85 85 69 97 81 60 62 88 20 65 29 50 49 34 25 20 69 41 59 6 74 60 11 38 20 12 20 69 21 32 
46 70 42 32 55 2 97 79 37 64 42 23 88 92 66 85 20 16 58 59 48 72 63 2 81 9 23 23 65 38 69 69 43 61 54 80 67 17 16 12 94 56 52 95 3 36 53 2 80 95 
99 70 86 89 36 38 17 72 56 62 24 54 68 72 98 86 66 24 51 39 23 70 44 2 92 26 27 59 30 53 28 46 43 19 21 41 13 69 20 94 20 16 77 64 27 82 79 79 94 18 
79 71 25 79 51 93 78 94 75 40 88 14 71 20 19 48 53 27 81 57 65 47 71 83 4 2 49 35 92 93 13 89 65 44 2 87 51 21 26 25 17 28 41 68 92 81 77 64 7 15 
29 63 37 22 45 11 10 69 16 23 94 93 95 90 58 84 85 88 62 79 38 88 82 52 65 88 39 84 54 60 69 66 70 70 40 7 37 89 25 21 32 50 56 98 31 82 75 29 45 96 
57 30 93 64 80 62 9 31 65 98 73 64 23 85 19 83 31 38 57 5 39 9 97 88 48 64 18 92 81 17 42 5 46 3 98 4 5 68 87 42 85 28 26 26 73 40 80 15 45 59 
18 39 9 25 57 82 34 15 88 5 11 86 94 41 74 58 80 10 55 47 58 82 60 52 33 54 48 23 20 57 54 8 49 85 28 86 59 65 31 89 20 34 32 48 18 49 5 49 24 83 
88 96 65 5 9 44 93 40 10 74 1 76 50 58 86 69 83 72 26 2 79 9 11 20 72 94 72 81 82 33 90 93 16 84 91 61 52 59 38 56 70 37 72 17 91 98 18 52 64 37 
1 95 84 74 77 39 92 84 37 89 60 71 15 81 95 66 34 74 43 5 43 14 17 52 61 60 81 9 98 37 32 96 94 11 81 30 78 34 42 26 88 9 74 72 44 9 16 19 56 18 
8 28 28 69 81 51 48 30 93 65 67 70 66 80 69 76 2 23 14 41 44 53 92 11 44 83 73 24 30 49 16 28 17 69 56 1 3 45 41 10 16 40 79 92 97 47 61 51 2 50 
25 84 49 45 21 75 79 98 97 42 45 89 54 57 64 18 40 73 52 34 16 1 96 51 27 68 63 15 86 58 73 67 34 39 20 4 42 7 91 75 36 78 81 52 77 62 32 52 91 89 
25 21 13 30 69 65 18 30 64 89 98 84 26 79 97 72 27 45 72 7 67 9 82 46 12 92 30 36 6 21 8 12 52 62 52 62 84 69 81 16 18 63 13 17 18 8 93 51 34 96 
1 8 52 59 12 78 13 31 40 93 47 63 75 26 70 81 81 37 34 57 35 76 77 59 67 77 20 73 8 30 16 31 39 24 33 27 59 82 19 35 43 71 33 70 42 4 94 30 28 29 
44 51 20 19 30 23 28 28 26 23 95 33 94 67 52 10 95 27 43 67 68 7 24 16 64 78 41 5 43 37 10 24 24 38 75 21 49 97 27 44 22 60 72 34 23 24 56 13 13 88 
11 73 69 47 10 87 31 87 82 26 62 45 81 98 83 3 32 22 65 58 80 68 61 10 51 81 20 12 33 32 7 8 55 58 77 88 99 6 6 41 99 25 88 53 50 36 17 29 48 9 
47 27 61 67 21 34 24 26 81 48 30 1 22 3 13 94 80 50 77 64 16 86 7 9 37 47 81 84 52 56 38 40 1 22 32 53 2 85 75 51 49 39 28 19 47 92 84 79 61 33 
98 55 46 53 7 66 84 34 73 14 61 3 85 26 40 64 3 75 88 65 67 69 3 96 11 65 92 4 38 45 19 90 84 28 46 74 57 58 46 9 40 20 82 62 89 76 42 24 97 63 
54 10 36 31 81 39 83 82 36 49 52 50 10 74 21 82 36 11 95 92 78 99 98 1 70 9 30 25 11 18 88 84 67 63 73 84 36 43 56 75 88 68 53 94 13 55 87 4 50 35 
15 81 27 59 23 52 3 90 9 88 96 56 70 65 49 82 23 13 51 42 48 93 85 50 55 38 4 22 47 89 5 27 38 64 94 20 1 79 12 65 5 60 38 53 47 66 3 42 73 31 
32 56 64 92 74 81 16 74 69 81 89 31 31 50 66 84 99 89 30 43 43 12 70 20 87 26 69 53 47 74 90 16 35 97 74 79 10 51 39 34 81 5 71 7 5 4 31 44 72 87 
63 3 45 79 83 98 61 14 12 56 33 14 16 11 1 51 4 18 84 64 33 78 56 52 41 14 66 42 46 87 28 65 79 72 22 24 5 25 31 85 65 10 86 94 77 49 9 6 69 25 
46 44 89 88 85 22 63 8 64 57 71 54 15 14 7 95 72 90 64 91 88 4 91 30 83 92 10 39 59 39 19 6 76 61 76 83 13 45 67 15 2 54 76 39 44 61 35 65 70 81 
77 76 75 31 96 78 19 99 64 59 99 16 31 63 32 6 39 99 20 18 5 66 18 60 24 83 85 46 64 15 14 17 79 27 17 15 47 4 77 85 37 3 39 14 69 4 96 37 84 87 
70 33 69 62 58 31 72 85 66 26 89 39 93 8 15 16 23 40 79 38 48 44 75 51 33 31 11 80 67 97 14 32 85 68 36 51 27 53 90 23 79 60 22 62 33 1 41 52 93 28 
66 66 51 24 82 74 20 26 58 73 38 1 39 44 61 79 64 20 11 70 13 80 49 90 86 9 71 62 78 1 8 18 19 58 73 90 72 52 28 30 15 25 30 58 92 8 96 52 94 36 
84 85 30 30 68 54 17 93 98 1 94 46 84 85 19 84 38 70 14 46 30 88 42 55 81 35 65 81 94 87 37 28 48 69 49 52 73 73 47 85 85 3 11 50 47 24 13 89 98 10 
8 28 47 73 44 86 7 97 75 94 48 58 23 57 51 17 35 24 83 33 3 35 88 99 47 45 86 61 49 9 70 15 99 99 66 55 87 20 84 82 80 22 77 5 85 97 8 2 69 82 
18 42 48 8 50 22 91 56 36 91 83 24 26 15 97 60 86 38 65 4 19 10 80 37 85 32 71 85 82 29 67 69 61 8 71 9 56 39 29 28 82 14 64 12 16 75 18 21 26 74 