50 313
60 15 96 31 69 35 95 56 53 26 88 72 27 47 94 90 90 81 69 72 35 18 66 75 3 41 37 97 13 37 64 96 22 25 47 4 44 72 1 33 4 62 86 52 82 49 14 31 53 65 
90 6 37 41 1 14 46 75 50 16 48 92 39 82 26 37 49 16 19 66 48 43 1 3 63 41 25 72 74 38 49 64 1 14 24 96 69 29 27 53 70 15 8 74 44 12 18 84 54 51 
13 92 54 39 3 73 98 34 31 92 12 37 34 51 74 60 80 61 86 56 31 6 90 54 23 21 89 30 58 42 57 95 79 46 6 12 80 13 49 83 32 13 73 93 44 44 47 49 59 54 
80 60 32 48 14 13 55 21 73 53 49 99 45 28 38 56 15 87 19 91 6 40 51 93 79 97 92 87 1 8 2 54 15 53 4 86 73 89 5 87 65 77 22 83 44 42 42 93 88 55 
4 79 76 55 83 85 76 41 90 36 59 27 91 62 37 26 9 72 95 45 64 78 44 69 87 65 78 46 87 30 31 26 10 80 14 9 49 85 77 59 59 46 6 6 42 97 5 69 43 96 
66 98 45 26 6 27 57 16 51 78 60 60 66 28 50 67 63 57 50 16 93 15 5 91 51 81 20 62 45 75 79 59 50 89 82 85 44 43 10 33 3 76 56 66 72 99 2 85 99 6 
93 43 78 79 43 37 97 47 49 56 53 28 14 96 16 40 14 34 19 17 33 26 82 42 4 57 73 88 87 71 35 96 79 22 86 30 51 95 91 56 83 7 16 37 97 50 3 44 70 46 
46 95 16 92 67 97 6 33 75 45 80 39 58 5 16 53 67 16 28 56 59 89 12 84 41 67 62 1 25 15 41 44 61 38 85 66 55 33 44 6 49 45 37 10 29 38 98 22 1 73 
20 10 65 64 18 97 69 94 87 75 13 58 39 15 19 82 80 17 37 2 64 57 3 15 84 78 41 53 20 7 34 76 65 97 9 34 91 92 81 93 30 63 11 30 59 78 70 62 12 43 
96 73 51 53 88 39 13 54 25 99 80 71 21 62 78 13 90 79 5 37 93 23 27 13 82 30 6 8 82 88 83 33 84 78 74 69 21 17 33 21 11 88 71 14 30 11 39 80 49 43 
78 71 27 33 38 75 37 43 27 7 44 38 38 81 65 66 6 45 30 5 58 41 5 57 44 89 53 18 36 66 73 64 61 49 36 33 69 51 79 51 71 52 66 20 70 85 28 90 28 34 
62 99 27 21 4 45 79 86 55 3 73 87 36 49 39 20 90 14 57 24 12 70 5 45 44 58 20 2 1 63 65 93 86 12 31 56 8 46 99 16 9 1 39 66 48 15 33 61 83 19 
36 55 64 45 13 65 51 26 49 77 22 3 88 51 89 61 10 87 11 31 24 2 94 4 93 47 65 24 45 85 53 47 36 20 28 97 32 25 44 61 45 71 84 68 67 80 80 11 55 65 
84 61 63 7 23 6 58 33 93 93 54 23 63 55 81 52 84 85 37 71 32 4 41 16 55 47 12 7 92 74 20 47 76 9 21 82 57 23 24 27 77 67 99 70 36 9 19 1 13 22 
67 35 55 62 63 12 85 39 6 28 46 17 8 41 17 90 54 39 73 75 80 4 75 64 4 3 16 77 5 74 40 37 95 76 89 2 41 94 84 73 55 74 86 67 78 5 76 98 28 98 
34 64 56 95 69 18 45 20 66 87 62 73 33 94 13 8 51 51 61 62 32 60 58 94 76 89 94 20 20 55 78 98 32 21 65 35 75 78 38 11 43 77 71 44 31 84 85 74 90 26 
7 35 67 18 57 67 58 6 97 62 60 96 88 64 28 18 82 58 3 75 43 37 38 2 31 61 55 34 27 6 21 17 39 16 66 62 72 6 35 7 86 97 18 38 32 4 79 44 67 82 
56 29 11 92 70 69 27 17 63 34 2 25 51 62 34 32 21 41 68 32 77 78 75 7 39 85 50 91 29 62 7 89 91 16 64 59 81 52 72 51 39 7 75 18 23 84 43 2 75 27 
33 20 18 9 52 12 84 86 12 83 91 12 13 25 29 97 4 72 31 21 82 43 14 26 24 65 90 18 8 43 74 94 86 71 45 67 12 29 87 63 56 14 58 55 58 43 67 17 72 14 
97 14 57 73 3 88 79 29 55 17 13 92 34 6 87 44 94 46 14 95 72 97 53 37 15 74 77 22 68 3 38 87 80 15 53 39 19 72 84 22 91 9 26 41 57 88 57 13 35 94 
58 3 29 62 99 23 98 7 76 59 87 83 54 3 43 24 54 75 17 52 38 63 16 34 32 44 97 61 29 71 91 47 19 34 22 40 23 53 66 55 95 28 26 64 52 27 50 90 93 21 
22 89 74 35 81 69 20 92 46 98 57 15 61 91 18 83 79 60 11 30 41 33 33 24 37 10 23 65 33 97 5 90 29 96 78 52 25 80 65 62 30 99 14 30 39 20 45 59 42 15 
99 21 99 8 17 57 75 30 88 51 71 49 13 34 68 43 52 71 4 24 32 93 2 3 77 6 35 32 65 7 54 38 91 97 98 47 35 55 50 45 53 46 19 25 85 74 4 36 16 34 
88 34 58 13 70 40 86 25 26 14 71 7 93 80 95 12 43 43 98 86 17 22 41 20 70 3 95 88 34 72 13 94 32 40 99 63 80 60 23 77 47 98 17 53 87 29 87 63 78 32 
31 66 84 20 27 42 63 5 45 44 11 9 71 84 55 30 69 68 81 10 14 78 1 83 30 41 82 23 10 79 36 60 6 23 77 68 16 92 25 93 63 66 62 79 65 59 35 85 20 86 
4 21 19 57 8 37 37 54 29 39 13 12 47 23 12 88 17 73 46 52 85 37 15 82 12 43 68 30 17 19 12 67 68 86 94 62 83 50 71 79 36 26 77 79 70 25 73 93 91 31 
98 81 99 97 70 33 23 45 37 47 19 2 11 4 93 90 35 86 24 4 6 49 19 82 69 58 69 90 47 81 56 73 37 51 99 56 91 23 44 76 1 84 58 6 44 6 82 34 34 96 
49 12 91 79 52 63 60 6 63 95 34 78 19 32 99 44 94 61 15 29 70 20 27 17 41 68 54 92 39 57 25 63 88 4 36 5 79 11 38 19 69 83 68 16 40 88 50 97 18 75 
58 75 78 57 49 21 15 97 8 29 94 21 72 59 35 92 83 10 82 81 42 47 52 70 55 60 58 42 27 77 67 39 58 1 96 42 43 60 51 2 86 10 86 60 99 51 80 65 86 91 
78 20 68 66 66 68 84 84 10 55 94 44 97 94 18 77 75 46 50 14 33 47 6 93 58 86 67 67 32 78 88 94 43 14 24 56 52 86 11 93 25 94 14 72 66 98 87 74 66 24 
99 18 96 1 8 37 72 96 49 25 52 75 11 40 3 41 56 37 74 90 1 55 42 17 72 59 92 84 75 67 43 24 56 65 48 58 35 13 6 64 98 69 88 7 91 89 60 3 22 47 
90 63 80 36 98 15 14 34 35 81 41 35 21 66 18 89 49 71 45 89 78 32 33 1 10 39 45 75 59 92 47 35 86 35 71 47 88 92 84 25 73 89 87 5 7 10 71 93 55 71 
17 9 31 51 79 57 72 32 50 36 61 75 45 28 55 66 3 30 79 10 8 40 17 75 68 78 93 29 3 71 30 90 91 30 44 91 37 26 28 86 18 47 76 67 57 5 89 58 79 89 
10 75 89 86 42 21 50 89 77 98 45 33 51 79 81 92 60 60 95 16 26 9 56 27 4 29 93 57 20 19 17 8 72 44 17 43 84 91 72 80 20 63 45 93 12 77 88 85 77 68 
26 45 86 66 78 64 10 21 69 35 18 89 22 6 27 32 63 29 83 5 17 64 50 89 10 81 62 63 98 31 49 21 99 39 15 2 85 4 76 21 50 93 79 92 36 25 66 72 13 7 
70 12 94 34 53 70 16 95 88 27 58 5 11 81 54 78 44 59 96 19 25 56 88 71 98 47 67 15 99 45 60 36 38 86 63 85 66 89 68 88 38 87 70 82 31 46 56 2 67 70 
46 13 18 15 2 77 89 63 86 93 74 71 87 92 30 87 8 39 58 31 88 93 88 43 72 66 9 53 86 27 71 80 33 35 78 51 48 34 76 78 44 25 69 10 75 6 45 43 43 60 
75 72 63 34 26 93 78 93 76 73 54 4 72 45 80 37 35 73 61 70 86 27 70 95 34 70 66 48 2 35 50 27 98 75 55 91 73 88 8 35 67 95 64 9 39 64 73 98 63 86 
26 65 52 87 88 86 12 61 53 80 33 90 63 40 17 77 35 84 49 39 12 61 57 11 95 48 35 75 79 87 26 69 78 28 56 46 27 45 12 65 42 41 61 27 68 3 81 37 48 98 
58 71 81 90 19 16 61 47 12 33 18 52 17 86 90 16 81 49 20 90 42 57 30 70 33 82 35 20 24 17 28 65 65 65 15 24 66 31 2 77 38 45 99 94 85 87 25 4 58 11 
87 62 81 17 9 68 82 98 43 7 15 92 32 96 82 18 9 25 29 92 91 17 4 91 49 31 91 35 16 55 94 61 22 5 20 64 49 79 48 88 96 78 96 6 88 72 72 96 96 62 
93 38 75 35 85 10 47 99 51 55 24 40 17 22 65 52 88 92 61 77 40 86 47 65 66 28 81 39 41 21 73 8 79 28 80 95 63 61 88 60 46 49 65 33 93 95 26 49 80 99 
20 80 80 8 28 23 28 96 78 49 53 46 51 76 1 95 58 86 45 72 96 87 21 29 48 74 14 50 99 91 72 15 63 39 15 53 81 10 52 56 86 38 34 49 75 39 47 84 77 87 
11 5 92 84 67 44 33 36 29 18 10 79 16 20 47 96 99 48 64 38 10 7 31 13 11 7 42 45 44 71 62 52 75 81 45 34 30 49 28 1 64 26 20 26 33 23 46 34 89 81 
29 4 40 73 78 11 62 29 73 59 15 61 1 52 65 56 3 38 3 4 87 79 18 24 1 2 65 76 14 18 32 2 73 1 64 46 83 76 3 89 3 63 90 69 71 18 54 20 66 13 
24 3 56 21 44 94 37 81 70 67 3 72 67 53 50 4 62 68 66 67 84 40 23 59 65 4 73 20 14 99 50 54 39 61 59 76 52 94 85 52 73 77 42 89 52 67 41 3 32 69 
42 5 48 37 63 17 48 92 43 85 70 31 57 57 97 82 42 51 91 38 35 39 56 45 32 83 34 80 50 12 63 19 9 89 83 7 72 95 50 66 2 93 16 5 33 77 3 3 96 72 
90 69 1 52 84 62 92 55 78 19 68 71 27 30 75 85 80 28 32 16 63 93 50 34 45 10 35 15 38 88 7 18 33 76 5 19 17 72 21 77 57 36 5 88 64 82 59 37 53 52 
15 93 46 37 64 52 88 92 75 93 58 70 38 41 98 50 56 12 56 66 20 85 55 83 77 28 77 2 21 20 12 40 74 56 96 48 24 31 29 68 37 44 34 24 31 67 63 37 79 42 
13 84 82 30 84 31 9 1 28 56 76 19 30 72 74 33 83 18 38 12 65 82 80 29 18 36 72 72 84 99 86 18 98 47 56 14 18 67 52 60 81 41 85 49 14 74 62 81 45 94 
81 27 17 77 21 57 85 16 31 61 10 57 91 81 51 17 82 8 38 38 64 88 79 59 96 4 93 49 61 56 86 28 15 50 31 35 98 18 56 64 81 60 25 54 20 8 52 43 66 65 
96 97 59 59 81 35 37 50 7 75 48 76 59 32 53 21 3 20 98 26 1 29 99 7 74 74 90 45 45 58 14 5 8 78 55 15 24 67 1 4 3 73 50 99 35 31 84 57 95 47 
93 21 63 89 23 37 67 94 26 51 37 57 14 61 90 31 86 18 24 94 98 63 21 67 78 38 80 46 18 63 79 91 18 78 36 60 95 76 7 89 91 22 5 8 48 13 51 67 65 18 
53 17 42 49 74 2 47 21 42 37 68 80 94 35 64 9 85 82 97 41 86 28 20 98 80 16 39 79 67 92 23 23 66 4 48 56 39 2 93 55 77 95 60 38 71 91 5 72 9 42 
18 4 93 50 95 61 21 69 88 78 87 24 36 69 46 68 96 15 27 21 49 81 80 86 97 87 2 66 3 87 36 54 51 80 2 55 81 66 49 16 98 17 17 45 94 2 36 99 80 77 
98 9 2 19 26 35 38 67 20 9 39 29 32 98 47 12 21 29 3 15 47 93 17 89 7 40 61 48 42 47 81 23 36 66 92 41 56 19 52 88 18 68 87 43 78 3 83 37 47 64 
13 96 54 56 55 77 98 92 77 85 40 19 43 27 41 99 70 60 21 27 11 15 35 55 78 12 70 62 55 29 12 92 99 11 65 13 14 71 74 99 30 7 77 69 67 34 82 22 60 40 
67 78 20 24 78 39 56 24 27 17 35 37 50 87 98 18 66 24 93 78 71 4 11 79 8 11 53 66 48 58 78 70 82 68 19 18 92 76 84 27 49 47 8 12 23 30 36 8 91 66 
69 57 21 68 39 43 58 69 23 23 16 40 67 8 85 27 64 99 86 49 85 91 66 79 81 33 17 55 60 50 23 24 74 77 29 5 42 66 43 50 16 77 46 89 1 80 73 24 38 4 
48 5 10 86 56 48 91 44 60 72 78 49 88 15 10 4 61 61 81 25 3 61 55 70 20 43 39 32 26 13 41 49 12 51 16 98 58 44 55 98 83 59 44 39 64 53 39 43 79 25 
78 82 4 45 99 48 81 97 25 60 39 60 62 37 85 73 65 5 16 41 66 6 76 38 85 24 15 59 75 66 94 98 26 33 63 95 58 7 80 87 99 10 80 6 27 11 78 34 71 21 
25 1 11 29 83 4 69 13 97 7 81 69 43 64 6 69 83 56 99 76 67 65 89 96 11 65 11 69 58 49 98 20 33 20 80 39 99 87 74 44 43 56 65 41 83 50 24 85 66 15 
12 13 35 7 11 70 94 50 90 12 4 91 65 6 98 16 54 6 8 30 55 8 6 27 38 21 86 59 35 3 2 75 34 96 27 55 32 59 42 3 81 80 80 12 34 54 66 21 99 44 
8 5 43 93 18 99 34 34 80 73 59 42 52 88 37 66 63 64 20 66 22 63 83 50 68 20 35 67 30 39 11 77 87 7 2 24 95 7 46 63 89 95 16 37 8 96 2 71 37 75 
41 80 67 23 78 30 99 73 79 86 6 35 2 6 79 28 48 15 97 98 17 12 56 16 87 94 72 30 25 43 61 35 90 15 48 67 82 85 2 60 30 23 65 47 36 46 61 2 10 49 
52 62 86 58 35 57 46 72 17 39 30 42 46 74 98 14 12 4 43 96 78 70 48 60 28 84 49 11 20 41 31 61 85 51 8 87 30 29 16 77 10 56 71 12 28 95 53 8 50 89 
51 16 45 32 83 4 27 88 21 23 99 17 55 98 1 98 1 91 56 19 43 1 44 7 67 40 35 28 16 80 7 98 25 35 44 78 48 84 25 9 75 81 65 12 71 8 5 66 78 19 
55 81 68 52 10 99 72 23 40 47 18 66 9 76 62 38 94 33 14 95 16 14 44 79 21 25 2 9 24 25 59 81 5 3 21 6 40 37 22 49 47 97 2 95 2 78 58 21 43 3 
74 69 71 7 39 81 11 60 34 72 27 88 29 11 37 31 47 85 36 44 27 73 43 76 18 24 39 62 94 6 69 57 13 83 48 83 70 98 60 55 89 82 43 59 15 6 59 24 64 30 
98 31 20 33 2 44 24 33 46 81 83 16 87 63 81 76 52 8 26 46 56 87 78 34 95 80 98 19 35 8 60 36 29 69 63 73 71 19 26 83 86 79 9 81 1 18 47 96 29 72 
1 89 60 58 61 71 81 47 25 60 75 65 46 87 65 66 52 12 19 39 58 20 18 74 78 95 40 45 17 58 19 25 6 67 77 59 33 94 16 57 97 29 58 75 5 75 3 18 14 51 
48 30 31 51 44 40 55 84 22 19 6 96 23 97 69 36 82 54 43 86 53 12 12 18 1 17 25 27 48 97 89 31 85 89 77 62 98 71 64 27 28 7 98 59 59 38 7 99 79 29 
77 4 7 51 61 77 18 55 62 59 81 92 44 66 8 66 64 51 62 92 73 92 63 55 60 42 31 41 12 19 13 64 46 2 50 83 8 30 32 82 92 52 2 58 66 43 20 96 59 13 
58 37 37 21 8 42 7 29 45 53 68 31 78 55 1 34 25 66 30 10 94 91 42 40 13 84 28 25 76 72 67 13 60 25 86 95 80 85 83 30 61 79 33 69 11 54 70 32 90 4 
69 57 89 32 60 72 83 79 90 17 62 22 47 29 12 63 78 79 64 77 35 55 29 93 53 48 8 55 31 14 63 40 46 61 97 55 72 86 83 56 22 96 12 57 98 16 41 59 97 30 
51 37 75 82 68 90 7 89 13 65 74 97 89 52 99 99 31 34 13 65 84 1 69 70 30 80 77 43 49 86 8 52 58 97 33 23 92 16 70 34 15 8 90 63 3 33 72 90 41 78 
49 17 46 51 76 8 31 71 58 58 72 31 73 83 44 65 98 17 56 86 6 45 73 67 90 95 76 23 16 12 42 86 85 40 63 74 23 53 37 50 80 64 27 56 43 32 14 86 68 64 
30 8 97 84 41 69 66 28 46 62 50 19 5 44 29 99 8 55 25 93 23 46 80 29 28 49 19 55 63 54 45 64 83 4 13 64 17 46 72 2 78 91 9 69 70 3 40 3 99 54 
5 89 40 44 23 61 23 41 64 48 95 74 76 40 75 67 45 62 62 47 72 66 11 85 21 98 20 40 24 67 54 44 29 6 16 20 95 22 58 18 42 78 76 29 22 70 64 58 16 35 
86 67 93 18 57 35 84 22 43 45 25 7 5 54 53 29 47 56 35 1 6 22 46 96 20 37 23 51 50 92 13 46 26 35 30 8 42 75 35 39 10 97 76 88 52 31 75 87 62 54 
66 22 27 51 28 72 28 4 20 33 94 44 3 40 52 27 61 57 37 3 54 49 3 70 80 93 65 41 31 54 15 89 47 59 22 70 58 37 32 17 56 9 27 50 70 64 54 73 62 23 
28 35 3 89 13 75 97 49 28 5 47 27 83 91 15 97 22 86 63 90 76 28 87 38 14 48 45 77 5 66 45 12 33 72 22 79 38 25 72 65 27 99 68 55 18 97 37 9 78 8 
79 1 28 14 95 97 37 59 12 44 52 52 59 20 21 8 75 83 64 11 85 61 45 88 1 43 35 90 35 14 88 22 21 3 31 43 11 79 16 27 43 64 61 4 96 26 8 14 58 73 
89 42 2 43 77 47 84 86 14 68 8 54 2 36 87 71 83 88 22 62 5 76 86 97 63 21 70 91 78 39 93 71 60 84 15 73 92 24 17 14 31 54 4 45 18 31 42 1 89 28 
88 21 42 31 39 48 78 26 48 49 50 94 48 48 63 44 28 68 5 65 90 75 79 75 50 91 90 17 23 17 12 3 80 43 78 19 97 8 21 61 71 65 36 11 37 95 33 77 75 54 
70 6 53 18 53 9 83 50 76 48 72 77 95 98 81 76 78 41 35 32 2 57 38 56 47 86 66 81 53 41 35 83 25 42 4 59 36 59 44 13 87 5 97 98 57 82 21 98 40 55 
85 50 57 28 18 51 6 3 73 36 78 95 74 73 33 77 44 69 43 32 14 44 61 32 84 34 84 65 1 47 75 28 10 89 16 48 58 62 50 29 74 5 92 85 84 81 30 47 39 65 
79 46 95 83 52 88 20 92 36 13 43 9 16 90 61 35 59 29 69 30 19 93 26 82 10 21 9 87 76 13 89 75 9 39 48 56 46 65 71 47 42 27 65 58 71 69 73 87 15 67 
72 54 14 40 46 57 39 18 83 15 2 96 1 74 51 4 54 2 13 33 34 3 82 58 60 47 49 8 44 87 20 97 1 22 79 38 14 42 19 6 68 17 14 78 23 47 37 47 68 21 
99 71 84 96 26 79 24 5 37 67 5 64 71 61 66 76 83 5 98 58 69 41 65 30 68 35 64 86 77 79 70 9 89 67 59 97 5 53 97 69 25 9 25 30 40 95 36 54 68 42 
29 92 85 59 80 15 42 47 93 58 13 44 57 4 96 3 21 2 76 5 23 1 39 35 18 35 11 75 85 39 47 24 52 11 60 34 50 11 95 89 56 91 38 88 36 99 67 26 8 22 
46 26 32 16 5 47 82 27 13 99 35 69 1 90 25 73 79 61 48 45 74 31 29 78 9 87 35 95 63 67 1 3 27 54 82 57 5 7 87 91 1 13 16 32 51 22 87 27 79 41 
66 25 61 53 91 30 25 1 8 62 46 95 4 77 22 81 2 19 92 54 25 82 36 77 94 66 96 33 47 60 52 67 99 69 31 64 83 95 34 97 95 77 56 44 5 82 86 91 37 68 
85 79 60 77 90 91 7 90 19 3 22 21 83 25 35 75 28 82 11 8 34 84 93 70 25 55 59 45 19 39 43 13 34 3 83 90 74 40 11 30 87 60 45 98 79 26 55 25 43 55 
52 21 26 28 68 85 32 11 49 46 26 81 43 45 44 90 66 55 40 89 85 19 81 34 98 72 8 40 16 61 94 28 41 90 82 47 6 47 50 6 78 74 94 49 1 80 77 84 6 89 
91 60 61 7 11 25 98 97 85 46 51 43 42 4 35 53 22 39 52 44 59 76 94 85 57 3 89 72 81 25 35 73 15 59 1 2 2 79 14 72 89 16 31 15 4 61 95 53 93 39 
18 35 1 7 2 25 9 42 47 66 67 96 42 28 7 98 85 84 42 10 56 97 24 56 1 54 17 78 92 5 57 99 33 32 4 16 48 48 44 40 23 53 50 8 12 60 81 86 48 17 
56 90 63 27 16 95 29 58 27 73 22 97 40 7 83 57 74 93 85 44 94 23 2 66 87 79 47 91 61 17 70 60 82 51 95 15 79 96 67 13 67 92 54 76 39 3 88 12 12 26 
86 32 54 38 83 29 31 80 37 29 74 7 78 87 13 3 83 97 35 7 25 94 37 12 51 62 45 49 74 24 6 59 29 42 4 29 60 69 84 53 49 9 1 13 1 35 57 19 5 78 
97 13 9 63 7 64 98 36 76 78 22 42 49 69 38 9 5 73 45 21 80 38 99 10 39 38 76 29 21 57 61 65 37 6 57 79 53 92 91 40 92 93 96 68 12 29 49 18 19 16 
97 93 18 57 22 86 69 93 33 14 83 65 90 64 26 79 89 79 14 90 57 56 17 44 45 20 1 26 94 7 83 40 62 9 15 54 83 12 14 15 3 24 26 20 63 83 43 64 13 57 
16 7 26 82 83 73 30 19 95 18 40 12 91 92 7 65 69 87 44 54 5 80 33 49 3 55 83 41 76 16 6 64 73 61 68 25 1 74 12 1 54 69 77 99 19 66 58 80 76 97 
8 18 60 8 1 65 52 68 18 54 47 91 3 45 77 59 74 11 92 80 86 74 2 23 85 94 24 21 97 79 29 98 71 30 30 65 2 83 10 22 67 75 89 21 13 7 43 99 79 18 
30 28 28 51 66 49 90 96 20 63 92 65 15 59 40 19 39 11 3 1 8 40 16 79 49 22 57 23 61 6 63 22 9 46 21 93 91 63 28 16 56 18 15 87 25 55 64 9 20 2 
69 32 75 60 64 84 84 12 58 14 69 22 16 35 30 77 99 85 9 84 92 26 64 51 76 81 35 83 58 82 72 22 76 50 28 13 68 63 41 14 50 25 30 43 44 28 61 2 57 38 
49 69 68 90 85 69 81 55 82 9 8 60 85 72 18 53 70 10 70 64 30 1 75 33 58 81 69 10 80 11 68 35 81 86 84 22 11 53 85 21 34 64 34 96 92 18 15 33 60 75 
80 53 86 29 8 35 50 71 95 18 50 34 64 53 73 34 63 41 15 62 77 77 90 2 77 6 60 62 35 74 6 9 68 20 92 76 22 63 63 79 51 86 27 19 46 1 97 36 80 60 
68 24 62 38 70 48 28 73 72 44 34 94 64 82 99 37 15 96 71 57 72 45 28 30 15 41 61 99 65 14 1 25 76 67 44 38 92 18 84 87 97 91 85 5 54 82 23 14 27 73 
40 94 26 25 83 90 61 3 99 45 23 88 41 19 47 73 39 84 54 3 8 5 60 82 6 17 58 82 72 49 66 77 91 2 25 15 10 75 50 46 27 36 18 11 58 66 94 71 36 20 
4 51 72 31 25 69 51 28 90 68 17 48 32 27 48 18 59 36 72 25 13 19 45 66 62 61 49 70 95 35 19 54 51 48 50 7 33 55 76 14 35 34 66 89 71 92 54 11 38 72 
41 16 57 73 5 57 46 15 52 98 24 17 15 98 83 30 62 7 63 21 92 43 56 80 49 6 85 12 70 29 73 82 62 62 37 47 5 1 70 46 1 22 29 47 82 27 93 89 14 41 
92 15 8 19 99 22 45 91 69 32 11 12 52 48 42 16 93 95 80 92 2 88 68 61 80 56 54 29 1 19 17 55 98 83 65 61 60 10 3 12 8 22 17 87 57 47 38 59 8 92 
27 60 44 43 55 91 42 22 29 50 66 17 62 45 32 34 30 8 23 17 83 19 84 80 6 76 36 28 13 51 16 60 64 52 94 11 72 92 2 40 14 1 86 78 4 97 51 28 16 20 
54 11 93 37 76 64 84 13 18 17 64 65 54 67 23 1 60 6 53 70 98 12 78 53 19 91 3 69 28 53 21 9 58 47 51 81 24 91 89 64 90 94 42 46 24 98 5 69 88 40 
42 45 60 62 19 56 97 98 22 16 81 90 2 63 44 55 26 95 18 58 4 51 60 19 58 38 96 6 33 29 90 89 39 12 76 34 51 62 99 88 98 73 9 62 9 72 78 59 54 10 
56 20 44 74 63 22 13 86 80 98 54 29 67 93 78 78 24 51 30 38 61 91 7 86 6 9 95 76 62 97 41 56 95 95 42 28 45 54 58 42 44 64 90 34 75 72 82 89 48 89 
12 96 36 2 74 2 13 82 83 25 65 56 88 74 6 60 23 81 69 39 36 54 79 81 11 49 73 94 68 19 64 91 8 82 95 98 7 57 83 11 77 61 30 49 19 96 14 38 65 81 
54 76 19 93 42 58 35 17 77 51 37 78 41 24 9 10 31 60 83 43 77 94 30 86 73 50 86 74 46 52 74 1 16 66 78 52 9 61 81 86 56 58 69 61 93 69 61 4 42 59 
21 20 99 67 16 94 62 68 98 71 7 78 52 18 10 7 89 59 39 68 9 48 31 6 66 53 40 18 10 29 76 18 29 17 61 8 2 28 42 8 30 32 96 86 42 3 4 76 91 70 
14 39 30 13 36 3 80 35 55 59 56 64 29 23 80 12 97 56 36 75 28 39 55 70 61 59 88 84 70 13 7 42 18 36 5 6 70 53 46 43 3 14 82 73 74 53 5 21 73 63 
66 28 7 27 37 6 28 22 96 88 54 82 30 36 53 94 66 98 53 33 8 50 54 59 46 47 40 71 8 92 88 59 80 78 17 92 22 45 11 99 8 18 62 55 2 25 95 29 19 69 
34 26 11 87 50 64 64 32 22 28 78 91 70 33 28 29 95 98 88 36 89 23 7 4 48 90 48 55 27 41 90 55 80 24 22 83 56 29 53 3 52 80 20 2 51 35 24 84 55 13 
47 52 7 81 16 20 70 96 88 14 40 86 92 38 82 62 14 78 79 77 86 57 98 8 64 60 87 41 23 12 73 84 92 40 56 43 29 49 38 63 31 42 62 3 76 27 99 23 92 15 
29 83 62 28 3 87 55 12 49 12 56 15 7 13 76 30 34 91 24 13 28 11 24 23 25 12 62 72 31 31 10 67 91 75 16 58 84 55 68 65 5 36 87 33 7 66 43 69 30 97 
21 90 97 51 80 62 86 70 13 40 50 81 33 77 63 98 57 77 4 21 77 53 41 89 31 10 71 29 58 90 6 90 61 54 31 73 42 67 49 74 83 43 19 63 8 43 67 70 41 32 
17 77 72 65 34 63 58 55 30 71 9 28 67 45 81 27 78 58 48 16 91 93 66 97 33 68 38 83 62 51 86 7 63 75 33 37 70 49 7 14 60 42 92 61 52 48 99 12 57 75 
55 43 99 21 58 9 75 42 73 65 13 16 62 28 69 14 85 19 29 1 2 53 60 60 59 55 30 20 74 71 86 22 92 4 70 97 98 90 72 68 36 33 33 71 72 1 54 79 35 75 
81 37 53 81 35 77 58 12 12 45 4 77 6 50 49 75 5 44 99 86 75 13 65 7 36 31 56 76 18 81 38 34 76 75 69 96 14 44 71 69 97 5 40 49 87 27 62 16 14 39 
98 82 41 44 95 10 1 61 99 39 35 48 18 68 86 66 92 59 19 70 31 76 67 38 77 2 61 55 98 63 58 12 10 81 33 80 51 70 61 20 43 19 2 36 52 94 41 55 70 83 
69 63 89 30 61 54 4 88 8 11 28 42 15 97 84 99 59 96 53 20 85 46 75 66 95 34 31 1 71 17 5 4 27 49 28 58 85 7 91 37 47 34 23 3 28 52 40 73 5 49 
25 68 80 23 4 61 77 62 25 28 20 32 80 82 52 56 49 76 26 14 10 81 46 22 38 81 26 88 15 75 24 49 85 84 16 56 95 92 47 54 76 35 71 26 98 53 35 10 36 39 
23 41 88 27 91 4 16 70 4 64 37 91 59 63 81 74 89 7 34 32 30 78 20 91 38 28 95 34 77 20 16 84 89 17 5 67 55 67 42 18 61 87 25 93 93 88 57 28 63 5 
55 4 7 44 15 96 43 93 85 46 48 7 24 21 11 15 64 91 30 9 57 94 59 55 43 77 28 77 35 33 30 49 77 71 59 24 22 55 90 49 61 35 53 17 98 17 37 17 38 87 
44 22 73 82 72 40 56 33 45 34 72 9 5 41 52 42 94 98 38 92 95 70 37 89 89 7 31 51 27 13 9 7 30 99 85 59 69 32 21 60 56 1 49 17 72 75 9 84 28 13 
36 61 17 42 74 88 99 15 99 64 27 79 8 78 28 39 12 38 76 92 11 89 88 64 67 3 19 74 49 81 21 4 84 33 21 20 98 78 22 45 80 59 20 70 49 97 59 81 25 31 
3 63 48 48 84 85 86 47 84 97 16 9 91 43 30 94 68 40 14 50 24 6 43 22 35 20 1 47 44 65 75 22 71 41 24 89 20 41 14 27 75 12 65 39 38 88 36 55 70 85 
71 99 1 68 85 28 62 21 53 52 61 42 64 73 71 62 50 6 75 8 54 65 67 52 34 83 50 3 48 70 40 32 42 70 95 11 72 16 62 81 35 44 60 62 15 71 35 4 88 83 
85 9 84 97 69 24 59 98 13 57 84 6 80 21 92 95 3 47 69 75 45 40 37 86 56 50 94 96 81 58 60 23 66 44 67 63 20 53 73 7 62 64 81 49 82 3 14 79 3 55 
80 69 38 60 62 86 17 98 99 71 84 53 34 98 86 98 56 45 88 99 57 4 30 7 7 48 26 32 39 87 96 45 78 53 2 10 90 36 13 35 85 78 73 55 70 49 18 99 68 31 
41 97 87 62 7 43 64 35 13 42 59 51 37 5 16 29 60 59 47 29 13 7 85 41 67 72 82 1 63 85 1 96 18 41 57 51 44 58 98 10 91 32 86 28 12 27 25 48 32 17 
61 76 1 27 84 47 80 34 54 57 95 10 28 29 75 64 98 5 54 83 6 22 61 39 51 70 93 68 4 86 56 94 31 77 72 26 77 93 14 59 11 79 84 23 86 27 96 80 43 36 
50 23 14 73 77 83 63 24 63 95 11 49 33 9 5 73 97 78 67 60 61 4 27 89 26 84 80 50 22 15 72 42 73 68 63 76 40 31 77 58 37 25 27 36 9 36 21 66 92 20 
78 40 76 87 43 81 42 34 86 58 52 16 38 47 23 99 81 61 6 31 10 54 48 9 22 31 33 1 25 79 39 50 95 2 19 70 26 10 91 69 25 49 17 78 54 94 54 29 36 17 
63 80 71 62 27 77 5 68 17 98 1 41 89 97 65 96 26 59 14 77 75 11 31 9 92 29 45 11 28 41 56 7 85 17 7 84 67 3 77 31 56 91 27 62 36 4 95 23 64 89 
61 75 47 96 46 19 32 8 58 36 95 71 86 77 72 34 95 79 8 35 34 43 77 21 53 19 52 31 73 61 89 48 41 88 15 76 70 88 51 42 65 7 54 26 86 91 98 43 78 46 
79 22 15 49 46 87 14 25 82 85 2 2 56 61 34 43 50 53 46 54 11 20 61 7 25 47 96 97 57 38 18 16 91 51 92 24 90 77 49 66 80 27 65 86 2 66 83 51 48 56 
25 35 16 11 48 21 3 90 73 46 42 64 11 96 48 63 37 58 29 57 50 41 85 10 2 51 51 42 19 11 48 96 87 38 60 1 32 78 34 70 48 5 79 80 86 61 75 1 95 48 
90 72 78 21 68 82 51 77 53 71 89 59 4 16 42 75 23 73 62 60 77 51 29 69 53 34 98 34 9 14 56 63 71 44 28 7 92 84 18 39 61 90 43 60 34 68 75 18 56 1 
66 48 99 73 89 88 20 59 41 8 55 20 17 5 87 38 24 81 57 25 35 45 26 87 57 3 15 10 95 73 21 51 69 9 41 60 79 34 14 46 98 48 58 50 14 8 7 69 54 24 
95 24 27 96 1 86 24 83 81 41 49 60 12 77 93 60 68 40 72 30 45 57 89 56 58 55 49 69 99 3 91 96 37 53 79 14 35 20 43 81 45 62 32 87 18 7 46 3 31 92 
82 98 9 52 72 75 88 45 20 6 97 94 95 25 50 72 59 94 65 86 54 20 53 74 22 70 23 52 81 49 51 19 54 30 92 17 3 64 69 58 92 94 1 42 98 51 72 88 76 83 
75 56 88 75 10 87 40 86 68 6 56 91 98 56 8 66 23 69 39 81 15 2 9 53 85 83 78 16 5 42 44 94 14 18 44 17 68 52 87 21 94 67 48 66 59 60 78 34 91 56 
55 39 99 5 64 60 1 54 84 41 95 71 55 37 39 17 33 7 29 17 15 43 93 69 37 47 29 2 23 74 97 37 76 55 66 29 56 14 54 13 74 87 65 24 12 26 93 42 52 12 
50 31 37 68 95 69 97 64 94 45 76 23 41 58 79 9 50 18 19 32 48 84 83 92 20 89 38 51 97 28 1 94 87 97 17 86 79 74 46 78 15 14 6 98 29 64 18 83 92 33 
97 38 18 45 37 74 22 79 5 14 43 1 16 90 23 62 44 59 52 86 57 70 82 86 12 49 50 68 40 78 62 75 93 27 74 11 35 76 22 29 18 95 67 53 46 17 75 27 3 64 
24 37 22 18 17 91 98 51 87 84 30 5 10 97 72 20 38 35 61 70 87 98 45 53 40 45 14 19 90 88 42 48 16 71 57 92 86 94 88 54 16 45 84 64 10 60 53 28 34 92 
36 89 59 97 97 46 96 62 79 25 33 60 18 43 96 67 15 74 65 36 35 33 16 75 22 36 79 18 45 3 39 96 66 44 76 18 42 18 67 50 90 40 26 34 10 84 18 56 58 10 
52 4 14 48 17 40 58 40 7 56 23 43 81 78 45 41 87 8 52 99 63 79 12 33 46 29 87 4 16 1 49 10 15 95 30 15 65 87 26 20 99 21 22 37 18 34 7 57 43 61 
33 91 55 83 43 74 34 43 90 61 44 67 41 68 43 13 38 51 77 72 73 40 28 59 49 57 12 97 81 27 37 94 32 1 29 37 41 80 23 26 74 77 6 58 98 76 85 81 22 90 
56 42 81 26 29 23 93 84 63 32 50 70 17 87 60 81 63 15 29 22 60 34 52 25 16 34 88 23 16 30 70 42 16 19 27 30 27 2 77 78 34 4 47 65 69 92 41 57 56 24 
85 21 10 97 12 55 16 39 45 75 95 33 70 74 15 89 57 67 30 60 1 39 22 67 87 47 23 23 54 1 91 61 36 75 72 77 10 98 85 61 65 45 69 62 65 6 43 77 73 33 
93 93 74 84 73 97 75 11 46 31 73 41 33 25 4 38 62 90 92 86 13 40 56 6 80 36 49 31 6 43 33 1 29 53 56 74 99 88 4 89 42 67 28 17 47 59 81 18 67 82 
92 62 79 18 7 15 1 47 48 78 87 69 94 53 23 90 50 37 72 30 93 9 97 52 33 85 86 85 8 34 14 18 77 18 32 63 88 12 12 75 4 78 98 77 33 22 38 88 80 30 
21 88 63 89 66 11 5 77 31 20 11 81 55 91 15 35 81 96 42 75 49 19 64 53 60 85 11 70 17 62 87 62 45 62 19 8 26 92 55 65 48 53 73 42 97 56 77 36 91 81 
32 79 10 3 27 40 21 34 30 36 33 77 62 84 64 52 7 19 70 38 10 29 3 77 83 33 13 40 51 92 75 40 62 75 15 94 24 86 28 36 25 44 6 47 26 28 48 53 9 51 
55 41 75 93 39 41 99 8 14 31 95 89 82 96 94 35 66 99 19 49 83 71 49 38 71 27 85 12 38 26 81 50 39 89 29 77 77 90 46 30 65 73 49 82 27 25 98 6 22 12 
87 48 36 15 69 74 13 7 25 32 49 95 94 42 98 41 19 43 47 86 76 56 82 8 21 96 62 58 65 50 28 29 14 84 81 40 53 5 80 30 52 9 88 71 65 27 23 92 64 41 
7 79 42 94 89 26 18 73 96 46 82 95 9 97 82 62 28 7 94 98 46 61 7 17 49 43 22 57 60 82 33 16 62 23 92 94 28 94 66 64 43 82 71 50 95 90 27 59 61 17 
44 42 68 65 3 87 12 53 61 20 97 97 88 34 26 8 78 2 57 78 92 53 49 12 65 52 3 37 39 1 65 22 84 7 79 66 24 5 1 85 14 83 88 72 28 91 89 2 10 65 
38 79 54 77 55 73 4 50 18 5 95 97 75 96 56 50 62 57 81 8 99 89 34 5 16 9 57 73 22 47 38 71 24 81 34 71 99 76 50 41 27 29 96 76 54 58 1 50 46 58 
34 62 20 57 97 45 65 37 59 60 84 89 56 43 11 80 79 50 13 7 88 2 61 89 43 41 26 25 74 31 33 64 75 78 26 65 44 2 61 90 87 31 40 37 15 49 82 84 46 89 
35 2 37 33 38 83 7 95 21 43 27 44 78 6 15 85 63 84 47 80 86 25 47 36 1 41 20 87 18 15 44 77 57 64 76 70 36 68 20 77 30 64 36 80 68 67 7 5 52 20 
69 65 5 91 52 32 59 40 77 68 66 60 20 87 97 7 73 60 81 47 10 93 94 12 3 94 50 87 65 52 40 9 42 88 10 3 11 85 4 47 94 98 84 39 75 98 94 25 56 40 
68 92 27 73 85 76 26 27 42 7 77 67 86 50 12 76 92 35 69 48 9 53 28 14 3 5 40 94 80 93 14 49 89 37 39 85 63 17 39 48 87 97 85 34 34 71 11 59 69 11 
11 49 99 2 59 11 19 43 38 37 7 29 10 45 44 1 21 54 67 71 55 39 14 45 20 57 97 48 49 3 84 58 18 95 90 65 8 83 13 14 87 41 27 39 16 45 34 33 72 79 
94 76 6 22 63 13 33 53 95 60 92 4 24 69 91 44 63 95 91 7 14 2 15 74 77 81 48 8 38 49 81 19 3 34 67 47 23 77 54 38 37 10 54 73 99 13 86 18 87 64 
47 12 35 86 70 43 34 49 68 76 31 79 34 33 70 13 65 42 15 26 79 10 81 28 8 78 65 79 16 43 45 54 72 88 3 49 53 5 46 16 29 5 66 61 77 31 33 68 94 23 
35 58 83 31 78 11 17 79 92 84 94 97 74 39 79 94 9 59 50 33 6 1 44 32 83 49 7 53 45 36 27 25 78 11 64 91 36 5 18 89 83 52 36 95 52 82 48 15 20 75 
29 44 28 48 77 71 12 38 10 89 89 35 50 50 48 43 93 15 50 97 26 93 47 45 10 67 61 5 23 60 97 5 98 47 1 51 54 83 35 78 29 23 98 61 99 64 65 91 55 85 
6 48 36 25 6 86 41 74 76 82 26 4 94 16 9 9 34 30 76 77 49 91 24 80 3 3 11 73 71 93 80 24 36 31 45 74 79 58 60 27 29 30 81 85 41 80 33 75 91 62 
10 23 88 13 24 72 12 97 10 82 21 18 73 60 5 36 7 48 46 71 23 39 76 22 15 12 32 98 24 88 55 36 17 36 29 97 3 85 49 97 68 3 46 2 22 15 83 58 22 17 
87 65 34 91 77 3 77 97 36 94 23 49 85 29 16 31 4 80 43 95 39 30 23 78 8 24 53 98 97 27 60 7 84 88 71 4 35 86 13 46 2 65 36 5 2 31 60 65 78 89 
50 30 59 89 70 64 71 33 12 43 35 68 32 41 90 4 54 9 54 14 89 99 34 73 18 60 18 8 48 36 61 76 36 96 62 44 53 31 44 3 40 9 21 63 3 37 24 38 64 99 
74 97 42 43 61 14 83 16 25 60 28 41 45 35 88 87 99 41 69 42 48 12 66 88 30 49 96 88 21 28 28 87 40 58 53 61 24 82 4 3 26 20 32 26 72 76 31 94 19 79 
24 65 90 35 98 99 90 53 39 81 11 67 58 33 89 44 37 19 86 9 58 15 63 92 89 82 5 64 83 61 42 49 14 64 98 59 26 83 64 35 72 77 78 15 59 23 68 71 18 70 
29 78 54 16 94 11 46 40 20 60 3 58 28 70 33 49 49 46 16 54 94 1 49 43 64 10 3 81 86 52 29 92 44 3 99 68 38 86 55 15 72 50 95 41 33 88 85 18 39 30 
19 51 87 96 3 30 23 2 3 21 14 11 63 39 62 24 57 39 57 9 30 61 84 91 87 30 18 42 55 90 69 70 59 26 12 87 39 43 16 26 83 79 91 67 3 82 82 3 24 78 
94 36 80 44 50 2 2 42 52 63 88 89 56 41 16 38 48 28 11 25 93 79 47 42 47 43 76 77 63 21 5 99 69 95 10 9 94 74 38 94 92 82 90 30 28 65 62 4 36 55 
32 23 52 12 14 95 69 62 14 74 84 29 19 16 14 30 49 30 29 44 95 57 93 62 60 64 91 82 54 87 62 20 60 87 94 42 78 47 97 49 23 23 10 91 44 74 55 49 76 29 
49 52 72 44 61 75 94 52 26 45 99 15 98 87 3 64 19 95 59 4 81 27 63 53 63 69 74 15 45 19 49 19 30 12 42 60 90 28 63 67 76 92 38 9 77 79 77 42 44 38 
36 87 18 48 41 74 43 17 66 40 7 86 40 85 93 87 17 53 19 47 72 12 33 18 79 61 80 65 98 43 94 90 64 56 20 23 60 12 53 75 26 79 60 61 40 83 36 55 32 36 
85 71 90 34 43 40 89 57 42 9 49 92 26 88 71 67 23 6 90 18 23 15 40 87 19 87 10 35 22 66 8 32 48 98 5 81 87 68 5 24 10 82 78 70 96 9 12 24 53 44 
32 45 15 44 60 16 90 28 78 77 21 70 73 25 6 2 36 18 46 85 21 33 66 37 22 80 58 51 52 27 73 89 27 34 97 9 16 51 34 8 31 87 83 97 50 17 34 96 91 38 
57 1 64 91 44 4 15 31 46 17 18 43 77 19 47 21 88 10 33 68 38 24 28 84 54 58 63 18 98 3 33 99 92 46 37 95 19 69 20 58 43 85 59 53 97 10 86 66 48 39 
61 66 17 48 81 73 48 10 52 36 13 38 58 8 36 38 20 6 55 81 72 56 88 84 4 50 32 89 20 15 76 44 92 52 23 15 6 96 51 70 72 16 26 24 52 43 49 96 17 69 
5 82 2 57 61 24 49 87 2 33 75 21 29 23 41 12 65 64 34 96 4 26 90 69 68 46 10 41 88 48 99 90 84 65 83 61 42 93 42 74 64 40 14 31 56 32 47 62 87 47 
13 9 78 19 67 39 77 91 90 52 52 70 65 17 64 29 90 67 3 58 22 56 4 16 37 34 87 90 90 46 97 36 92 51 75 91 75 76 33 66 51 47 86 79 66 65 44 75 3 11 
75 2 38 6 75 26 6 70 51 62 41 11 3 58 5 75 8 87 26 42 30 43 38 3 72 82 69 24 48 60 65 28 25 61 25 20 17 14 46 56 20 39 10 74 76 46 19 33 41 94 
40 78 40 40 76 71 19 12 97 44 48 62 93 67 75 53 92 37 13 25 20 97 19 47 12 40 46 61 37 90 86 20 50 71 48 22 99 34 59 68 81 70 86 3 23 32 72 91 6 47 
6 15 77 1 20 91 84 62 47 7 21 23 17 31 89 94 35 12 45 49 48 48 83 80 53 60 42 74 7 49 99 12 33 1 23 17 15 63 41 74 87 30 57 89 86 60 88 3 57 58 
14 79 91 1 10 17 16 39 54 53 10 43 16 62 45 93 10 28 5 56 30 76 16 44 4 5 30 31 44 47 52 43 15 18 46 75 29 88 7 27 78 65 82 71 14 83 75 54 32 57 
52 22 87 93 2 61 23 14 88 48 76 83 98 17 48 48 89 42 88 48 63 89 86 82 82 91 29 37 77 21 75 58 79 48 7 77 85 31 29 51 89 62 72 94 22 6 74 81 38 51 
62 85 95 85 90 3 62 99 38 53 7 61 20 6 62 77 27 6 13 47 20 9 53 71 41 60 95 36 52 90 1 41 95 27 1 48 71 52 73 76 27 11 21 56 65 55 75 85 1 9 
74 84 11 4 69 16 62 90 47 7 78 85 81 22 76 18 18 93 92 31 36 7 19 26 55 80 73 42 31 11 19 81 33 12 80 28 89 68 92 61 21 44 92 1 79 74 70 7 49 31 
62 30 80 45 25 23 54 75 66 89 51 26 52 62 98 6 95 60 68 70 79 45 23 40 99 32 34 37 41 51 54 19 82 43 70 23 59 17 72 70 90 12 61 98 93 63 65 67 44 32 
61 18 82 78 39 49 80 3 46 53 79 51 4 97 37 20 66 14 58 28 75 14 36 32 46 64 7 90 4 55 26 19 10 32 10 67 35 57 85 83 11 61 38 39 79 35 44 77 23 99 
62 68 99 88 37 7 68 40 94 97 95 63 85 28 84 76 4 48 42 70 38 36 40 4 73 24 17 24 7 99 19 17 66 36 70 69 23 98 88 79 90 94 16 46 48 34 68 72 8 2 
49 24 28 43 68 15 79 79 67 93 10 51 95 58 43 89 10 2 13 35 14 75 26 22 43 64 43 60 17 24 46 25 5 42 35 77 38 49 86 88 54 8 64 38 84 20 30 19 10 72 
75 27 12 55 97 92 2 16 18 88 44 84 4 54 84 62 78 87 39 86 15 38 35 49 62 95 11 96 8 38 86 14 76 73 85 47 65 93 7 60 32 65 30 77 79 11 25 84 28 77 
76 5 94 28 43 46 95 70 87 80 78 90 71 33 40 89 39 20 17 26 27 30 19 96 54 8 59 73 62 29 22 48 89 37 8 79 37 17 72 34 50 64 94 59 74 4 56 13 57 29 
40 95 48 69 5 62 75 30 99 83 85 34 55 26 68 4 11 49 95 73 79 80 7 74 81 66 68 34 1 3 17 7 36 68 71 27 41 85 68 20 93 85 6 2 38 72 76 26 59 94 
22 15 22 76 82 77 19 79 57 64 38 85 29 39 12 8 70 76 11 54 64 95 26 12 36 54 89 47 91 62 29 16 94 32 76 60 1 52 7 37 45 51 11 61 29 47 62 76 54 86 
47 79 38 37 69 50 91 38 35 93 1 20 48 89 10 82 26 1 14 47 95 20 19 39 38 99 88 73 32 49 5 59 40 38 36 12 89 96 18 64 76 3 50 45 34 88 34 9 86 73 
4 90 83 37 92 21 71 97 14 7 86 97 41 54 3 6 37 43 26 97 75 39 9 3 95 65 64 73 57 5 28 74 38 85 60 77 69 37 43 34 30 26 53 34 87 17 56 61 77 7 
66 12 79 33 10 89 16 17 48 64 65 99 10 85 2 76 52 3 26 3 96 34 29 36 96 51 43 27 42 2 90 81 77 61 61 83 57 87 83 80 31 82 86 71 27 29 42 71 54 60 
82 3 11 75 71 52 29 73 46 13 96 47 8 23 61 31 14 77 63 50 48 60 34 67 14 61 81 96 23 42 50 97 63 82 35 69 26 96 84 9 44 49 76 61 51 9 4 82 87 78 
64 43 9 65 47 96 2 63 53 13 72 72 87 93 35 34 45 64 97 58 71 82 50 18 99 77 78 50 40 8 4 39 32 9 94 75 40 88 19 74 64 79 14 19 97 34 29 99 69 61 
8 63 22 77 50 32 38 60 41 88 11 44 84 76 76 89 54 40 59 65 1 17 77 89 62 16 67 39 24 83 55 11 15 41 36 61 61 77 21 79 82 69 41 39 79 28 62 71 29 41 
61 57 21 91 89 47 6 43 39 24 85 32 10 36 47 10 31 12 18 94 6 57 36 24 52 13 29 87 14 98 91 79 42 47 31 19 24 43 1 86 95 38 6 71 84 19 66 51 54 28 
37 13 12 87 65 78 36 24 13 80 3 11 50 74 13 29 24 14 23 70 55 84 18 91 60 86 94 40 8 17 64 79 8 54 48 68 88 85 93 16 29 32 25 80 89 58 8 21 6 1 
11 79 94 90 87 20 57 23 72 2 1 37 9 13 2 43 71 2 88 57 52 19 43 85 31 39 45 81 77 91 3 31 85 63 30 67 86 10 26 59 46 98 83 52 85 42 80 41 65 74 
73 85 99 67 62 22 18 4 47 84 4 83 98 30 11 6 81 4 52 70 95 95 51 50 12 6 56 61 85 36 53 14 13 20 1 84 19 47 76 29 70 12 95 80 46 73 11 64 15 37 
2 27 79 54 14 74 82 87 2 74 21 46 52 40 18 84 24 36 93 4 31 60 27 37 51 48 73 18 79 55 78 40 28 97 65 2 94 18 32 14 79 53 72 31 87 26 43 59 73 43 
75 80 95 45 93 39 55 79 39 97 60 79 28 26 84 80 53 38 79 97 48 60 9 93 85 53 9 60 58 44 5 70 81 42 89 24 82 1 82 61 18 9 21 96 75 32 1 21 98 66 
14 22 89 6 47 87 82 85 81 34 22 51 70 28 91 86 30 70 63 68 9 7 4 65 5 55 51 67 79 58 39 35 58 47 32 44 78 28 27 5 77 82 81 74 92 36 86 92 4 31 
17 63 73 56 27 4 85 3 55 51 64 51 41 86 15 31 27 36 31 3 73 23 65 53 94 49 82 39 77 41 98 90 31 27 70 4 88 91 37 51 5 99 45 97 6 85 6 91 59 29 
63 24 99 69 43 2 85 19 71 75 67 69 72 42 99 59 73 54 22 7 4 44 44 56 36 46 86 53 71 82 61 45 81 42 13 5 74 53 12 58 18 81 30 38 59 25 24 33 2 62 
97 57 51 81 26 90 12 66 77 95 91 66 19 77 11 34 91 70 38 47 87 84 54 13 38 45 40 67 50 46 81 82 97 94 32 56 27 2 80 75 24 99 24 57 76 18 19 21 45 45 
23 22 51 82 33 10 8 78 47 41 63 10 22 92 33 46 96 73 1 72 2 77 82 63 86 97 64 20 15 5 37 88 41 1 51 79 28 52 71 83 71 82 84 75 40 76 16 48 4 47 
14 18 17 55 27 62 99 58 80 80 22 39 43 41 19 86 95 50 61 15 46 81 65 62 52 61 37 74 57 24 85 21 17 19 28 89 83 25 77 47 30 56 3 1 82 52 17 8 19 5 
74 56 74 9 38 78 73 28 36 55 26 65 74 98 80 59 26 58 18 73 55 4 3 5 71 91 19 82 87 94 74 11 3 29 81 81 66 49 9 48 25 34 35 2 40 66 56 65 31 48 
91 42 16 75 71 8 32 21 72 52 27 89 68 10 29 17 45 70 70 77 40 39 18 66 87 58 51 84 9 76 92 17 18 82 77 93 39 57 46 89 44 30 21 39 39 9 15 64 73 44 
69 37 18 77 86 62 30 86 19 79 40 60 49 29 17 79 49 5 74 8 23 42 51 63 46 59 99 50 98 63 42 79 83 19 98 98 57 9 16 76 83 92 51 48 39 18 55 5 16 92 
23 87 58 99 96 87 85 65 26 97 31 48 38 73 41 56 79 28 63 73 79 39 48 57 81 32 92 31 61 22 61 90 12 16 19 60 36 36 20 12 97 90 48 72 32 24 67 27 31 3 
11 78 93 1 55 37 52 66 46 63 82 13 6 52 11 79 24 50 76 47 77 84 96 80 49 25 64 25 44 9 63 47 29 86 64 90 4 28 7 62 18 1 58 31 34 90 17 88 36 37 
53 7 34 49 85 58 30 75 77 66 43 46 96 89 55 79 59 84 26 74 38 42 63 32 61 14 80 16 3 51 29 79 29 11 99 97 74 67 30 43 44 90 73 54 70 48 97 83 82 17 
44 1 21 73 81 44 74 22 95 45 51 74 31 12 6 30 51 32 15 78 81 9 95 69 6 27 69 73 28 20 9 42 72 34 85 99 16 15 24 14 49 85 39 50 67 7 20 60 83 4 
65 26 92 40 25 30 29 77 28 52 19 59 27 3 69 7 90 74 79 72 19 82 62 54 88 15 62 17 43 20 41 37 29 68 7 25 16 6 21 33 27 41 41 46 32 18 51 37 31 76 
8 1 47 59 27 74 88 58 95 41 88 19 32 24 96 52 96 1 57 54 96 34 46 53 8 15 42 19 79 37 99 80 98 61 33 60 62 16 76 31 12 79 37 15 31 77 35 22 77 70 
96 49 57 50 29 2 93 78 59 11 70 12 50 7 79 71 51 27 36 41 15 1 69 22 77 54 19 77 77 31 81 40 44 92 17 53 97 80 27 94 32 66 48 38 81 52 74 59 16 48 
36 91 51 12 88 62 50 73 56 42 47 68 97 10 53 42 43 42 76 43 3 92 66 46 40 28 99 25 92 81 71 10 74 23 44 98 99 74 90 30 50 46 43 20 91 87 96 20 77 36 
42 96 41 90 92 47 48 62 17 27 64 56 36 43 34 17 36 96 2 96 80 78 75 35 60 31 35 65 53 50 72 66 56 44 2 49 51 28 19 33 55 62 71 54 14 31 31 54 29 64 
2 21 8 25 91 81 31 53 24 68 90 52 33 32 35 33 21 59 1 2 85 15 54 56 21 10 64 72 35 88 72 54 35 36 4 96 35 73 90 5 47 97 99 2 3 6 19 44 88 23 
25 86 46 51 44 26 2 86 5 23 5 37 93 46 22 12 92 60 16 92 45 64 83 53 42 76 90 11 85 98 19 75 13 25 32 62 15 56 41 41 28 66 31 65 27 74 10 28 2 8 
46 5 82 12 97 87 72 20 12 43 74 1 39 31 4 93 81 58 83 77 13 53 63 12 24 48 37 81 55 95 48 84 63 52 4 12 2 77 99 54 73 48 12 76 42 35 86 70 50 38 
85 23 92 47 81 28 73 59 8 50 79 12 5 25 60 22 90 91 54 64 85 34 91 9 18 54 86 74 86 28 55 67 40 56 66 16 13 76 48 78 99 38 30 11 58 33 12 20 99 25 
87 42 24 83 11 40 89 62 84 60 77 92 91 32 29 60 87 61 38 79 70 39 74 2 87 1 20 36 16 89 68 93 21 94 26 70 71 70 71 89 40 67 78 5 72 97 82 45 6 57 
69 36 41 35 28 51 34 97 54 89 85 87 38 76 82 92 11 69 86 6 44 20 43 93 59 56 36 8 1 40 49 30 50 91 32 26 94 24 87 27 94 57 11 70 47 53 28 23 81 37 
57 96 51 94 12 73 21 41 65 66 15 48 95 23 30 4 95 75 86 45 85 66 96 11 7 6 96 84 18 6 74 33 28 84 70 53 25 60 34 91 33 77 39 96 14 26 7 12 74 91 
52 5 91 45 65 46 88 65 15 59 61 62 39 26 47 53 51 73 3 10 50 80 77 13 18 47 28 1 85 89 33 24 49 96 99 19 35 81 65 11 79 53 49 46 50 50 40 32 34 33 
60 4 2 33 91 17 79 41 79 31 6 37 22 59 93 77 4 19 96 70 22 87 31 5 23 42 81 15 9 23 18 36 16 69 83 25 72 27 66 66 89 89 25 38 2 33 20 73 64 89 
10 35 52 91 57 38 92 45 40 66 56 57 49 77 40 84 28 48 80 74 45 94 96 25 63 39 88 84 93 86 35 29 59 2 8 72 84 72 71 66 27 32 22 53 97 45 25 69 96 5 
82 9 66 43 33 37 9 23 72 9 25 47 31 87 83 13 23 78 59 69 10 24 83 18 81 5 17 21 15 99 2 36 55 59 68 50 91 70 46 11 63 25 55 47 14 51 19 4 12 38 
89 43 70 51 14 25 82 98 93 1 71 89 11 10 32 88 39 7 16 41 61 59 61 77 34 9 53 27 35 25 43 19 68 5 28 52 98 22 90 44 43 47 18 46 82 47 44 26 59 9 
66 4 72 29 79 89 63 89 79 81 34 69 70 27 3 68 99 23 13 75 53 30 53 68 38 7 93 32 63 12 91 25 83 9 62 6 24 1 22 20 48 44 49 75 1 99 40 72 43 66 
47 56 6 33 96 91 5 7 44 24 90 33 67 61 27 11 73 68 71 39 40 95 20 21 19 3 89 61 27 48 49 16 3 97 27 51 53 73 97 26 10 44 18 59 37 14 22 69 73 19 
90 18 4 79 88 83 94 90 47 81 98 27 58 77 33 57 25 4 77 28 76 58 91 26 48 59 99 47 43 53 70 29 1 88 49 48 75 56 31 46 78 85 92 84 75 11 54 52 10 54 
28 25 95 89 32 58 89 95 28 12 43 9 49 5 36 39 25 29 38 1 71 5 65 54 78 82 23 28 82 20 53 30 95 41 86 44 59 25 15 27 33 67 62 36 59 58 50 88 41 65 
13 28 84 98 38 70 84 13 98 68 62 51 29 9 61 97 54 61 10 21 73 66 91 47 55 82 92 52 1 90 60 22 80 70 28 71 7 85 6 43 54 25 61 51 88 25 59 53 62 69 
43 11 36 59 49 69 25 23 52 71 88 8 49 41 66 33 48 40 24 94 30 96 52 73 88 10 83 93 88 19 43 16 6 84 73 20 75 61 73 93 11 70 62 48 89 5 4 54 79 59 
68 59 54 89 84 8 85 34 21 66 26 40 6 43 69 75 51 53 46 81 82 28 81 87 1 94 45 8 52 21 90 57 32 38 61 82 56 64 28 38 95 40 92 11 29 66 75 3 67 75 
16 68 86 92 19 44 9 28 38 67 71 36 35 77 45 82 94 77 89 52 34 95 26 51 93 54 22 95 45 57 46 47 48 61 61 41 93 79 58 85 51 41 95 18 53 75 33 17 71 34 
83 84 80 71 94 74 36 92 87 43 52 41 97 60 65 93 76 46 67 57 6 27 77 51 97 94 66 81 86 98 80 38 75 85 47 37 2 19 34 26 95 68 39 53 56 18 94 28 45 33 
15 70 67 90 93 48 85 63 77 63 53 57 61 53 77 77 49 81 34 42 24 81 24 73 51 34 22 8 66 36 21 99 82 15 27 30 65 11 47 21 2 12 25 48 57 69 55 72 79 88 
56 11 88 21 44 89 37 49 26 91 10 25 85 39 78 1 9 59 81 74 69 62 25 56 98 23 43 24 21 69 10 50 56 46 13 91 49 17 23 6 63 36 4 69 98 3 64 70 60 45 
85 2 80 2 45 58 69 95 66 96 21 18 67 96 82 96 51 47 99 70 73 14 84 83 21 48 93 68 44 1 32 19 83 76 99 36 73 93 26 32 3 38 77 82 1 21 57 72 46 91 
51 54 18 40 29 60 19 9 1 74 15 40 40 60 91 89 29 33 12 67 4 42 25 31 95 22 11 34 36 37 79 99 11 33 46 34 53 69 8 54 17 11 76 95 14 55 61 32 20 46 
96 19 42 67 72 77 51 92 99 89 50 51 25 90 67 30 42 89 54 29 96 65 82 17 47 19 48 46 85 1 86 86 21 85 18 97 7 55 79 95 40 21 38 60 32 48 32 34 76 47 
7 49 65 49 25 48 90 18 39 84 63 60 98 62 24 39 40 47 25 88 75 52 28 69 85 58 28 96 6 46 51 12 94 92 95 46 15 36 83 58 36 62 2 38 28 61 31 67 77 20 
19 53 48 30 95 25 38 7 1 51 30 44 89 22 35 65 33 47 7 47 15 87 44 41 96 30 37 10 5 86 50 93 72 44 90 20 62 96 5 50 40 83 83 25 29 63 75 81 16 26 
12 65 25 72 93 37 88 37 62 33 2 80 32 86 40 6 58 46 31 11 48 12 82 60 61 83 41 99 68 50 52 18 35 33 35 14 42 48 54 8 29 71 70 75 90 55 71 4 91 61 
6 46 1 43 89 44 55 48 61 50 79 17 41 64 15 4 80 1 39 79 50 83 79 76 42 44 34 89 38 37 36 61 89 71 8 53 85 74 21 61 14 12 12 24 85 67 26 8 58 39 
7 71 71 83 49 65 56 93 91 81 77 85 98 41 78 74 39 56 22 88 75 46 81 93 97 54 68 36 55 90 60 97 44 45 60 97 69 3 6 87 74 29 85 21 28 18 9 30 61 64 
9 49 76 98 45 52 19 52 36 43 11 77 72 19 83 79 86 62 85 10 95 31 7 98 64 3 99 79 5 92 40 80 31 82 82 66 71 32 87 11 50 64 9 89 3 38 36 18 15 4 
33 30 61 8 37 82 29 18 93 36 7 12 23 97 48 98 16 43 70 92 47 40 88 72 49 89 93 46 98 40 46 8 27 29 75 60 63 36 29 5 39 24 85 42 64 86 5 95 65 58 
84 79 76 14 2 74 74 57 20 19 70 1 54 61 45 52 91 55 37 11 92 37 40 81 34 90 60 57 62 59 14 16 81 74 50 95 89 77 73 82 69 76 81 50 19 24 51 25 66 97 
96 24 54 43 35 83 97 76 52 44 82 46 48 59 38 38 15 7 15 43 8 20 26 4 57 54 39 56 10 96 94 90 43 19 27 2 95 21 83 75 12 3 89 23 47 11 19 3 35 81 
13 63 83 17 38 46 81 39 32 24 97 35 86 30 11 6 26 87 91 49 95 87 93 29 82 15 22 75 29 21 44 5 38 94 72 64 77 14 26 51 36 35 64 84 49 34 52 37 24 84 
41 85 26 34 10 77 10 66 21 10 74 30 50 43 8 55 58 94 50 72 31 23 25 15 23 89 59 5 95 43 98 23 34 83 38 47 61 9 55 24 73 77 84 42 84 46 48 26 43 83 
36 68 16 18 28 80 57 24 9 72 76 4 73 57 58 35 65 30 31 34 46 44 42 49 19 17 75 90 1 3 22 47 6 32 60 11 50 92 69 54 80 33 83 92 90 72 22 6 29 9 
44 92 85 65 20 67 20 66 63 91 53 93 83 41 60 40 95 96 50 92 21 86 84 56 65 98 27 36 19 83 71 36 50 65 69 47 75 79 70 21 89 58 31 36 80 40 5 22 62 30 
79 75 55 87 47 90 32 88 36 94 50 62 71 45 78 94 1 52 77 25 19 18 31 76 84 12 39 7 66 5 50 89 22 22 39 48 89 56 47 45 79 50 27 66 91 49 26 82 71 85 
18 17 93 39 63 37 49 47 83 82 11 30 92 15 45 4 12 28 1 58 89 63 27 64 95 91 56 21 47 61 65 51 15 40 19 21 82 94 57 39 47 1 89 66 85 95 88 73 74 98 
47 70 96 1 7 83 79 47 78 60 38 98 9 52 12 7 15 38 43 51 84 48 52 79 93 94 72 17 4 51 3 85 38 97 91 54 20 56 23 46 32 9 34 87 81 76 13 18 18 97 
93 87 55 26 4 72 18 18 31 11 30 46 16 5 77 39 16 13 52 14 77 59 37 4 49 81 29 51 50 52 52 95 24 30 94 35 48 73 38 12 93 29 62 42 98 38 54 79 55 37 
54 99 26 52 38 37 38 3 47 59 44 6 27 71 72 27 25 19 39 9 12 91 2 64 46 83 82 48 19 39 85 28 5 15 22 24 62 52 65 13 16 68 83 81 61 28 65 47 64 95 
21 30 58 79 98 88 33 5 76 22 47 97 58 39 77 2 18 5 87 13 20 24 22 31 60 27 43 69 26 91 88 68 46 17 53 38 8 76 20 60 50 42 24 36 11 68 64 55 55 72 
37 98 39 66 9 55 54 40 19 7 92 92 21 9 25 28 95 81 50 38 7 90 65 38 49 72 91 84 13 7 32 40 43 87 61 32 62 50 28 29 58 58 47 39 69 10 12 26 51 7 
78 78 53 57 13 25 53 58 31 46 90 33 42 32 96 28 64 29 35 93 57 3 13 57 67 76 17 88 45 16 33 22 41 78 25 63 87 4 3 25 56 46 3 20 9 37 61 63 50 80 
82 42 89 86 41 86 54 35 6 34 47 76 11 22 84 66 42 5 26 13 70 65 98 48 13 34 66 85 79 68 58 37 30 32 5 58 32 54 35 67 14 5 23 13 99 67 39 73 93 53 
79 44 18 49 84 49 29 5 73 28 96 40 73 55 56 45 12 64 67 76 7 92 21 10 47 94 33 92 2 40 99 64 10 8 76 70 4 70 35 11 91 88 54 90 86 42 72 42 26 54 
3 58 50 57 75 40 37 52 99 93 85 59 36 56 11 12 12 8 48 38 30 72 82 71 34 43 28 91 88 81 23 62 96 93 49 18 27 90 75 58 19 29 5 69 72 67 81 63 33 66 
46 46 41 33 14 78 6 87 79 42 82 60 64 77 5 36 73 56 97 46 96 45 91 3 16 47 77 2 8 64 30 32 9 69 96 88 82 74 84 18 84 54 52 81 65 68 33 56 99 95 
58 6 80 62 25 41 2 36 92 65 57 5 23 24 97 23 3 64 43 9 54 59 17 22 64 52 67 24 96 70 71 27 89 4 30 48 71 12 60 55 64 47 15 98 47 87 38 28 78 9 
47 60 82 62 80 55 60 37 81 28 84 18 57 22 86 67 47 48 73 61 84 90 14 70 60 10 18 57 18 33 55 18 10 11 74 20 29 92 39 51 89 80 55 82 95 65 26 61 11 57 
98 55 58 97 40 83 3 96 66 70 92 47 68 17 89 53 1 99 4 71 59 44 2 57 22 25 66 66 66 52 43 47 1 30 63 44 35 28 12 54 42 94 31 37 80 82 2 26 86 74 
86 44 16 8 29 57 29 10 36 94 45 30 56 18 33 24 21 26 2 90 57 27 38 60 55 73 75 12 69 12 8 44 83 76 97 83 2 51 50 26 93 26 64 19 42 62 84 49 68 77 
67 3 67 49 52 89 72 25 98 35 35 25 76 13 40 95 31 90 94 97 93 70 35 15 95 79 40 44 63 33 85 32 19 81 44 2 72 94 66 9 44 37 64 26 55 96 63 30 51 65 
74 70 12 64 86 26 54 93 32 46 57 21 50 96 78 36 35 15 50 82 3 51 26 96 47 7 74 53 85 36 60 55 49 96 83 34 77 25 78 26 74 24 38 48 45 94 44 92 46 92 
84 16 38 51 2 24 60 13 37 1 42 8 50 85 73 31 9 22 21 5 37 2 89 80 32 91 86 35 58 40 34 84 14 74 46 44 97 57 91 94 8 56 52 95 46 7 41 78 76 28 
67 96 74 68 81 24 11 3 18 71 10 11 94 70 20 56 18 23 91 2 46 8 24 60 51 59 48 81 82 45 51 30 98 62 21 91 37 12 98 14 15 87 80 52 11 55 11 40 65 92 
9 2 25 24 9 74 59 33 53 74 40 10 94 59 10 67 38 60 88 14 17 70 8 18 57 97 39 31 84 78 1 8 68 44 54 34 28 25 52 93 36 28 52 91 70 74 79 54 38 69 
98 9 94 19 83 97 36 67 48 84 59 15 11 36 7 63 51 16 60 24 65 99 38 86 96 88 62 15 52 55 86 65 33 38 5 60 48 77 60 26 11 35 48 9 33 13 8 69 53 37 
76 39 28 18 23 87 32 82 51 91 94 13 98 36 55 55 30 3 83 73 31 90 9 75 35 99 8 52 84 37 90 51 57 4 12 18 64 27 21 2 78 48 69 73 61 21 21 9 19 97 
67 91 96 84 88 72 7 30 89 80 8 55 84 3 79 96 78 29 70 39 66 97 5 28 27 5 73 57 2 84 19 71 30 89 60 17 47 46 67 88 54 89 56 52 89 29 32 55 24 7 
41 35 42 85 10 79 46 17 24 20 93 67 95 95 54 51 18 71 50 69 15 14 82 12 34 98 22 25 75 63 35 20 86 93 64 57 56 56 9 69 4 1 46 16 54 78 88 3 15 46 
89 78 43 89 27 75 40 7 53 76 23 35 4 11 98 24 52 5 42 56 9 28 78 60 63 29 44 89 47 53 65 67 53 28 10 11 33 87 54 37 7 59 18 5 27 86 51 94 40 23 
77 97 13 65 76 86 3 88 4 67 67 78 35 40 99 12 90 69 37 43 11 35 63 2 47 54 19 72 76 92 51 54 18 1 49 95 63 26 74 22 20 77 35 41 82 86 35 86 10 16 
55 73 23 58 35 10 4 48 7 99 10 75 39 69 13 6 35 53 54 21 45 56 96 11 91 13 98 65 80 20 29 79 16 51 62 63 8 16 25 57 72 95 77 48 70 64 44 69 57 21 
40 18 88 75 48 29 93 33 23 24 75 70 67 43 24 77 64 46 8 89 30 77 69 35 14 31 8 80 44 93 6 65 74 40 89 72 28 69 54 55 62 31 12 62 97 71 90 65 10 37 
50 69 55 26 57 90 90 56 2 38 49 37 22 66 92 51 40 63 94 56 84 88 82 83 98 13 1 36 42 44 46 57 54 32 60 99 33 82 58 3 86 41 90 42 29 53 75 8 3 3 
95 88 47 94 60 50 1 2 11 43 53 52 14 14 80 56 8 23 8 40 70 84 69 5 77 75 72 51 83 4 97 44 3 69 87 13 11 30 53 27 7 4 41 37 81 86 98 31 43 70 
52 67 73 95 27 44 97 40 36 51 52 52 97 44 21 45 79 13 71 37 75 15 61 24 57 78 2 9 11 92 89 75 79 28 22 73 5 88 15 65 46 46 16 20 63 35 35 32 20 96 