50 326
63 72 73 66 81 77 26 29 7 89 57 16 84 41 45 74 34 21 37 44 85 18 32 4 13 55 14 19 61 3 79 71 51 89 24 65 30 13 23 52 61 9 65 56 64 5 38 75 2 29 
7 57 4 81 87 80 11 6 38 94 97 82 39 43 76 46 7 72 16 13 41 41 44 84 2 3 18 32 63 21 96 98 55 53 17 72 81 12 51 87 65 58 58 79 36 12 15 25 7 69 
11 83 11 1 89 38 76 96 86 11 30 64 56 68 16 32 91 10 59 39 76 52 58 35 70 39 89 42 75 94 79 10 62 63 65 47 32 51 32 33 51 40 34 70 18 73 83 25 65 45 
57 39 66 36 3 50 96 18 2 22 20 53 61 18 86 20 2 40 67 41 3 19 79 96 34 28 66 39 21 70 28 87 8 67 23 99 85 51 66 78 36 44 54 41 83 43 54 24 17 76 
63 84 77 36 32 94 28 84 84 16 88 21 98 30 49 35 13 40 79 33 29 41 54 73 92 36 90 51 90 52 3 61 94 41 87 11 53 60 71 62 73 2 7 82 84 40 7 83 36 42 
56 64 95 79 97 60 97 78 10 3 48 14 92 6 11 17 7 16 68 79 51 69 59 74 43 62 80 56 94 23 91 71 2 78 33 68 86 74 81 48 42 83 7 57 95 89 53 22 21 10 
95 45 14 17 8 90 50 83 61 6 3 25 1 45 41 96 63 38 48 59 35 46 19 12 69 99 7 99 73 33 69 63 53 94 49 20 61 29 77 34 54 33 57 82 15 61 89 51 63 65 
49 1 58 33 47 12 55 37 4 86 95 52 60 40 42 43 4 41 77 63 20 14 10 72 82 81 20 71 10 5 20 82 58 94 1 96 64 84 52 5 24 45 39 58 96 27 95 84 36 77 
59 47 71 24 83 38 2 27 26 97 20 3 75 48 82 94 98 27 83 78 79 81 82 47 19 41 9 44 10 18 47 68 32 79 81 74 90 33 48 89 85 41 16 58 11 3 63 2 88 88 
22 95 1 34 57 59 54 55 51 33 19 19 42 58 18 66 11 91 23 56 6 1 7 74 93 32 22 98 13 64 58 19 68 34 40 62 3 6 9 30 17 54 66 9 69 26 2 14 36 69 
27 9 87 33 45 90 81 60 51 41 40 30 1 36 78 43 17 10 56 30 41 53 35 23 57 77 72 76 58 93 9 57 27 63 3 6 19 49 81 8 41 26 54 71 94 97 63 64 3 59 
59 50 22 98 9 20 29 22 74 3 63 82 22 74 97 54 30 93 66 7 99 48 80 35 43 16 54 28 74 40 55 59 66 59 33 74 46 97 2 15 56 77 90 48 70 29 28 54 79 6 
67 17 36 17 34 86 86 64 46 37 38 99 13 89 45 86 33 22 60 4 58 82 90 55 87 43 75 48 45 92 32 5 15 92 84 97 55 18 60 53 75 93 58 57 94 20 37 57 36 32 
10 13 17 18 64 64 32 6 42 59 60 45 65 1 70 20 37 79 17 59 75 41 21 48 24 29 92 39 36 63 43 39 20 94 81 58 20 35 68 18 35 2 45 43 8 71 2 54 91 28 
3 62 12 89 50 86 63 81 38 21 23 84 24 69 48 78 13 81 62 54 96 87 49 83 21 47 3 5 84 84 38 54 82 38 4 39 20 43 10 77 16 46 80 99 34 10 86 14 98 39 
97 77 91 11 13 29 63 87 84 97 17 38 73 43 2 79 3 21 67 87 29 83 89 80 65 34 96 44 46 17 12 72 1 86 63 90 96 15 74 97 28 16 83 79 83 28 58 92 68 91 
39 37 45 10 45 12 62 52 16 22 20 60 45 31 94 37 9 85 42 89 21 33 53 13 35 95 32 8 76 48 42 98 96 30 2 96 81 36 8 66 39 10 73 33 14 72 17 60 34 6 
46 68 14 33 58 72 21 99 35 9 47 82 13 96 59 97 46 50 10 57 21 15 35 58 91 73 71 77 22 59 74 62 92 93 1 1 38 81 55 90 68 57 21 81 57 60 25 58 44 33 
29 63 6 55 93 50 42 59 14 56 59 18 5 95 78 54 44 18 27 61 56 54 18 60 82 6 84 87 77 37 38 79 13 51 35 54 3 16 23 63 88 10 31 63 81 82 19 63 98 67 
46 76 1 45 53 36 20 48 26 35 1 46 55 4 11 67 5 46 99 77 39 18 21 25 65 62 38 71 50 97 5 59 34 55 24 21 22 11 3 82 50 94 15 96 70 24 83 68 36 49 
52 11 59 66 44 3 92 32 36 4 18 87 28 10 43 63 42 75 87 98 93 78 86 16 42 23 34 19 29 51 81 31 70 94 37 68 28 50 38 10 93 65 57 76 70 84 60 84 63 56 
2 80 57 58 93 53 39 81 34 35 37 54 87 31 72 70 58 52 91 30 87 70 99 55 69 97 63 53 30 67 63 39 16 19 19 36 3 8 55 67 34 24 31 41 41 17 51 60 57 53 
36 92 98 95 55 47 92 32 39 59 79 99 79 61 11 43 49 82 85 64 33 82 40 48 5 17 53 10 50 91 29 22 11 23 57 62 44 73 8 32 41 42 24 93 8 67 73 88 29 64 
99 98 21 29 22 70 12 37 12 64 42 45 29 79 93 80 27 63 60 58 10 68 31 17 29 28 50 59 37 10 8 73 59 61 79 64 32 48 35 86 98 94 30 91 30 98 82 4 54 77 
29 25 52 40 62 90 2 68 14 14 46 50 31 69 15 55 97 37 56 98 21 10 90 41 61 84 89 28 4 41 52 42 32 97 79 14 56 71 15 6 24 59 26 53 64 78 81 97 14 40 
23 92 76 32 67 82 97 60 93 20 26 77 25 54 24 83 65 55 34 5 2 56 26 18 76 96 16 73 32 49 73 9 41 13 44 73 64 43 80 8 62 15 9 79 78 79 62 24 86 77 
97 49 18 22 60 77 48 13 36 13 30 36 31 30 74 40 42 92 22 83 45 37 38 82 39 93 23 87 32 81 52 23 24 23 17 63 20 79 66 56 87 6 29 16 63 41 49 43 57 69 
22 50 10 74 97 57 57 64 26 21 92 70 51 3 20 50 73 45 5 99 95 96 64 27 67 89 17 71 27 33 4 18 90 45 85 28 41 54 72 75 41 93 51 22 1 78 79 61 47 63 
15 89 59 40 72 13 82 92 23 2 44 45 32 85 44 94 4 25 13 32 56 9 44 32 76 39 86 52 45 19 35 46 27 17 7 60 16 86 66 74 43 33 43 65 9 20 77 68 85 29 
25 6 84 66 61 58 72 75 52 49 87 51 64 71 26 44 13 11 32 58 43 86 47 68 39 5 25 7 66 67 41 67 50 95 23 18 90 23 54 75 3 98 64 78 40 89 58 90 26 39 
14 32 97 28 61 59 76 96 27 79 48 94 52 66 68 22 46 77 49 18 42 50 55 12 34 39 14 62 15 61 65 48 1 28 3 3 85 17 89 65 72 83 3 89 9 95 32 63 74 18 
50 58 26 12 31 36 93 38 34 48 88 45 77 14 43 47 36 15 70 86 34 87 78 21 94 93 72 66 8 75 1 49 12 22 89 17 42 1 85 30 21 70 58 3 31 98 34 74 6 80 
35 4 26 77 34 63 85 25 60 80 79 32 15 16 48 62 21 8 21 61 28 8 16 76 59 10 26 43 76 85 34 55 8 81 28 35 31 77 39 41 77 22 50 25 87 34 87 98 23 20 
50 60 93 57 75 86 59 41 32 41 68 1 68 75 10 12 77 39 76 51 81 44 90 16 61 14 76 19 62 86 58 69 85 82 4 46 39 43 92 33 99 3 29 48 25 43 33 80 80 50 
31 56 30 53 13 24 95 82 28 10 6 58 91 69 58 79 71 46 51 40 85 73 6 34 35 11 81 29 12 63 48 93 25 30 20 9 22 75 60 18 46 94 9 15 71 47 54 61 90 56 
85 75 54 94 20 6 7 91 79 96 94 44 60 24 58 99 36 92 88 33 84 37 61 86 25 31 73 84 69 37 34 79 55 62 42 3 49 69 66 40 69 24 49 36 44 72 28 22 1 13 
88 84 92 34 97 31 48 92 55 37 28 90 15 71 2 53 62 44 74 2 80 49 72 32 20 31 60 54 93 69 26 70 27 72 88 72 68 17 2 11 36 41 69 20 38 72 95 33 31 33 
51 64 26 58 71 66 45 87 87 38 82 86 21 67 78 46 52 50 3 57 76 28 25 72 15 4 47 63 70 33 68 87 72 17 18 5 36 48 61 26 4 11 47 93 57 30 20 46 40 3 
47 96 84 94 9 81 52 2 63 95 13 82 87 40 51 7 68 69 23 35 3 84 63 25 36 12 2 85 67 32 73 70 27 32 69 27 98 22 75 92 89 60 10 71 79 36 15 90 26 40 
93 77 99 19 65 54 90 65 1 3 41 72 4 27 68 1 47 82 68 3 42 75 72 83 10 30 60 89 67 74 94 56 24 84 37 91 57 44 78 87 82 23 39 59 94 9 10 6 43 94 
34 61 90 30 97 4 51 41 62 24 2 36 45 12 26 91 47 20 7 17 85 39 39 2 51 2 57 4 47 75 71 32 26 29 68 58 74 19 65 11 3 7 68 40 34 66 49 76 97 66 
23 62 5 86 33 7 84 89 73 38 92 92 83 96 14 24 27 52 6 13 52 15 77 1 78 73 75 88 2 57 53 20 73 89 34 33 52 4 90 75 35 8 73 25 23 37 84 65 2 85 
83 97 71 19 59 78 35 92 13 19 70 42 1 61 80 62 7 6 77 55 67 55 12 46 32 76 82 66 90 19 14 45 66 77 90 34 85 20 96 19 26 59 34 76 26 98 78 1 41 15 
3 63 77 41 46 67 84 44 62 77 83 34 16 46 18 62 55 32 16 40 91 73 17 63 67 35 92 18 48 33 63 69 55 99 6 6 95 35 31 94 20 35 23 58 41 86 59 4 94 40 
89 92 37 79 99 1 42 31 73 93 24 37 51 71 23 97 43 32 66 89 21 50 24 83 64 60 80 86 23 19 95 35 68 52 73 38 46 41 88 99 40 94 44 27 71 98 41 57 58 89 
13 73 51 1 92 10 44 92 86 17 69 8 74 17 72 88 22 66 8 58 62 59 54 73 72 71 66 21 31 36 67 66 93 83 32 60 32 50 75 20 21 92 58 10 2 91 37 13 73 52 
65 4 91 93 26 86 76 4 93 8 81 38 63 81 44 26 52 73 20 65 50 94 49 94 50 21 23 56 55 64 54 95 94 79 76 43 25 84 25 1 72 11 53 38 70 20 69 71 26 60 
50 74 93 63 75 32 49 91 21 23 85 89 39 46 84 22 81 27 53 36 90 81 25 7 49 8 21 92 58 63 50 75 99 52 69 58 8 28 56 68 3 60 74 12 91 21 55 43 50 58 
35 79 49 31 54 98 56 52 59 18 4 67 16 34 20 55 11 85 47 95 20 44 58 16 83 62 84 86 36 60 85 26 69 31 49 14 64 33 22 20 27 43 18 79 91 16 34 15 68 22 
4 55 6 31 84 33 57 30 9 33 47 61 33 62 68 21 93 43 11 10 16 39 26 9 24 57 60 20 6 99 19 39 9 79 7 2 1 20 17 15 10 62 98 65 32 83 64 64 24 33 
29 2 50 13 79 48 16 64 24 90 89 73 27 64 72 62 35 66 72 14 98 54 13 35 17 45 91 65 11 73 69 36 64 89 92 61 52 35 26 65 66 40 8 59 72 51 7 77 45 34 
51 56 54 80 59 88 75 39 98 67 72 71 38 92 72 27 15 67 74 51 68 86 81 50 2 41 95 78 7 49 40 88 73 2 61 10 50 29 94 26 16 30 38 46 67 49 27 34 37 56 
81 93 48 8 8 22 67 84 56 67 59 63 5 9 48 18 7 23 64 75 7 45 9 44 4 66 88 11 12 35 34 32 85 27 99 98 77 22 22 73 10 9 24 49 67 32 94 29 95 52 
57 30 95 33 8 15 87 71 24 93 97 8 34 64 34 23 11 31 76 21 53 9 69 2 69 9 41 47 43 75 56 51 6 58 76 65 37 28 66 2 27 29 12 6 83 6 2 64 29 91 
11 33 10 41 69 83 41 49 93 80 22 93 31 78 66 98 6 12 67 41 90 45 25 50 41 1 21 80 33 97 10 51 94 63 2 13 34 46 99 47 17 56 43 92 99 8 58 79 28 94 
72 2 13 19 38 66 99 70 79 92 77 36 18 51 49 43 61 73 62 98 21 68 4 54 90 72 75 13 60 69 43 63 12 49 39 12 98 22 1 83 16 64 77 11 25 11 2 97 63 2 
94 60 83 93 61 14 57 72 7 48 81 86 7 75 74 80 51 37 78 76 7 95 38 2 80 99 54 12 11 93 68 35 76 63 98 17 68 89 98 95 79 70 58 58 86 97 16 24 13 68 
83 59 49 71 3 42 54 91 52 66 72 80 87 81 87 20 99 28 93 44 13 77 92 6 94 70 66 80 60 24 50 81 2 64 50 75 95 97 13 79 15 99 62 90 43 69 3 2 46 51 
67 67 62 89 35 79 34 72 57 95 55 82 53 9 57 56 3 12 73 45 16 45 67 99 24 91 54 92 26 66 77 2 76 81 52 68 60 16 6 72 63 3 83 34 48 89 55 12 43 60 
52 10 81 51 38 62 50 77 27 46 4 35 43 79 55 54 29 53 45 65 18 31 77 30 20 8 36 57 68 73 43 38 50 7 50 87 99 4 87 30 71 34 35 3 59 37 99 73 80 19 
56 8 83 89 3 84 68 65 45 96 92 62 42 93 65 98 31 48 49 93 21 44 49 37 20 80 83 79 17 42 10 68 45 75 43 35 95 3 34 1 23 73 81 80 84 39 70 37 97 75 
77 63 68 10 99 1 11 57 37 54 98 81 89 46 2 91 19 96 89 31 93 93 13 43 48 50 14 12 8 46 26 16 48 4 15 48 33 71 89 90 28 99 17 61 39 70 80 34 68 85 
2 48 93 86 11 93 24 16 10 34 88 82 27 94 33 79 11 61 97 83 2 52 64 80 24 57 72 29 21 74 22 86 45 82 10 89 2 69 67 83 81 82 32 44 68 83 28 73 90 32 
12 22 51 11 7 2 99 22 57 64 32 11 28 5 57 70 40 54 28 8 6 73 24 72 40 68 68 19 50 69 92 90 95 59 89 87 22 98 10 87 99 24 18 25 20 3 78 51 41 27 
59 79 75 67 5 1 33 13 31 13 7 47 5 92 3 42 58 14 85 64 54 87 90 99 54 33 41 53 5 28 6 64 15 67 97 72 99 29 44 9 70 55 39 5 16 14 96 97 96 12 
60 11 12 15 30 81 17 10 55 65 48 26 10 89 69 51 32 93 73 54 46 78 86 36 21 60 42 15 96 12 73 21 2 8 21 78 13 64 36 10 52 32 48 96 77 12 76 9 80 90 
50 55 53 58 25 66 99 86 27 59 16 20 55 21 78 93 7 30 55 98 55 54 96 39 87 26 15 84 37 59 65 32 8 87 16 75 78 35 96 28 35 41 90 64 46 5 36 15 9 23 
19 98 75 60 13 73 43 74 87 10 26 73 35 60 82 80 30 53 12 50 79 95 10 50 89 13 15 7 44 54 55 60 2 20 40 69 38 64 61 24 91 1 28 85 79 2 16 59 4 53 
66 41 14 7 72 13 73 87 20 2 64 44 2 84 68 36 80 47 15 45 42 75 7 86 15 59 10 25 29 22 94 96 12 77 55 45 13 16 2 33 13 76 67 17 76 42 49 22 27 71 
49 47 63 51 18 68 62 58 15 83 76 80 44 66 38 46 79 81 6 8 70 40 64 29 63 27 91 84 65 96 88 34 94 92 33 97 59 79 31 31 70 44 16 97 28 53 38 36 41 54 
28 18 80 52 23 98 46 36 74 65 20 36 91 75 88 70 27 35 90 84 57 10 6 4 33 84 17 35 49 61 54 51 89 94 79 27 36 2 4 27 71 93 19 44 28 96 25 79 42 68 
20 58 63 74 83 99 53 89 82 50 13 14 33 39 49 94 65 84 68 97 82 95 61 25 96 72 94 14 55 54 89 79 3 53 49 25 50 64 5 46 50 97 99 42 29 27 63 32 1 63 
80 18 15 3 70 88 64 42 91 43 71 55 77 49 77 78 98 93 83 92 68 67 36 12 81 5 20 24 34 36 60 54 97 63 91 66 43 22 21 64 62 63 30 23 1 27 85 29 93 75 
23 56 3 38 84 56 77 86 78 31 43 61 15 95 26 46 88 81 77 70 53 75 6 9 97 92 75 99 75 75 43 62 47 92 34 59 81 42 55 80 74 7 21 27 82 59 23 81 34 99 
24 31 2 96 38 13 27 42 99 98 48 92 11 34 25 47 38 59 50 64 40 21 33 28 33 4 6 19 78 99 30 33 97 4 53 37 41 8 25 3 89 17 12 84 63 47 35 30 25 5 
39 25 73 96 43 31 92 16 11 89 72 38 42 23 33 9 39 99 82 21 69 14 1 15 60 19 52 12 11 40 5 12 75 47 90 77 56 32 33 67 33 91 46 19 92 45 42 78 87 1 
81 12 42 70 13 95 18 71 88 70 83 6 23 8 81 2 54 20 50 20 83 55 51 96 23 55 65 30 2 97 47 59 48 53 87 9 97 56 4 29 69 81 25 81 4 15 54 97 73 67 
84 7 57 37 71 41 85 28 68 92 70 60 71 76 1 60 16 70 7 77 4 70 49 81 65 18 5 63 6 54 58 24 48 53 74 10 95 89 87 59 63 54 18 53 52 45 5 18 67 6 
17 86 38 37 46 20 9 85 3 97 27 99 10 90 83 74 31 51 95 89 23 17 14 55 6 43 5 13 77 45 30 99 17 30 98 54 7 36 33 5 4 46 11 40 89 71 48 50 20 33 
81 10 99 65 82 46 31 27 42 3 45 24 86 85 78 67 93 38 50 81 90 7 1 19 21 60 21 82 8 86 44 13 90 31 50 58 69 85 52 13 88 15 21 73 77 53 2 15 38 38 
79 92 26 89 11 69 26 98 46 13 95 91 65 33 28 5 46 62 18 26 63 35 90 94 25 23 47 86 56 38 24 13 23 24 12 1 96 37 44 11 39 97 86 88 24 71 75 65 16 53 
71 3 52 45 21 61 37 53 23 79 51 14 41 73 51 82 73 98 2 29 6 79 43 60 62 97 70 20 65 85 81 33 61 86 76 59 61 76 4 85 82 36 75 4 25 36 84 73 1 18 
89 9 85 12 39 11 7 52 87 78 81 97 86 46 58 6 25 33 67 23 49 20 6 70 70 81 47 25 54 43 26 60 56 23 33 77 51 2 43 34 95 12 51 2 81 41 3 38 93 30 
29 46 78 97 74 28 70 43 66 97 78 16 29 27 73 76 47 28 72 12 24 76 2 34 76 76 68 62 65 83 14 8 73 47 4 17 54 19 95 85 19 94 65 91 69 75 38 62 26 14 
74 91 37 55 55 77 94 93 75 72 55 47 28 28 93 50 25 29 1 75 20 54 22 22 88 60 28 76 47 92 17 38 78 54 24 42 84 34 52 69 83 48 99 27 69 35 7 92 53 5 
67 85 83 44 88 84 42 38 25 9 72 65 90 80 92 20 55 95 4 90 76 47 14 85 91 78 82 19 81 67 40 88 3 77 31 9 92 20 12 77 74 5 5 19 35 73 99 18 25 84 
18 55 23 80 47 22 14 44 84 23 22 98 19 62 42 33 30 43 8 3 30 33 84 2 98 96 27 85 30 35 50 49 69 63 16 56 89 31 55 30 93 51 80 12 14 99 39 28 61 30 
76 67 46 78 89 78 86 87 9 24 99 68 71 42 84 16 87 27 48 96 90 42 13 43 26 94 54 60 68 63 15 1 82 99 19 30 61 15 25 64 82 26 3 62 92 4 68 32 45 23 
79 40 54 74 39 24 37 48 50 31 48 85 31 92 54 68 34 99 32 9 94 55 92 48 91 94 59 44 23 54 51 82 67 52 18 47 85 45 58 73 58 95 23 42 45 99 44 47 85 74 
20 32 33 41 69 42 35 98 48 13 74 32 97 32 15 24 50 54 53 20 53 28 9 46 1 48 9 7 13 81 10 96 86 42 86 7 98 91 50 11 74 63 95 7 20 47 25 32 19 75 
67 8 94 88 30 87 81 80 44 63 57 42 70 96 31 24 84 62 58 91 23 71 26 20 84 99 7 73 5 78 98 28 4 42 9 26 61 50 56 48 75 80 50 95 3 5 35 10 83 32 
46 42 19 73 54 71 43 36 45 66 20 45 47 45 20 21 46 5 56 31 13 14 69 73 40 98 49 40 75 91 75 39 98 3 80 33 94 34 34 2 39 42 41 41 61 8 34 6 93 28 
35 3 36 54 71 39 51 10 29 13 16 25 7 64 97 69 27 42 12 61 56 31 36 57 29 26 87 2 63 99 3 81 62 21 6 64 99 66 69 40 74 19 39 89 67 13 48 43 6 8 
29 94 38 11 65 43 52 27 44 85 68 52 25 40 10 44 98 57 39 56 10 3 3 32 99 12 83 92 80 19 72 55 85 51 44 45 39 13 13 75 67 57 67 37 17 41 28 93 11 93 
39 55 10 50 84 13 99 34 92 84 84 96 58 45 10 80 7 45 40 54 28 67 59 51 11 75 41 65 62 85 70 12 7 63 16 89 40 1 99 88 71 29 34 59 18 23 4 7 34 78 
49 83 32 1 21 9 27 90 56 31 43 51 72 18 51 73 42 16 33 10 28 45 61 59 4 29 7 86 81 66 18 46 68 13 72 14 83 23 74 48 97 99 5 51 35 91 61 51 17 47 
91 7 20 96 98 50 46 24 85 16 12 69 45 52 61 87 20 97 4 21 68 18 34 40 14 59 95 62 32 50 87 58 5 28 50 50 37 90 79 53 42 53 39 96 45 41 82 1 76 29 
23 30 64 14 96 55 10 93 19 90 47 25 44 25 37 48 97 48 95 59 10 52 82 94 84 50 22 28 70 74 6 24 54 29 30 48 53 27 55 61 36 83 52 69 65 27 28 70 54 91 
83 72 40 83 30 92 66 48 22 55 52 25 39 41 64 39 91 75 61 82 97 57 50 31 71 19 40 44 50 46 61 24 74 27 39 48 83 66 26 56 13 35 33 10 98 58 48 49 34 45 
69 24 38 49 43 61 91 11 38 11 49 61 50 46 59 98 44 66 64 80 72 63 53 38 46 78 2 73 17 98 55 8 43 8 69 97 38 42 79 13 50 93 14 59 9 52 59 69 35 5 
79 83 12 41 12 34 57 82 71 40 22 43 82 63 52 52 6 6 12 21 48 36 33 91 17 59 18 35 51 66 58 6 53 76 60 99 68 25 71 50 29 2 31 47 5 95 65 76 64 84 
95 34 75 92 86 60 47 83 45 53 23 8 71 62 24 86 80 84 35 68 5 89 53 13 44 59 56 92 7 48 79 43 76 91 96 55 11 14 88 53 88 23 38 85 49 97 3 83 81 89 
82 51 63 90 27 32 23 76 73 84 3 24 46 43 35 38 26 4 58 35 61 24 76 26 27 20 37 69 31 79 82 36 82 99 77 57 26 91 25 40 52 40 74 61 78 23 95 92 85 1 
24 48 22 28 33 70 19 36 80 60 73 72 88 48 26 77 10 53 22 83 57 29 25 79 27 34 64 71 65 9 36 56 57 22 68 37 89 26 4 15 76 18 58 44 95 27 78 69 59 74 
46 39 88 11 52 7 27 5 44 19 60 2 2 99 57 28 15 65 3 13 58 75 71 66 59 19 35 93 46 22 15 64 84 83 59 55 6 41 77 1 93 16 27 88 63 65 81 52 97 15 
46 15 6 98 48 69 64 32 22 9 10 30 30 10 66 63 64 22 89 15 91 87 21 27 55 89 66 45 14 54 56 34 80 38 80 56 35 90 64 27 70 12 35 52 68 61 84 23 79 5 
35 34 46 1 33 60 7 85 93 3 78 32 34 62 79 11 65 12 59 99 78 83 29 50 68 64 59 42 90 42 85 26 19 60 74 47 34 78 32 97 9 1 18 45 16 22 8 29 39 40 
46 34 28 76 62 36 33 73 81 24 93 9 6 30 54 26 68 50 71 30 28 50 38 29 46 26 24 3 67 82 89 34 71 35 93 45 44 95 45 93 24 46 19 90 29 22 30 85 89 41 
17 16 82 88 28 38 30 70 64 35 54 5 64 3 69 79 48 36 5 56 47 98 11 28 96 21 56 75 66 67 65 96 53 29 60 44 46 27 12 66 54 4 17 43 94 69 17 10 53 87 
76 87 66 46 69 78 41 70 1 91 59 14 2 90 19 24 14 23 81 66 56 35 55 40 83 35 7 67 72 61 33 35 41 79 7 62 33 66 45 85 38 55 87 30 61 77 98 21 4 70 
84 92 10 30 95 6 5 23 22 54 93 98 44 5 50 47 57 10 9 94 31 97 32 62 70 45 28 36 85 89 65 60 98 75 27 30 35 7 46 84 78 99 89 31 72 72 57 44 72 87 
79 60 3 61 24 82 26 2 14 78 79 89 49 1 15 52 57 33 90 18 59 72 68 85 8 41 45 73 89 61 92 78 14 34 61 69 90 51 93 87 6 89 42 31 69 13 51 88 1 6 
61 95 77 19 15 66 21 75 28 46 72 2 95 25 34 36 21 61 49 60 92 10 34 56 4 19 45 74 46 77 72 71 55 49 55 9 11 28 88 15 79 20 52 59 8 71 84 26 35 96 
14 83 79 64 93 41 88 46 57 88 33 25 40 10 74 99 88 92 34 66 81 70 75 53 61 24 30 80 17 43 1 30 91 35 91 16 21 28 36 97 4 25 44 89 80 39 83 44 39 82 
30 9 55 42 81 87 93 38 76 72 12 66 6 62 52 93 52 1 83 75 36 71 50 63 87 31 84 78 58 27 98 32 20 99 17 46 2 2 15 84 43 84 15 4 73 20 57 69 72 66 
91 38 72 95 17 1 50 75 75 43 95 27 3 71 88 55 37 94 30 25 57 49 93 22 54 64 83 37 50 94 83 33 97 97 36 46 40 62 97 11 92 34 68 43 36 8 12 68 36 4 
61 52 62 88 4 95 90 27 66 95 26 72 26 75 86 32 74 72 30 29 4 86 74 62 64 31 7 84 14 3 59 73 60 39 40 4 38 61 42 51 20 78 1 88 98 77 20 20 63 45 
89 64 68 47 19 76 78 9 86 80 14 48 81 62 35 4 1 68 10 60 12 90 98 18 1 99 48 91 37 34 47 34 3 69 36 8 2 61 82 83 26 11 78 49 64 46 12 97 91 6 
35 35 20 73 47 39 54 91 24 80 49 33 30 56 39 27 99 49 40 2 62 50 16 25 77 19 91 83 90 60 87 1 5 61 53 7 17 56 10 3 39 20 14 86 71 22 92 89 97 36 
39 9 92 88 28 18 76 27 69 94 38 12 15 26 89 17 57 73 31 65 74 27 60 78 38 3 36 49 10 88 99 14 77 78 99 27 75 39 6 88 48 6 35 21 12 88 73 85 40 87 
90 56 39 45 28 81 82 57 45 84 1 74 96 91 84 83 92 63 93 36 78 1 33 48 32 72 23 53 78 99 92 84 50 88 73 70 88 82 90 14 24 14 81 83 42 77 42 13 9 40 
31 66 89 15 73 45 20 82 79 99 72 81 39 36 46 15 41 82 97 42 78 28 70 91 89 53 42 96 2 58 78 33 54 14 9 91 34 10 2 11 32 41 91 61 94 34 84 33 44 10 
81 6 54 1 56 60 1 24 19 30 54 92 81 15 57 84 92 75 71 23 10 40 82 94 7 13 59 99 62 42 22 11 2 27 14 71 82 8 2 43 88 48 47 46 3 5 59 44 45 42 
43 17 19 39 21 26 51 38 46 67 21 24 2 42 23 30 94 34 86 87 39 75 89 86 39 6 28 23 77 19 93 52 28 28 93 14 46 83 54 71 55 93 89 27 83 74 35 30 49 24 
98 23 1 38 54 25 72 63 40 99 44 52 41 82 55 55 90 11 34 58 25 8 68 31 75 61 69 3 4 91 1 90 44 81 80 6 3 29 7 36 90 99 70 29 51 7 89 12 42 72 
81 99 37 37 33 75 90 42 29 85 41 17 36 84 5 50 71 92 37 71 32 47 45 38 82 87 85 91 16 49 36 47 18 27 9 21 13 52 29 58 61 43 29 87 56 7 47 4 69 50 
40 85 79 32 30 78 71 24 95 70 22 15 88 95 89 91 11 74 31 5 44 41 94 48 99 39 11 98 33 7 1 64 78 96 80 7 26 24 36 63 18 47 4 76 1 84 39 43 57 71 
18 55 10 48 64 78 17 20 76 97 9 13 20 99 34 95 66 58 7 21 40 15 19 44 94 51 52 37 14 13 49 77 67 86 25 79 14 32 87 23 94 15 29 83 55 93 8 28 49 88 
70 28 71 39 21 70 4 75 41 46 8 40 30 75 26 84 61 96 63 67 80 23 16 34 55 86 69 16 81 2 68 57 12 84 24 11 96 54 28 87 45 93 56 60 27 61 93 19 24 71 
56 7 7 55 3 54 31 62 56 33 81 65 51 58 29 71 42 7 71 37 12 85 91 53 48 34 61 26 92 41 81 10 78 93 90 54 96 25 46 58 24 54 4 20 40 45 88 46 55 6 
3 33 23 43 15 41 12 98 55 93 36 49 23 46 78 65 84 80 69 43 17 72 87 4 89 13 70 78 49 8 21 6 97 44 56 74 25 12 59 43 83 8 35 89 19 91 60 26 10 75 
48 57 11 32 66 77 38 52 66 98 25 31 16 80 75 92 1 59 8 46 6 16 97 86 82 83 58 54 7 51 38 64 60 44 52 34 34 4 21 60 90 61 48 10 4 38 45 18 18 84 
36 18 80 1 85 96 80 54 79 17 59 70 88 63 25 96 83 39 64 18 20 46 53 24 77 80 20 55 13 42 81 61 57 6 77 70 90 14 81 88 27 91 23 31 33 84 3 16 7 68 
75 6 51 95 51 93 66 93 24 72 95 96 84 78 88 92 39 16 94 95 26 29 42 11 39 32 63 51 15 91 83 16 31 50 29 3 90 38 99 67 89 86 53 22 56 68 72 7 54 24 
36 26 46 88 49 13 69 6 73 25 7 88 4 40 97 7 20 37 27 59 22 2 91 77 90 89 40 58 11 12 6 24 59 73 91 57 62 16 24 28 19 3 13 20 56 96 63 99 89 68 
95 2 52 86 56 64 49 12 95 45 32 20 31 31 60 27 73 49 15 43 85 74 34 79 81 93 20 50 21 24 93 95 86 48 71 94 84 85 89 47 38 76 24 49 28 21 47 55 98 16 
37 14 28 39 25 45 38 58 39 98 53 89 53 88 23 41 14 96 96 74 23 3 27 81 13 81 51 76 32 39 85 87 62 11 39 37 44 4 17 39 41 34 14 66 58 49 67 96 36 81 
86 7 64 65 39 82 64 96 25 28 98 17 91 55 21 64 35 87 17 69 17 82 38 43 35 67 79 29 10 27 92 56 30 76 5 1 39 47 16 77 6 46 47 92 42 2 9 35 12 31 
27 19 55 55 73 48 7 10 21 79 44 30 56 32 18 73 20 41 63 30 43 84 16 80 78 84 10 42 95 50 41 45 65 43 99 74 20 78 88 29 45 36 61 45 24 58 85 20 77 18 
57 21 71 59 88 72 90 60 15 36 3 10 5 29 81 97 23 28 35 30 17 12 67 84 40 1 5 37 40 90 89 99 7 4 74 2 95 76 50 6 52 21 30 41 93 54 19 29 68 58 
98 17 90 60 15 45 18 35 54 20 36 75 45 48 9 50 66 81 54 70 27 25 8 98 89 17 65 31 34 94 90 33 29 94 40 13 49 11 2 1 15 53 45 51 76 27 83 38 19 12 
79 23 8 29 93 88 8 22 67 97 99 60 93 82 26 52 81 60 56 5 6 17 75 29 17 32 15 87 51 20 91 64 36 91 47 97 81 46 78 55 50 24 83 84 31 39 36 15 59 27 
14 98 17 83 81 47 2 7 75 65 29 76 74 61 2 51 12 2 22 29 4 95 84 97 27 47 43 38 92 84 59 89 86 80 85 23 68 30 40 35 36 83 28 65 21 85 44 86 10 98 
60 55 94 72 28 28 13 95 51 27 83 1 97 72 8 38 89 59 59 77 84 87 94 72 34 43 33 84 69 61 41 81 19 19 76 51 71 3 14 93 6 60 94 9 59 29 27 37 67 41 
78 38 74 57 53 33 45 44 23 30 78 93 54 18 66 75 88 84 22 17 53 32 12 73 73 67 56 52 6 35 92 84 62 3 25 99 87 3 70 76 75 21 89 45 76 39 93 92 86 18 
47 20 2 67 4 47 64 14 78 2 68 71 41 24 19 27 64 15 97 20 2 17 96 96 94 76 79 91 65 88 37 22 13 66 14 31 33 31 12 28 95 38 77 18 37 45 18 70 83 58 
42 9 85 23 11 36 9 86 10 24 77 9 9 75 28 78 54 38 30 81 73 54 37 83 6 96 53 3 88 46 95 88 39 7 82 4 62 78 6 63 2 25 78 56 16 21 13 17 29 16 
18 82 52 45 72 18 33 45 54 60 7 9 98 9 46 90 39 79 88 55 72 66 82 21 72 79 93 66 80 42 37 94 64 99 16 51 32 75 2 64 41 51 37 15 41 98 94 66 71 10 
55 3 89 62 42 98 50 76 16 80 99 19 90 97 7 3 46 98 47 7 18 64 17 97 8 31 4 81 61 19 13 91 98 85 59 99 45 4 19 68 56 58 7 50 66 72 73 45 41 93 
67 95 11 29 63 59 75 96 12 18 65 27 75 35 86 57 78 57 5 5 76 66 91 63 45 38 89 81 10 60 43 53 24 68 10 86 42 15 24 2 56 58 47 5 4 88 52 52 44 40 
10 6 36 4 70 6 43 66 82 4 88 4 97 19 76 46 43 28 16 41 67 40 93 94 59 44 42 80 9 32 41 97 85 35 34 55 77 69 55 40 62 73 57 60 43 83 44 25 85 85 
69 7 64 25 20 2 31 18 17 93 23 21 93 30 31 51 20 31 95 62 96 86 90 85 67 32 97 53 3 20 24 45 75 1 85 57 94 40 13 92 79 25 29 67 76 84 60 64 81 42 
81 75 59 75 45 13 92 8 32 4 54 53 5 41 78 12 21 41 86 6 23 99 59 44 84 34 90 42 52 26 32 56 12 28 52 61 88 29 29 21 94 90 27 57 34 56 6 9 92 14 
50 24 93 87 68 24 89 26 96 24 6 91 83 65 46 28 8 15 67 42 20 96 42 33 19 98 33 4 20 78 79 14 83 41 80 59 50 8 6 78 11 76 44 22 73 19 70 40 48 14 
95 17 74 35 39 32 86 30 62 52 79 53 49 7 42 70 2 77 99 46 91 59 26 6 9 90 4 2 47 77 78 42 42 98 39 85 78 95 41 7 76 1 47 16 10 29 35 98 14 85 
26 11 25 62 34 97 39 11 11 8 65 98 16 95 70 37 42 69 18 71 71 16 19 19 49 16 35 51 51 8 37 92 88 39 64 1 1 77 3 48 37 88 65 18 11 94 65 63 36 28 
52 11 4 48 72 78 76 86 46 39 93 59 64 72 40 95 26 97 55 16 99 20 16 19 61 76 99 65 19 6 35 32 36 2 9 11 77 69 57 52 57 78 78 98 45 84 98 1 73 85 
5 3 11 29 86 93 82 49 40 6 47 86 13 96 87 50 94 98 6 13 8 65 77 34 10 83 88 6 28 43 43 27 68 53 44 85 25 15 18 16 27 49 32 34 83 36 94 90 73 85 
82 92 50 67 69 55 12 22 44 13 64 56 6 14 43 38 43 6 27 58 10 16 72 16 19 98 31 7 46 73 44 68 99 55 40 38 82 82 21 34 79 34 8 14 35 98 70 89 25 26 
42 49 1 37 54 38 5 17 25 91 52 1 57 70 6 4 80 15 54 52 82 17 52 14 57 42 56 53 11 93 36 35 78 91 76 64 37 45 94 56 7 36 6 3 69 97 19 51 44 76 
50 57 85 43 55 88 59 29 13 97 58 37 38 95 35 19 63 64 83 7 71 45 92 59 4 64 33 46 63 68 56 46 75 6 20 98 12 40 14 66 67 37 21 10 42 90 2 87 37 13 
50 99 47 18 56 49 45 65 62 89 9 15 77 97 89 41 54 33 41 45 95 34 47 84 21 85 85 21 3 38 50 55 96 28 49 72 24 56 54 97 7 46 74 75 98 86 8 17 44 79 
28 79 36 22 57 23 49 34 62 30 24 96 76 17 68 87 92 74 19 29 63 87 5 40 48 34 52 63 57 27 29 21 79 10 94 6 90 87 38 30 29 56 27 21 69 30 43 36 31 22 
68 49 23 74 68 90 94 57 9 2 69 84 88 16 79 33 25 57 96 21 2 25 54 19 31 90 76 56 65 90 16 58 58 79 45 14 78 75 79 28 9 93 51 88 81 94 55 84 59 41 
49 49 15 94 92 13 71 29 78 78 91 42 34 69 31 47 2 66 50 56 54 30 75 4 62 10 88 2 59 44 93 84 69 31 46 82 86 32 85 91 27 15 89 6 12 48 45 54 77 69 
93 42 73 46 61 24 52 75 95 71 93 75 2 42 49 70 59 23 89 66 8 84 72 28 6 86 2 77 14 75 53 49 50 91 24 42 72 31 17 19 43 62 91 54 62 24 31 97 55 38 
80 90 1 41 57 74 34 19 12 93 27 9 13 54 97 81 92 95 62 52 84 50 74 11 85 42 76 57 3 41 79 59 21 31 95 54 54 18 68 58 25 97 2 23 64 25 27 26 23 33 
85 34 69 46 32 99 7 82 15 5 29 46 89 32 49 39 55 49 43 72 43 16 22 72 19 33 6 50 8 98 97 97 25 14 25 65 48 36 19 80 14 82 16 41 24 72 58 2 54 68 
15 3 56 12 31 98 40 38 43 21 55 79 61 98 92 89 23 43 96 10 38 13 27 50 6 62 7 77 76 21 52 38 55 68 21 86 96 47 29 57 49 13 81 77 97 53 82 17 94 83 
20 53 47 91 20 33 14 4 9 79 94 47 5 52 72 1 86 71 21 86 89 55 32 63 91 14 73 20 39 38 36 70 85 64 62 48 48 49 63 76 47 19 28 79 23 67 33 21 94 28 
98 66 88 16 53 61 3 91 28 52 32 70 50 72 94 60 47 21 23 96 33 19 40 31 18 87 54 88 18 39 32 67 55 25 38 81 55 8 47 63 46 24 67 64 15 98 57 29 30 95 
80 91 56 77 67 1 20 6 58 64 2 86 32 78 51 94 25 45 43 50 20 78 75 40 98 33 88 3 62 33 7 68 68 18 47 77 77 36 23 7 14 60 24 54 23 92 67 59 66 9 
39 49 19 57 2 60 22 12 8 85 90 80 38 92 94 85 7 28 53 88 52 50 75 7 27 69 51 90 5 68 57 52 50 3 98 82 70 78 14 85 5 44 15 42 15 9 72 61 38 67 
85 44 14 47 31 61 41 33 45 44 3 45 33 16 87 59 55 47 46 92 80 49 23 67 82 71 15 29 59 2 61 56 94 84 60 69 67 95 96 32 28 65 70 67 73 63 75 68 4 22 
32 15 39 24 93 69 3 42 5 53 9 17 93 39 51 66 7 27 75 41 98 53 96 23 15 51 43 25 62 1 77 82 99 4 79 25 50 55 98 47 55 82 84 25 22 39 8 3 88 43 
44 45 58 68 27 34 13 5 78 66 95 30 98 12 21 28 12 33 89 96 89 17 98 37 8 17 89 47 82 25 86 7 35 47 94 5 44 60 39 54 54 94 29 74 73 86 25 26 14 32 
47 17 82 70 25 54 88 10 2 59 17 21 35 98 46 12 5 51 87 4 51 6 3 59 46 2 96 75 66 92 92 21 8 95 79 89 25 73 2 66 15 2 72 20 77 90 46 33 5 61 
11 35 75 72 23 64 3 66 34 72 71 79 64 32 46 64 25 19 41 59 75 35 15 54 27 84 14 79 42 94 90 43 27 62 65 61 86 9 36 94 53 72 96 76 39 43 52 55 46 66 
64 1 71 50 24 21 92 75 21 92 32 99 35 82 91 61 17 18 16 2 10 56 9 16 68 35 68 12 13 6 88 36 2 48 85 35 69 18 17 82 74 87 83 82 43 17 45 96 4 34 
9 68 33 63 93 36 47 50 13 33 77 21 66 3 98 52 16 74 37 85 26 31 17 7 25 87 8 95 87 99 35 97 59 86 58 4 50 34 51 51 4 40 65 43 5 15 3 65 86 31 
69 15 2 12 97 13 97 92 70 60 71 90 10 30 2 63 14 8 56 74 1 33 64 81 44 99 29 79 60 55 35 96 52 64 89 95 35 48 43 5 65 45 34 91 56 21 87 23 51 91 
64 69 28 78 37 88 83 92 84 20 34 88 6 29 63 67 67 73 47 47 59 87 16 25 32 79 52 4 14 76 28 79 68 98 74 91 31 28 32 3 57 29 62 26 75 51 50 33 87 50 
90 63 61 28 85 76 92 37 95 22 60 73 9 46 67 14 43 13 72 51 67 83 88 38 73 11 24 89 28 57 93 9 91 93 30 25 6 68 26 27 16 86 88 48 96 98 72 34 59 80 
47 17 74 62 36 38 59 5 37 67 16 79 93 39 59 20 95 53 10 30 10 9 21 63 86 89 84 20 39 45 76 49 81 43 10 73 43 73 67 23 22 51 56 83 50 76 53 39 26 14 
70 89 26 79 16 29 99 54 25 19 90 26 87 33 79 22 71 53 1 13 73 86 15 15 16 69 15 24 62 3 51 54 65 25 61 74 61 51 8 72 10 79 26 68 72 90 94 45 74 78 
64 84 58 71 56 44 25 10 91 5 99 37 54 58 92 69 22 75 47 42 16 19 5 2 76 77 39 85 4 51 93 84 38 10 21 19 12 53 22 24 26 29 48 44 50 93 25 87 71 91 
17 50 22 53 50 65 93 92 68 50 23 11 66 6 96 66 60 19 13 84 90 32 2 98 88 31 39 75 93 83 63 69 15 49 26 10 67 3 14 40 1 49 90 70 27 90 56 23 51 74 
92 67 82 7 94 60 70 83 50 85 5 86 22 5 10 55 7 5 31 46 80 54 88 97 34 46 16 71 66 87 38 34 76 5 38 57 95 91 22 71 93 97 25 75 76 98 75 85 45 93 
48 4 60 24 77 18 59 7 49 83 83 57 10 78 45 68 94 84 69 88 36 36 1 85 66 82 98 82 84 48 45 68 3 97 67 43 33 97 56 22 13 64 70 20 78 4 44 92 9 53 
8 55 23 29 27 55 4 85 8 92 17 15 84 4 65 65 22 94 48 11 13 20 98 24 13 58 72 60 50 18 90 16 3 85 14 76 55 86 13 46 47 80 86 8 96 60 50 1 73 63 
65 24 5 83 80 19 64 7 98 37 39 7 13 56 98 64 22 46 17 68 48 55 63 6 39 97 43 73 30 14 9 81 50 14 43 43 63 76 50 91 22 69 89 21 47 47 49 79 9 56 
11 68 33 15 78 81 56 19 32 66 97 77 75 97 16 82 28 63 55 82 75 19 11 25 41 88 25 84 13 74 50 32 69 10 87 87 58 69 65 21 39 23 28 30 64 3 87 16 71 57 
12 54 59 33 43 27 65 73 84 63 46 54 84 57 98 52 19 25 29 53 88 19 49 99 43 9 90 99 20 91 55 13 83 49 73 23 98 31 5 14 54 6 40 2 56 72 69 86 69 59 
23 45 32 99 93 14 59 19 50 13 94 96 40 44 65 43 39 22 7 17 47 3 21 48 66 10 16 13 43 7 94 14 86 74 82 62 18 65 33 94 39 59 67 1 3 94 47 20 77 39 
21 24 50 48 76 74 11 6 64 90 44 61 37 17 45 74 8 24 66 64 79 70 90 67 95 13 56 14 3 8 25 48 95 84 5 46 64 56 83 67 46 58 24 57 28 57 3 40 60 34 
63 30 55 75 38 59 19 77 7 13 19 37 5 56 37 30 81 76 14 98 22 78 25 42 55 74 51 43 42 98 9 26 34 85 86 27 27 67 46 7 54 10 53 74 73 46 94 85 56 49 
95 1 2 5 91 30 79 49 19 27 63 90 60 49 86 10 1 55 73 51 51 43 67 8 8 32 52 81 52 38 44 1 62 44 23 35 47 7 29 76 92 13 37 24 15 33 13 38 41 64 
23 57 43 20 42 45 47 7 38 96 52 87 8 20 94 32 20 85 22 48 80 46 39 69 83 9 52 65 78 40 14 48 26 21 51 92 11 13 49 90 27 49 16 31 24 42 96 13 80 37 
83 5 41 26 57 80 19 42 50 45 64 82 86 66 69 17 56 82 37 91 79 93 71 43 73 15 83 59 25 18 96 50 72 58 58 1 16 17 21 83 15 51 24 50 61 57 2 39 83 40 
98 34 47 76 55 78 23 42 79 34 12 32 2 93 35 19 23 6 22 44 62 58 46 6 71 13 37 47 1 91 90 93 22 49 52 18 8 93 66 23 17 6 89 77 60 54 21 10 31 47 
8 5 86 65 13 96 25 36 27 27 82 92 93 11 36 87 2 42 24 64 98 81 1 93 55 39 39 55 22 22 94 35 20 57 19 65 88 47 14 16 88 5 4 17 43 44 88 88 22 61 
62 27 16 48 1 78 78 19 35 20 83 31 50 61 25 56 82 19 59 23 62 2 96 97 4 19 8 9 33 50 80 36 97 39 52 30 23 85 80 38 68 67 18 17 71 62 2 3 21 87 
86 13 47 60 23 38 4 79 85 94 82 47 84 35 21 28 54 98 71 34 23 27 23 95 52 97 30 20 16 5 81 10 92 41 68 18 40 57 92 60 53 3 66 22 30 85 71 75 17 47 
36 82 11 56 25 65 57 50 93 48 74 47 66 2 88 79 57 60 92 89 59 2 25 6 90 46 83 31 51 92 59 40 4 85 85 5 34 16 55 75 25 70 53 11 16 18 19 44 52 97 
73 91 38 96 72 29 88 65 92 87 97 28 8 58 81 22 64 43 26 72 29 40 68 89 20 1 99 61 68 93 69 98 61 16 15 91 9 79 18 97 56 83 60 13 88 32 3 44 28 74 
63 30 35 33 55 99 64 23 49 76 76 59 23 90 9 48 84 33 11 91 39 79 79 69 30 5 26 35 41 85 40 74 28 23 23 81 1 94 6 24 96 84 21 55 95 12 54 68 80 27 
15 45 72 71 91 91 57 40 94 24 63 44 40 83 90 83 58 65 57 37 59 27 95 2 8 79 88 59 12 15 67 44 68 28 65 65 99 69 13 13 6 11 93 74 83 33 33 26 11 35 
78 98 1 27 40 36 48 70 21 47 41 45 25 93 23 39 16 76 79 22 84 53 16 65 16 68 22 22 20 74 24 70 27 19 63 77 42 70 37 49 29 82 90 5 80 31 50 65 47 99 
38 41 82 84 36 7 73 5 95 58 62 45 50 12 79 9 37 73 65 19 25 36 36 70 75 28 26 49 22 60 30 87 56 86 6 62 82 10 30 13 58 14 62 98 67 64 31 49 87 50 
97 20 78 23 74 64 99 68 47 15 20 1 28 74 10 17 24 97 5 18 9 5 94 58 25 70 6 45 52 71 58 7 28 20 56 91 9 36 78 71 70 17 6 48 5 78 73 64 18 32 
85 80 93 95 31 58 45 78 89 20 59 51 47 78 81 50 44 67 51 66 56 74 38 54 66 7 84 33 55 29 39 67 7 34 29 98 79 29 70 52 93 16 93 39 77 73 46 14 33 84 
58 34 75 8 23 68 93 69 66 11 23 4 95 43 28 71 8 58 77 95 24 22 91 20 42 58 17 4 42 17 48 57 77 50 62 1 50 27 34 18 65 2 82 75 32 51 65 46 6 67 
51 27 93 13 93 25 29 93 29 92 10 9 17 54 20 66 92 41 88 41 19 22 36 8 88 19 30 4 38 7 85 32 83 27 91 91 90 33 3 37 6 67 29 47 51 62 49 58 41 89 
73 79 67 92 19 18 11 43 71 82 80 69 56 4 1 53 84 60 92 67 73 55 16 24 80 87 42 16 97 18 95 59 86 98 32 94 11 43 79 50 65 99 97 62 37 95 25 44 11 4 
78 7 60 33 45 70 13 69 34 19 46 77 13 36 61 92 88 58 50 15 28 20 84 89 23 64 48 24 30 67 59 23 84 72 32 69 90 11 45 2 31 4 6 1 20 15 25 15 64 98 
66 47 21 65 20 25 47 66 88 39 42 67 51 95 79 43 63 47 39 2 46 3 15 6 25 40 79 95 89 44 56 97 18 84 58 53 26 9 99 98 55 41 46 88 86 60 36 85 54 18 
83 5 66 9 57 51 5 56 3 96 93 75 43 32 22 32 38 73 22 43 71 60 12 10 60 21 88 80 76 7 66 38 87 72 13 23 20 6 68 66 75 41 7 77 11 21 66 8 3 65 
96 98 81 29 82 80 9 68 43 81 29 99 56 7 6 69 71 67 64 57 4 35 26 86 32 78 17 61 2 14 44 15 59 43 74 98 67 41 83 81 59 72 92 34 86 3 39 45 59 19 
76 34 88 76 83 38 48 72 62 47 65 18 43 63 63 85 59 98 28 7 40 59 30 65 36 27 84 27 86 12 35 95 90 80 82 50 64 91 68 19 95 69 61 55 58 59 81 2 28 32 
96 58 85 3 42 57 66 19 37 92 49 27 95 80 22 28 13 70 47 56 40 63 38 83 71 14 1 35 1 17 67 63 72 5 19 26 52 49 44 92 6 80 49 69 92 25 53 12 57 30 
78 28 97 40 14 54 99 67 78 5 33 27 29 58 14 59 98 43 48 78 69 28 86 10 13 53 77 31 49 12 25 35 65 58 8 30 57 97 32 89 3 5 21 28 90 73 32 8 38 82 
16 99 83 61 88 78 58 26 63 7 7 25 82 56 89 69 89 18 39 72 61 57 86 65 12 14 37 14 96 26 88 27 39 20 8 5 53 18 28 46 24 5 43 32 15 57 76 63 99 62 
9 91 95 94 98 2 34 69 41 54 26 39 63 53 23 30 95 60 94 42 60 41 68 98 11 58 68 85 92 31 74 52 79 40 91 5 69 62 89 75 93 15 52 63 88 94 79 26 83 56 
14 65 10 51 5 11 55 92 57 50 71 39 35 37 58 67 83 32 85 14 45 66 42 22 42 97 61 58 52 38 95 97 3 50 22 71 56 35 2 56 56 83 67 59 37 66 79 6 47 26 
93 95 71 10 84 11 82 43 5 43 82 22 81 56 77 22 2 44 45 48 9 77 77 50 36 64 39 97 33 14 16 33 66 77 59 46 4 74 47 11 68 79 28 1 59 35 44 68 10 94 
52 77 87 97 67 75 10 96 70 39 73 55 13 70 19 31 53 25 60 84 98 3 58 27 38 97 83 9 82 94 72 8 25 53 58 63 9 71 50 1 18 49 1 23 49 5 42 21 16 75 
79 72 32 32 91 92 53 30 56 55 66 78 53 99 14 21 71 70 23 43 34 78 65 54 13 39 18 64 75 88 26 85 31 12 38 24 95 12 96 58 32 64 77 46 42 80 68 13 67 54 
95 49 10 23 98 30 87 3 70 65 72 34 28 52 83 20 62 46 60 73 43 56 54 95 1 3 43 4 39 86 54 20 61 7 31 94 93 19 77 89 1 67 77 16 62 48 84 39 85 72 
75 71 84 62 77 53 88 22 47 67 95 56 24 76 57 84 31 30 15 45 31 34 38 90 31 38 47 7 23 67 82 19 30 27 25 75 94 69 11 2 97 30 46 84 34 19 38 10 1 46 
81 52 7 71 58 45 26 7 14 77 32 28 71 88 53 2 7 25 41 25 31 28 88 21 53 40 15 42 89 20 84 38 43 8 59 22 82 10 72 64 98 86 62 26 69 86 22 23 64 13 
70 33 20 69 74 17 53 53 46 1 6 81 46 75 72 71 22 33 21 55 15 4 7 93 28 89 92 21 78 67 16 23 38 22 84 94 47 77 64 86 86 34 89 33 96 77 20 62 52 71 
15 19 58 93 49 19 42 75 23 65 83 67 87 38 28 24 75 55 90 96 83 71 42 75 91 89 42 89 19 19 83 34 19 85 13 28 66 18 36 39 89 12 11 17 6 93 55 45 93 87 
74 88 2 35 5 87 70 66 82 28 91 22 79 68 1 17 12 93 10 6 24 70 57 38 58 69 71 47 47 44 53 12 67 29 95 85 23 83 49 80 63 94 62 90 74 59 87 19 54 98 
98 32 14 92 54 72 40 63 19 24 20 91 98 83 27 12 88 93 65 87 87 2 14 27 44 67 99 29 95 54 37 50 37 75 53 62 11 91 72 67 12 76 50 30 72 16 8 44 84 15 
56 52 88 20 75 99 72 2 6 86 1 30 17 38 46 65 41 12 39 23 31 12 97 1 64 42 31 76 99 62 76 45 65 73 78 42 69 23 42 13 69 34 40 18 16 21 54 9 72 44 
62 50 21 39 55 88 83 36 4 34 71 43 78 88 73 83 42 15 58 97 10 78 52 72 39 73 66 74 58 22 95 75 87 98 75 6 17 58 51 97 95 67 72 72 54 29 14 20 62 6 
38 39 58 31 54 88 63 33 44 80 13 16 29 70 49 30 72 24 15 7 8 50 60 68 79 77 10 41 32 71 53 44 69 13 94 20 13 31 79 83 52 39 87 36 62 10 65 69 84 42 
85 86 72 95 21 1 39 99 68 28 69 21 91 16 22 49 87 2 58 62 67 27 73 71 12 93 88 53 86 4 87 73 56 19 36 82 76 99 98 31 34 86 66 3 95 68 72 72 97 74 
9 26 94 24 55 46 40 17 13 74 22 40 25 57 28 11 79 31 35 92 45 92 46 68 80 75 19 97 55 26 29 7 27 13 89 81 78 64 45 43 35 37 4 83 27 70 54 84 43 20 
41 47 32 34 13 47 78 87 10 88 91 67 41 92 48 49 44 64 80 56 19 76 26 38 14 19 6 88 60 7 17 36 91 76 55 96 36 41 98 89 54 16 60 36 16 54 49 42 93 30 
80 12 31 13 47 61 66 56 23 77 5 11 49 29 43 30 70 42 27 23 37 12 39 29 42 79 26 44 7 43 42 76 73 30 19 30 23 92 74 86 38 29 72 81 80 16 18 13 8 17 
61 56 70 80 56 58 58 48 70 9 33 56 45 72 9 42 82 21 70 18 11 33 18 47 24 79 38 27 43 25 52 76 66 76 98 51 35 25 98 88 52 20 65 66 80 76 72 19 36 37 
15 38 53 46 54 53 54 33 80 81 91 28 18 58 17 42 32 61 6 11 74 1 29 74 12 94 75 56 94 23 22 73 6 27 90 75 35 57 96 62 62 37 2 55 70 79 61 10 32 97 
20 24 60 21 4 94 24 54 76 5 34 78 77 46 45 64 38 48 77 85 60 23 89 78 33 94 60 2 80 54 80 7 79 2 55 7 9 84 37 12 67 81 24 41 47 86 88 80 92 70 
82 79 55 9 12 90 2 66 20 15 31 30 31 26 93 95 36 81 57 82 45 12 65 97 76 84 59 1 21 35 62 24 29 51 24 11 48 60 31 49 9 99 48 44 32 32 83 43 19 24 
87 59 30 9 38 96 53 92 24 42 29 8 61 60 92 58 54 78 35 92 18 75 99 91 49 36 6 79 15 88 8 31 95 81 65 78 32 68 66 11 4 52 29 95 49 62 23 31 50 44 
9 29 11 82 4 18 44 24 16 14 92 86 92 87 10 81 80 5 78 96 17 92 20 55 99 18 3 96 24 87 48 42 64 79 40 42 30 6 8 18 68 72 90 80 92 25 30 68 97 39 
77 86 6 96 17 64 64 81 17 50 76 77 38 61 12 14 45 2 36 54 45 56 33 47 57 72 91 55 38 65 40 20 44 68 47 64 54 61 92 1 66 25 21 6 2 45 16 54 83 53 
80 4 32 89 75 45 44 22 73 47 72 27 97 85 77 85 88 16 65 44 31 49 38 71 52 40 51 55 23 64 90 64 3 47 77 72 12 17 12 44 51 83 73 28 92 78 15 95 97 36 
23 19 42 9 49 39 43 24 45 30 87 54 54 20 58 8 86 40 29 33 75 12 54 45 29 70 24 53 10 76 25 84 33 94 46 2 22 75 42 36 84 59 57 99 29 28 83 16 98 86 
22 15 70 76 48 82 43 76 26 32 59 54 47 61 92 35 9 20 89 39 87 66 3 8 16 38 81 67 92 88 85 97 58 15 96 63 78 68 76 58 58 93 70 65 90 14 74 70 82 48 
73 75 33 5 16 47 79 34 64 18 52 77 92 8 19 84 90 84 52 72 48 11 18 93 29 2 4 3 96 28 41 57 78 38 13 67 30 9 80 67 3 24 78 7 46 40 85 20 52 8 
93 68 29 88 54 70 40 76 88 4 66 88 55 60 17 21 99 9 99 10 38 2 19 68 28 99 45 46 31 79 67 40 46 82 75 12 80 93 34 50 62 66 67 85 38 26 87 70 53 82 
73 13 50 45 85 19 85 89 60 5 69 39 10 20 31 29 61 84 11 52 90 53 68 27 38 36 5 6 41 71 23 62 93 37 66 15 60 42 61 73 39 85 56 83 9 82 40 20 75 26 
36 14 57 16 36 82 39 22 7 34 38 4 31 84 86 16 37 38 69 69 77 77 93 77 70 92 76 56 83 47 95 18 28 9 24 69 70 42 76 63 43 5 92 2 21 97 77 71 16 22 
26 25 25 44 21 44 78 10 92 8 35 27 91 65 5 95 15 87 84 45 56 47 39 73 21 74 26 82 14 72 49 61 22 36 34 13 36 72 46 58 69 71 74 43 42 46 2 69 73 27 
76 11 32 52 87 26 36 69 63 80 10 62 91 17 58 87 39 65 88 46 29 95 20 97 85 17 2 52 40 68 79 30 3 12 48 12 97 24 79 1 25 20 58 54 46 52 92 52 95 45 
67 40 44 14 92 60 96 25 22 40 96 75 14 13 33 49 72 35 4 23 55 60 52 63 60 7 79 87 54 70 70 19 55 73 97 99 31 36 31 68 19 84 44 46 94 69 17 45 13 31 
21 54 18 3 28 75 92 69 33 7 39 23 97 56 16 53 36 52 69 46 15 92 78 49 15 73 2 93 89 47 82 47 31 68 90 26 14 85 31 40 49 2 14 80 27 41 67 3 27 49 
51 15 61 43 12 20 34 37 34 70 70 28 87 8 26 17 12 57 44 18 31 61 44 24 13 81 29 25 84 98 18 73 27 67 36 50 12 24 12 87 1 65 2 73 14 81 43 59 99 10 
97 43 26 55 18 12 20 68 79 10 76 88 85 20 30 51 86 33 33 28 44 11 18 21 15 53 68 95 81 1 37 65 22 13 39 15 66 78 78 93 51 13 2 24 63 54 77 66 8 52 
79 94 62 91 34 52 54 36 34 46 52 46 88 77 14 91 94 4 68 28 70 38 68 16 53 67 53 46 97 94 83 86 81 95 92 26 97 70 29 50 67 88 42 23 93 18 33 86 43 60 
35 17 94 32 63 13 72 15 67 62 94 30 14 49 42 9 35 46 62 56 15 70 44 83 90 42 1 6 73 96 76 76 16 70 12 14 6 81 82 76 62 19 5 87 77 97 43 64 65 11 
89 13 67 68 10 92 45 95 60 38 23 97 2 60 79 97 38 61 99 89 58 12 46 85 73 74 12 8 43 60 40 6 91 96 37 34 48 61 42 65 55 83 80 28 2 67 87 59 33 45 
27 24 81 76 14 89 90 3 23 85 59 61 96 23 33 52 58 34 11 50 86 96 46 71 91 85 33 77 71 20 88 60 75 74 7 61 36 66 94 62 59 56 76 81 23 70 26 11 89 6 
86 14 71 89 97 5 73 75 77 7 50 6 66 88 45 85 13 12 72 78 40 93 22 98 65 69 84 94 43 75 1 29 56 97 91 22 83 46 49 96 98 19 27 79 48 64 4 47 60 23 
18 59 22 89 85 29 52 12 98 69 55 49 72 59 57 27 71 19 25 91 11 63 73 8 74 21 34 62 58 56 5 73 83 13 53 67 77 43 9 76 41 59 41 57 37 53 53 44 54 31 
3 81 78 22 31 73 43 68 41 55 18 90 32 34 60 55 77 83 11 8 55 35 19 24 44 76 92 86 91 41 55 7 71 81 81 66 50 56 72 86 54 24 93 51 83 89 21 47 54 6 
58 30 17 9 51 51 13 8 68 62 75 70 12 34 94 42 58 40 91 48 80 78 78 6 82 83 57 60 14 4 91 59 64 50 94 35 29 51 30 78 85 97 56 62 67 21 43 53 36 43 
42 45 23 74 40 10 49 42 49 16 11 81 97 82 10 24 61 41 48 56 38 99 53 5 76 73 36 37 23 18 10 42 75 75 39 10 96 61 92 90 41 99 60 51 31 92 16 96 45 52 
98 5 9 59 75 61 51 7 11 30 42 33 38 10 40 42 65 38 23 12 38 5 80 54 10 67 59 72 78 92 36 89 38 58 95 72 97 99 70 46 57 53 14 66 43 82 71 55 44 95 
32 89 10 3 8 61 7 26 1 70 4 62 80 62 63 62 26 5 44 28 57 94 18 66 88 59 18 23 36 85 34 10 97 71 18 36 98 79 26 32 64 74 39 35 83 89 43 31 17 24 
42 53 83 17 13 32 43 50 66 34 60 87 39 3 4 97 31 50 6 49 32 19 82 39 91 98 94 4 2 96 29 59 30 71 59 58 87 86 77 88 9 36 69 9 62 96 79 98 35 25 
52 77 15 90 88 34 28 11 35 18 2 88 21 35 27 51 64 98 62 25 23 75 67 35 68 65 43 92 37 68 24 16 22 97 39 44 42 57 11 65 56 58 78 35 48 36 11 62 35 78 
90 20 2 25 22 67 28 8 29 60 76 6 39 71 23 59 65 14 30 93 56 33 93 40 51 26 35 13 32 53 46 35 35 74 43 28 34 70 38 28 58 67 95 3 50 69 82 77 92 72 
14 24 99 39 82 89 69 97 74 41 19 63 12 13 10 2 28 29 5 50 12 47 10 62 27 26 48 58 42 81 28 23 52 14 9 53 62 51 79 89 31 25 84 22 35 39 38 56 13 89 
75 30 77 57 34 19 73 8 62 97 2 95 38 87 28 24 31 60 14 47 66 59 90 68 36 57 37 92 91 43 4 3 74 43 22 85 95 82 36 9 51 32 40 98 60 73 76 93 8 74 
91 55 58 61 19 46 27 5 62 25 31 59 76 51 21 27 65 96 20 83 2 38 72 64 42 88 51 24 39 33 61 33 36 76 75 98 40 1 17 92 40 29 42 10 97 96 25 30 9 31 
2 83 96 5 70 5 5 33 11 96 9 1 26 38 41 13 29 69 54 11 78 17 84 36 23 71 51 60 57 31 59 90 48 50 80 96 51 41 75 38 97 1 85 44 79 31 81 53 18 88 
84 34 56 26 61 18 20 6 21 59 91 22 54 76 6 80 79 33 45 64 30 48 80 69 13 60 3 40 78 53 30 97 43 88 15 50 89 93 59 29 61 43 28 84 9 36 44 86 95 35 
90 3 11 88 26 3 46 44 3 64 67 31 39 36 69 83 91 12 19 85 16 19 52 35 64 38 48 16 14 27 67 83 36 53 66 86 2 81 32 36 10 66 60 42 33 78 71 21 42 3 
29 12 6 42 68 18 39 99 81 50 60 79 3 7 47 43 99 28 41 4 56 97 91 39 72 81 45 94 33 20 56 44 24 35 79 95 85 97 15 32 29 88 28 88 9 78 32 99 72 93 
87 78 72 14 64 35 61 83 90 93 95 52 97 16 87 64 24 56 82 52 41 55 70 54 61 8 45 44 3 31 84 65 58 96 19 2 40 62 38 23 20 11 92 93 27 89 41 35 40 66 
86 78 39 57 97 2 70 80 87 93 3 64 67 81 23 10 91 55 81 16 4 39 64 70 5 52 74 80 37 91 55 30 19 2 73 8 16 13 46 94 96 2 7 14 23 65 30 22 85 58 
54 86 16 2 50 34 87 10 69 20 17 70 36 58 86 96 26 64 39 40 33 32 4 58 10 89 35 23 51 21 76 6 55 27 6 84 94 98 42 69 88 13 78 42 3 37 35 25 21 62 
51 25 83 15 75 95 37 26 61 25 10 94 62 55 2 74 9 98 50 39 22 79 99 99 42 72 58 20 9 26 87 47 2 17 14 18 37 93 14 77 91 44 88 11 83 87 52 43 35 10 
75 66 47 11 95 64 11 7 5 84 15 79 62 88 53 30 62 27 33 63 39 1 46 46 78 99 52 25 69 1 88 66 9 53 21 72 34 62 32 98 99 78 65 7 81 24 41 30 89 10 
25 60 30 41 81 81 63 93 70 83 76 1 35 89 73 79 71 70 58 11 90 92 74 56 50 98 54 29 93 87 79 58 56 9 29 88 28 96 52 27 38 66 67 43 27 18 40 76 33 60 
1 71 99 87 20 89 57 58 80 97 92 6 37 66 63 71 57 74 7 35 84 5 53 2 1 35 12 60 69 83 61 3 19 18 97 92 84 99 43 13 57 19 57 20 71 39 19 95 40 60 
15 42 17 31 3 24 48 8 71 11 57 21 66 86 48 57 92 12 67 79 47 88 46 7 19 58 84 69 10 12 51 79 63 44 88 68 71 89 79 78 17 79 99 37 11 58 30 41 52 37 
27 49 91 31 52 84 39 54 69 15 82 37 34 49 36 96 36 31 63 99 32 14 24 41 34 43 55 95 57 58 90 65 44 63 21 80 61 71 50 97 17 72 84 58 53 56 51 98 24 26 
27 39 55 17 11 58 10 61 67 16 75 81 39 77 34 85 29 87 46 82 43 76 47 1 42 31 37 33 80 72 44 95 74 34 40 25 44 29 19 38 50 94 52 16 85 85 54 31 93 12 
25 75 46 56 37 40 67 46 62 17 36 94 93 89 29 49 25 52 98 75 26 36 71 45 89 33 83 97 74 58 17 96 3 86 46 68 14 47 67 54 98 32 77 80 81 14 66 59 40 78 
70 5 57 30 69 6 71 40 87 66 22 68 18 41 28 92 74 85 5 84 93 65 97 95 57 50 74 70 76 30 65 25 58 97 31 69 49 75 23 29 10 53 76 98 97 27 2 64 50 57 
78 70 7 40 84 76 49 16 1 25 51 57 82 79 53 51 77 30 5 49 53 2 65 15 53 27 66 17 33 3 57 9 58 36 7 47 30 87 16 18 83 49 31 85 47 81 6 89 85 12 
2 5 54 40 74 64 72 51 71 14 52 64 29 76 85 25 67 98 94 10 10 42 2 8 99 24 64 82 28 45 33 42 3 87 46 30 95 49 9 18 13 85 68 33 11 41 13 21 5 93 
50 14 19 65 33 63 50 82 32 44 16 73 1 78 13 35 83 15 40 23 93 33 43 67 39 38 50 89 47 77 33 42 57 31 85 36 11 16 64 52 89 20 73 25 16 37 42 58 27 87 
10 9 65 21 44 62 27 52 21 56 75 44 48 9 69 42 89 31 24 95 80 88 87 30 19 9 85 74 72 73 61 58 94 83 89 59 77 17 92 14 41 24 7 51 11 87 63 40 84 31 
57 9 72 7 19 69 51 28 25 40 45 24 76 19 20 63 64 16 31 90 86 65 20 20 38 5 91 64 59 70 61 82 22 63 15 32 89 51 49 1 39 69 78 90 38 97 56 35 70 5 
13 17 95 51 50 24 60 61 78 62 99 14 70 76 35 2 82 93 33 35 12 95 31 18 50 65 77 85 60 72 43 51 56 23 67 71 86 77 46 66 60 78 44 61 74 71 57 14 73 80 
62 85 2 55 97 85 92 72 82 22 64 81 91 11 98 70 51 28 57 92 37 22 36 78 99 14 91 13 77 43 17 47 66 47 46 32 89 88 24 7 50 58 84 12 13 32 18 26 44 58 
1 69 25 54 38 13 93 22 28 65 15 94 35 73 49 35 14 46 20 93 26 46 91 78 44 14 95 3 82 6 77 88 69 95 44 72 96 95 7 23 40 51 55 58 67 45 68 24 81 17 
2 69 32 12 21 92 81 65 61 23 60 42 66 90 39 57 57 30 8 57 91 63 8 74 75 43 97 1 11 49 58 26 60 38 51 89 18 20 98 84 93 62 19 22 68 23 61 34 19 10 
49 70 83 93 84 40 42 28 65 43 71 87 22 99 69 64 54 11 98 73 29 3 65 62 81 71 64 82 42 55 34 16 39 1 59 72 91 98 22 63 13 32 40 90 90 12 40 71 46 28 
33 60 77 61 55 32 39 83 80 48 34 76 3 68 90 92 73 51 16 51 56 45 5 57 63 78 6 3 21 77 4 26 18 43 6 45 12 99 58 84 78 17 61 90 3 69 87 50 73 28 
69 84 38 16 25 44 78 43 76 96 7 78 19 7 15 74 99 48 52 19 48 60 66 1 50 42 46 19 25 16 78 69 40 97 54 8 60 59 12 18 94 92 75 21 21 70 11 11 97 50 
34 46 73 6 95 83 21 63 63 73 59 25 61 47 69 99 58 32 56 98 35 93 87 37 39 25 74 57 49 77 16 17 63 41 44 7 16 26 1 76 98 97 97 69 16 83 47 29 28 25 
64 7 35 44 67 38 80 11 99 43 33 25 6 10 75 47 7 62 96 53 74 30 83 76 9 26 75 22 76 99 92 26 15 43 19 15 26 86 79 13 27 75 26 3 66 23 43 94 13 62 
6 65 93 10 27 84 79 2 96 51 57 96 65 25 92 53 47 4 28 81 52 88 96 29 90 18 26 34 93 32 61 92 92 46 94 39 28 88 35 64 47 45 84 60 33 64 19 36 47 1 
97 85 90 92 6 34 97 68 67 17 8 53 47 17 45 31 45 44 55 84 23 7 46 85 29 30 67 99 30 15 22 90 20 58 63 39 43 47 5 85 60 63 40 1 7 83 82 99 18 28 
69 32 75 33 88 29 27 96 50 53 95 49 35 87 41 49 48 76 1 84 67 74 13 75 73 42 60 2 25 28 18 46 3 38 57 3 45 88 26 97 51 57 18 69 9 61 91 27 73 43 
21 29 68 74 50 86 68 75 68 43 29 54 47 84 29 37 54 96 43 12 65 49 13 8 50 17 74 72 64 29 72 1 59 42 49 95 30 6 62 25 86 93 83 58 42 66 17 44 51 21 
20 10 59 57 3 66 71 90 5 3 63 17 28 23 51 22 81 3 39 91 76 93 97 12 87 70 40 6 21 20 68 6 67 59 71 14 9 32 14 65 73 37 56 40 25 58 39 21 80 62 
25 94 15 87 88 84 79 81 55 87 19 50 42 23 49 25 52 85 79 48 32 85 93 26 81 61 52 16 53 97 88 40 24 83 6 75 49 5 1 81 64 14 29 5 34 37 55 83 66 54 
24 29 23 20 14 63 8 51 78 25 90 95 33 99 5 28 86 52 20 30 50 35 83 32 99 91 85 59 49 59 10 53 27 82 17 99 97 38 88 98 62 34 19 58 61 98 3 79 75 16 
24 87 45 62 91 98 69 67 66 44 37 38 77 24 31 22 86 3 87 61 43 20 60 54 67 9 49 47 36 13 87 94 43 25 43 11 47 12 74 18 75 61 91 48 76 47 10 29 45 37 
96 75 94 65 85 69 9 16 44 62 67 1 50 39 3 62 41 27 35 2 8 51 57 57 50 14 64 22 36 24 80 60 66 68 21 15 6 13 87 70 14 10 64 63 26 51 92 45 64 49 
87 12 70 64 1 70 12 48 37 97 92 51 83 72 54 53 23 71 52 86 64 26 49 74 91 74 30 12 37 97 54 47 2 80 74 66 2 95 50 53 80 52 33 4 40 97 3 47 28 96 
34 91 35 11 68 10 10 75 64 75 25 40 6 88 18 99 86 65 68 63 35 9 65 81 84 37 70 54 46 93 86 27 78 1 53 81 57 97 44 44 89 43 25 58 39 6 25 80 42 28 
35 35 22 12 89 76 98 26 23 58 13 40 49 12 1 87 93 28 46 24 55 16 17 62 62 10 41 28 42 62 7 81 90 95 20 88 99 35 47 20 92 73 68 78 87 10 29 17 53 3 
39 56 58 49 25 76 72 65 53 80 2 81 58 99 48 39 49 85 34 63 67 69 69 50 93 47 96 14 57 47 40 59 96 9 67 69 76 36 52 78 14 79 4 21 27 35 15 23 64 87 
96 77 66 41 42 24 47 17 25 34 6 25 91 96 30 69 97 30 25 24 37 42 79 72 84 83 52 81 43 21 88 28 13 13 82 60 54 47 88 64 88 60 69 25 95 59 79 53 96 72 
47 92 28 14 40 72 73 75 85 49 75 90 36 93 45 5 10 12 60 34 32 48 8 59 43 25 92 72 58 24 46 23 49 86 99 80 67 48 71 15 12 41 54 53 17 15 87 47 40 25 
34 13 12 85 59 67 87 33 64 77 27 72 81 86 15 69 85 28 60 50 59 79 80 47 29 52 92 31 89 32 68 92 27 30 5 46 85 22 26 12 24 85 20 90 67 43 90 74 76 68 
93 63 60 44 53 64 52 77 24 39 60 91 70 3 3 66 67 89 1 31 61 85 47 83 97 64 22 71 55 27 83 79 12 81 74 78 91 80 34 61 85 38 42 33 84 59 46 37 91 62 
75 94 44 81 94 8 97 75 51 6 79 76 5 28 98 12 14 58 85 32 19 32 5 23 57 28 93 91 63 50 1 11 67 84 32 86 67 25 76 34 59 88 84 36 90 39 27 91 57 4 