50 330
86 75 60 43 11 63 27 5 33 38 50 77 47 49 50 82 51 40 93 57 70 40 33 49 13 60 4 89 36 15 74 53 55 12 22 29 39 70 26 84 39 47 31 14 72 22 31 89 60 92 
25 90 25 48 31 73 40 10 95 85 47 80 58 7 24 44 43 57 31 73 6 50 89 53 34 16 56 4 4 90 65 93 84 19 57 26 5 84 54 66 18 61 89 26 47 49 37 61 11 90 
58 64 6 66 43 71 53 26 31 2 77 2 65 86 92 81 61 74 82 70 90 49 67 18 22 59 47 5 37 75 79 49 16 67 10 7 6 97 39 44 35 43 36 30 32 74 62 73 69 50 
4 68 7 47 20 96 20 74 18 95 63 70 59 17 82 84 78 30 5 50 60 87 14 46 73 92 60 60 73 36 35 49 84 13 15 21 60 55 46 62 26 16 61 22 9 1 36 70 56 43 
23 37 96 70 55 4 46 37 2 85 65 79 14 35 50 85 98 14 97 67 20 77 79 94 43 11 15 59 49 15 97 11 22 98 26 45 92 22 58 59 57 69 88 81 23 36 35 98 59 67 
90 82 6 34 34 10 53 4 60 48 49 57 54 92 29 40 14 33 15 71 20 13 30 29 9 59 70 32 60 10 77 73 61 91 37 58 89 12 2 41 72 18 66 10 38 59 97 91 90 51 
25 20 82 36 40 78 18 34 4 90 53 8 22 86 57 96 89 87 53 98 13 9 55 7 27 96 54 22 44 9 4 20 26 32 79 71 64 54 39 33 6 19 74 44 31 39 72 93 15 95 
78 23 52 30 76 14 92 25 7 37 63 34 86 20 50 71 61 14 83 22 66 19 16 34 23 24 66 9 8 7 61 63 30 16 6 78 8 1 1 6 71 95 28 78 12 66 62 63 75 91 
86 33 10 4 66 57 48 31 94 3 75 42 91 9 55 95 55 86 40 67 67 48 49 55 55 39 27 66 89 18 30 69 12 24 94 73 29 38 41 62 29 82 87 74 35 38 82 86 62 59 
60 88 93 97 99 48 13 8 92 32 91 56 61 49 89 57 91 62 45 10 85 77 51 15 8 47 34 37 87 81 63 6 47 8 26 2 94 51 42 83 86 61 93 21 55 66 47 50 3 22 
1 72 88 45 11 6 79 55 41 55 27 43 98 90 96 39 33 67 6 72 26 65 69 75 27 2 6 66 24 77 36 78 18 63 28 10 15 20 26 33 96 99 78 50 78 8 69 61 54 39 
74 78 86 9 77 4 89 16 18 42 36 67 94 6 84 46 36 5 93 66 47 76 72 19 17 39 73 52 19 89 82 2 40 57 35 71 17 33 89 42 26 44 53 31 11 22 68 33 12 17 
8 51 28 94 67 75 97 70 71 30 40 35 43 94 17 63 38 34 68 46 81 53 36 90 90 51 99 66 49 24 81 61 51 91 27 61 91 79 93 94 58 55 57 70 97 26 37 63 61 40 
42 17 36 85 20 14 3 37 93 12 77 43 48 24 35 13 3 32 9 39 20 32 57 71 75 59 74 25 33 46 77 36 74 84 77 29 62 23 9 53 54 40 92 11 10 77 17 66 82 40 
19 92 64 27 25 79 40 45 88 47 4 46 59 37 60 12 79 27 24 39 47 48 34 47 99 60 21 88 84 93 43 68 81 87 50 70 44 69 35 42 50 76 60 71 68 44 81 39 98 79 
36 45 82 3 82 39 51 31 61 48 49 38 84 31 7 90 29 75 58 35 36 54 28 88 70 73 51 78 1 84 70 26 7 52 1 97 87 39 86 53 72 46 7 1 36 36 25 22 27 6 
99 46 61 38 14 8 46 74 97 87 15 84 51 79 86 70 5 90 29 69 40 3 31 58 42 27 65 1 27 71 80 49 34 73 72 9 18 7 25 60 88 46 39 22 63 99 4 48 42 96 
31 20 70 5 50 71 52 5 7 14 38 62 4 61 86 42 3 2 18 26 95 23 49 23 40 1 22 18 11 96 42 89 41 49 13 40 34 29 87 82 45 61 99 18 60 72 17 85 40 52 
78 89 79 42 41 11 84 68 51 59 12 18 91 78 22 28 2 53 12 11 49 74 96 37 17 37 61 75 71 6 56 14 92 35 3 8 83 66 79 94 12 91 61 53 52 3 35 3 88 8 
54 1 15 72 72 25 86 45 41 44 74 4 12 80 95 62 76 42 58 45 21 77 55 76 17 6 85 89 63 64 12 41 10 42 90 56 18 74 73 35 55 30 44 18 52 15 88 23 53 70 
28 76 21 78 8 50 64 34 11 88 43 83 24 99 49 45 37 95 19 8 82 99 4 26 85 20 40 69 73 20 88 25 79 95 95 36 19 32 54 94 4 57 13 60 27 12 48 44 79 96 
95 20 1 39 69 76 96 50 82 18 29 76 17 95 78 62 77 31 89 91 39 72 83 55 34 64 48 41 81 96 70 6 81 67 96 62 86 41 24 57 55 73 31 26 52 19 26 27 92 37 
97 11 70 30 89 50 80 83 59 92 44 25 42 62 30 75 92 30 34 50 82 24 88 30 80 43 64 66 67 97 99 73 76 82 28 22 22 92 1 16 22 49 96 28 33 11 58 84 7 71 
47 26 64 82 17 14 60 94 62 86 41 35 8 57 2 64 50 29 67 27 91 7 94 11 95 83 74 33 45 14 48 64 33 10 48 78 42 68 74 17 75 22 37 85 59 62 9 35 8 70 
17 96 89 77 97 42 68 55 25 21 26 53 3 4 23 19 59 61 16 87 92 62 92 56 2 20 15 39 53 38 77 22 48 29 66 30 62 15 17 46 50 53 23 55 20 71 40 88 95 44 
8 90 52 55 63 2 14 37 59 40 79 4 52 81 16 73 85 40 81 15 3 50 64 71 70 72 49 48 26 70 8 81 69 17 18 20 65 88 95 42 82 95 39 26 89 57 72 4 97 67 
61 76 13 17 27 11 27 28 61 79 31 41 20 63 5 91 78 80 87 68 92 70 45 92 23 2 76 68 50 25 16 82 2 98 22 58 94 43 38 82 11 71 71 64 7 79 99 73 5 3 
62 63 7 37 59 42 6 76 12 28 38 45 95 51 30 64 57 97 89 96 18 18 64 18 26 10 10 72 74 67 12 45 31 44 51 61 41 80 57 59 86 40 90 38 1 11 78 10 28 9 
4 96 41 91 36 73 35 85 9 64 74 57 47 2 83 17 55 52 28 57 86 31 15 79 82 7 39 4 88 90 33 59 42 25 52 68 2 30 93 7 91 45 73 29 97 48 17 53 10 9 
29 62 25 5 4 45 45 86 34 48 96 36 37 2 24 62 14 81 90 94 64 74 64 54 67 16 79 59 99 74 50 17 81 25 25 46 29 4 58 88 32 14 90 42 60 56 2 75 31 23 
71 52 22 21 62 89 66 47 41 28 74 41 79 62 59 99 12 89 11 78 49 44 26 83 4 27 13 20 89 78 14 84 22 39 45 89 37 42 60 71 54 83 44 95 61 74 56 79 61 48 
49 97 23 57 5 34 74 16 63 40 79 15 25 20 83 75 91 94 80 87 92 79 19 54 82 57 61 36 47 85 63 90 95 65 24 47 10 64 27 39 2 65 62 43 5 76 46 49 52 34 
40 47 51 15 2 98 85 47 66 36 97 37 32 44 93 60 36 84 24 40 54 27 80 90 74 18 27 67 87 8 19 22 95 85 90 79 30 37 97 18 83 18 25 73 42 19 54 39 25 3 
90 6 79 16 30 17 62 88 76 39 85 31 64 96 27 34 7 30 14 56 19 56 92 16 22 96 94 51 75 44 22 6 7 61 65 12 95 51 21 81 10 11 22 61 85 42 79 89 38 89 
50 54 28 6 50 77 56 99 17 18 78 60 94 45 56 25 45 66 39 86 36 34 90 64 45 19 16 14 11 56 42 5 76 70 99 47 1 68 20 14 32 62 73 98 55 50 56 37 39 58 
74 49 50 3 82 7 52 57 90 72 59 38 74 24 37 13 40 84 24 12 41 80 11 20 29 50 74 91 81 19 93 21 98 91 47 11 77 99 79 48 21 34 10 27 98 14 22 64 27 68 
82 48 46 91 91 3 54 3 95 7 10 52 76 27 54 93 96 55 61 77 34 33 66 92 59 82 99 82 81 10 53 73 38 96 26 96 98 70 51 79 74 68 37 11 3 18 56 68 85 7 
73 22 4 45 39 13 32 85 84 11 97 12 31 38 96 79 12 85 20 71 31 62 23 30 2 57 49 2 81 35 91 9 20 1 87 58 57 58 96 24 10 41 69 42 68 59 46 31 34 37 
19 16 64 5 25 71 78 96 62 76 91 47 72 59 54 65 30 26 71 17 31 7 21 38 83 6 77 41 43 50 3 59 72 88 21 71 85 1 74 18 79 21 44 45 35 83 78 86 3 93 
12 86 49 42 91 47 68 53 39 76 98 32 60 90 57 93 65 73 87 31 50 64 49 1 15 33 86 12 53 18 91 6 29 84 71 57 88 43 86 17 23 56 7 44 92 58 19 53 98 20 
44 18 22 5 53 26 18 32 41 99 82 19 45 95 91 40 47 21 45 56 3 93 37 24 22 48 22 44 95 39 10 35 66 81 23 38 27 80 88 90 74 4 79 48 15 98 84 26 98 56 
42 10 16 48 64 34 87 84 60 85 37 80 40 80 81 34 53 23 82 38 72 40 74 95 57 78 82 28 72 57 99 78 92 81 25 61 32 26 36 24 47 22 48 81 37 74 62 70 71 97 
23 91 76 42 52 85 52 76 57 60 64 53 79 61 48 45 55 61 82 49 47 55 14 87 10 87 20 40 41 36 87 91 59 84 1 74 49 4 41 72 15 80 92 98 75 55 82 20 11 5 
60 7 31 76 78 4 40 67 95 8 61 87 89 80 61 68 4 71 28 45 66 77 57 12 47 81 4 9 86 26 29 10 50 79 51 24 9 2 78 7 51 54 45 53 29 93 10 1 49 91 
88 71 76 60 24 52 31 45 80 4 66 68 10 21 79 96 71 6 46 95 1 96 50 7 42 65 5 99 80 37 12 89 66 30 89 81 66 3 38 52 61 87 33 78 68 71 73 8 21 29 
65 51 47 83 92 60 69 29 73 69 50 25 44 74 27 36 71 57 79 2 69 75 55 78 2 33 31 6 21 20 55 80 72 39 58 55 35 2 23 52 57 10 22 78 29 56 36 86 10 99 
1 93 63 43 3 18 68 31 99 23 84 8 37 49 70 35 47 45 82 20 34 2 43 72 76 98 84 56 66 5 53 75 30 55 88 20 56 13 52 36 64 80 19 84 98 86 10 10 92 89 
50 10 1 17 54 40 55 16 74 64 40 98 3 47 94 88 21 86 24 51 94 14 97 63 5 67 56 64 13 30 81 79 35 99 35 65 20 32 32 96 1 83 96 58 74 36 80 21 95 94 
76 5 93 7 38 32 22 65 79 50 17 28 77 39 64 37 42 29 2 79 91 45 44 9 20 39 65 4 61 70 40 43 17 7 9 90 63 54 23 47 22 68 82 58 35 7 37 46 74 61 
42 19 9 18 6 59 78 45 46 41 45 9 16 54 60 11 75 53 3 86 79 87 96 57 81 34 70 18 88 87 86 12 59 20 14 5 98 84 56 8 96 96 85 60 56 60 69 13 74 86 
84 93 4 4 36 2 35 19 81 95 84 80 59 17 38 72 95 72 3 26 3 25 32 52 23 45 62 75 99 96 5 61 91 78 65 30 94 86 57 42 19 7 50 70 83 57 31 28 9 60 
38 67 67 11 42 45 38 19 22 41 71 52 24 71 83 23 75 57 97 18 34 48 32 71 18 64 35 81 5 63 43 77 77 57 6 5 7 90 25 40 4 31 4 14 43 79 13 93 45 89 
90 79 22 82 42 72 16 8 90 84 98 75 42 80 8 41 52 71 62 28 73 13 6 40 99 45 53 72 21 65 92 7 62 35 54 77 89 58 52 43 1 17 60 50 41 26 30 57 68 90 
18 24 55 44 46 43 87 54 43 56 56 69 25 42 58 7 92 44 8 5 18 98 67 44 60 80 41 59 9 33 59 57 91 99 31 54 83 26 99 80 61 18 73 11 27 44 42 12 91 46 
64 71 83 23 62 39 16 60 31 72 38 34 2 7 52 94 43 58 72 88 11 63 79 21 51 57 36 15 57 66 66 36 56 29 96 21 2 99 86 3 33 16 79 10 28 47 33 16 22 86 
48 29 16 86 73 44 99 61 21 37 51 23 89 52 39 69 97 13 77 49 92 73 77 41 22 75 74 14 9 29 14 52 69 37 4 40 89 95 97 45 3 61 28 97 3 37 28 82 74 75 
77 34 41 25 97 10 93 53 64 8 42 24 24 51 89 66 10 50 19 43 85 38 74 77 14 30 42 19 74 37 54 75 35 35 24 28 3 18 95 87 2 49 74 64 92 46 83 41 1 95 
50 57 88 62 83 86 58 50 79 55 13 91 80 48 75 77 97 32 2 98 30 7 34 87 67 7 53 13 69 81 82 36 37 24 22 73 31 37 91 8 78 1 76 48 23 98 1 66 58 29 
35 15 23 82 70 58 90 64 44 56 94 14 48 43 30 8 38 23 9 31 44 97 87 54 52 78 13 17 83 32 98 81 14 33 11 97 96 8 54 92 11 43 2 87 17 46 11 7 74 16 
84 46 28 61 92 16 55 28 41 49 21 51 67 62 34 60 46 87 98 74 72 81 93 35 98 69 15 23 92 5 49 59 46 61 63 12 86 48 7 56 14 14 65 62 11 77 65 12 10 29 
96 99 79 22 14 40 49 73 53 44 21 82 80 46 70 31 83 66 5 79 97 17 64 1 29 7 23 6 52 54 62 24 38 21 23 4 89 70 57 1 10 58 29 12 89 85 68 21 48 61 
73 64 95 89 82 32 23 76 33 69 81 24 85 82 39 54 1 82 88 42 1 83 79 70 52 42 99 77 31 16 6 95 5 40 12 55 52 77 37 33 28 32 36 98 52 86 12 15 94 82 
22 57 5 88 93 87 3 92 14 55 11 59 16 22 12 13 48 37 57 62 9 63 17 31 20 9 22 71 92 54 60 80 59 90 86 34 32 1 38 89 58 90 1 39 13 12 2 5 7 59 
38 98 25 14 74 46 93 64 27 38 38 9 57 77 27 57 33 22 81 46 5 19 6 60 48 99 57 37 70 43 13 15 77 7 74 19 38 62 65 63 14 46 28 87 70 82 44 58 65 8 
47 14 70 80 96 51 83 40 37 80 30 9 57 5 59 16 84 52 78 29 61 71 52 74 83 21 32 94 71 49 81 13 66 34 13 75 81 78 27 30 40 55 9 10 5 62 65 53 10 95 
20 86 95 64 67 47 79 1 35 30 91 79 56 93 70 24 55 2 50 60 31 16 94 6 13 60 96 31 90 48 35 83 57 90 78 38 57 46 85 78 4 93 45 95 63 46 80 94 61 92 
66 21 69 36 50 35 24 34 9 66 71 20 92 23 31 9 87 43 39 87 75 40 7 31 36 36 20 70 65 59 61 21 62 78 40 28 85 95 87 52 28 28 26 70 5 63 96 63 83 1 
7 32 35 94 88 10 42 16 5 26 94 77 23 47 88 16 5 95 87 98 8 15 34 80 93 66 88 57 35 87 81 27 14 34 42 18 3 10 95 33 58 39 27 57 12 8 64 98 95 32 
24 70 83 10 27 97 95 69 95 47 63 1 5 22 93 34 23 14 69 81 46 36 95 11 48 3 25 1 93 58 19 83 68 34 11 65 74 92 87 18 2 62 78 27 4 58 32 29 96 91 
92 42 34 59 48 18 78 37 45 35 43 5 24 72 73 21 46 5 1 78 16 73 68 46 22 24 71 53 20 92 99 80 55 84 26 12 71 40 26 3 62 32 77 68 68 79 93 96 44 93 
90 88 79 72 3 98 97 58 9 11 2 35 28 54 53 11 22 73 22 70 16 11 31 93 42 97 17 21 86 60 47 45 41 15 91 91 10 69 42 62 19 99 51 60 77 61 29 49 45 59 
45 93 56 10 45 63 89 96 2 92 54 74 92 6 29 39 17 18 11 13 55 29 11 54 79 27 52 76 92 56 62 21 3 59 78 20 95 8 58 32 34 60 51 78 70 3 94 80 26 5 
43 20 45 18 91 3 13 38 82 10 88 16 26 20 97 96 47 71 69 47 56 83 89 2 49 81 16 55 35 57 54 78 22 58 32 23 59 22 32 6 99 17 30 70 17 76 25 88 52 4 
18 11 41 44 98 66 74 62 11 17 50 71 42 69 27 27 33 94 96 65 59 14 47 19 1 44 37 14 3 95 43 14 76 84 17 71 25 68 76 76 20 22 1 21 77 86 67 84 78 97 
44 5 81 31 5 55 52 36 31 41 25 83 74 59 43 72 87 47 81 35 76 4 13 77 36 4 75 58 88 80 89 35 57 35 28 28 71 2 53 13 84 95 50 86 79 6 17 59 56 78 
31 90 88 40 50 6 44 27 12 79 64 80 36 38 85 56 97 46 23 38 7 47 29 69 57 56 59 99 23 14 90 33 7 69 63 13 42 98 1 26 6 59 56 97 19 34 79 81 20 38 
39 47 42 82 1 98 94 71 19 36 37 89 36 50 75 52 72 55 59 19 48 93 69 30 28 26 44 39 47 20 91 34 32 20 6 57 99 53 46 54 5 1 81 92 54 5 56 65 12 90 
42 69 37 21 2 14 53 3 19 99 22 58 19 57 94 98 53 2 43 29 8 17 62 16 79 95 47 43 55 75 95 99 20 70 55 62 54 48 66 41 93 54 36 78 16 62 61 18 77 7 
62 82 92 27 98 49 70 33 37 72 80 72 53 31 1 95 13 68 26 63 40 21 73 80 99 1 50 52 27 62 76 20 18 31 11 27 16 28 96 75 18 48 79 61 16 17 95 40 59 1 
43 47 85 22 11 54 22 17 76 19 18 55 55 31 79 98 86 82 71 34 56 53 2 69 70 4 76 73 59 76 51 72 78 85 60 45 37 60 66 26 3 36 98 71 69 27 78 37 42 19 
79 47 64 77 57 82 2 49 98 24 31 69 13 72 84 22 60 56 78 51 81 4 36 24 42 34 59 16 32 54 79 51 96 83 64 83 28 1 41 39 64 70 82 47 68 92 73 30 16 27 
40 76 58 89 2 57 82 7 63 61 43 51 62 59 64 75 65 99 14 35 83 58 27 27 15 90 86 74 90 94 97 48 24 98 11 31 44 90 68 23 68 92 19 54 27 75 47 71 59 31 
47 11 13 47 71 28 27 54 70 89 32 57 13 96 62 29 14 40 33 83 35 84 99 20 47 39 28 82 33 54 93 73 35 47 50 89 44 53 69 79 88 81 32 57 63 52 1 21 62 89 
79 28 96 42 27 14 85 60 5 71 90 7 37 98 34 43 36 48 76 63 36 71 46 37 64 10 16 16 97 14 52 53 48 57 93 7 49 37 39 39 38 90 49 5 65 18 7 91 56 47 
54 70 22 53 26 21 36 56 26 61 71 43 92 45 69 35 87 62 91 81 5 74 5 62 96 72 42 54 53 44 49 53 6 98 35 85 49 46 37 37 71 17 39 66 84 24 76 83 95 64 
14 62 65 31 11 26 91 25 77 1 40 58 46 44 1 21 95 17 8 79 96 85 95 59 1 66 74 38 70 60 95 91 6 35 49 44 54 26 21 85 1 98 61 15 73 29 65 59 79 66 
15 56 58 71 87 5 18 70 98 24 52 53 55 97 65 77 86 61 41 90 54 28 45 1 64 73 79 75 1 6 69 9 67 10 31 98 73 73 88 33 23 80 12 47 86 24 75 55 44 63 
30 29 42 2 28 68 5 98 20 69 79 46 25 56 84 15 60 54 48 46 73 84 95 91 95 74 43 37 61 40 17 76 7 40 22 20 62 31 91 73 55 92 67 56 38 72 51 46 51 5 
28 14 35 82 41 42 28 16 57 90 95 15 77 87 15 35 65 53 11 51 20 66 28 40 8 70 24 39 80 58 99 71 50 93 19 64 3 19 71 88 78 26 90 22 28 8 76 72 93 20 
79 84 97 88 73 53 91 8 34 36 91 59 64 69 32 46 86 28 88 98 45 82 31 56 38 24 85 12 50 24 86 5 72 83 78 2 81 65 10 94 87 39 11 77 77 68 24 38 10 73 
74 23 60 18 50 82 4 40 83 75 23 44 13 20 86 6 71 57 11 68 73 42 75 26 24 64 25 46 57 33 75 73 40 37 8 97 17 35 4 22 68 3 58 96 12 14 63 55 77 84 
86 31 20 43 6 14 1 88 89 3 50 31 54 4 44 6 93 11 8 58 2 83 41 68 11 58 72 28 41 69 39 44 2 93 8 37 59 71 28 26 11 38 29 77 17 62 99 3 6 95 
80 95 87 21 76 9 54 23 22 25 62 50 50 24 11 4 32 92 16 33 13 98 61 32 40 38 11 68 48 39 33 17 69 36 75 98 74 16 48 39 30 46 16 30 80 83 49 4 86 33 
94 66 21 22 91 74 56 61 46 53 49 82 4 17 71 93 54 78 85 73 26 54 30 49 98 65 88 79 93 48 83 81 75 99 16 19 13 94 23 58 15 47 76 32 4 24 80 68 7 11 
61 93 29 47 64 86 73 90 94 16 99 73 92 52 7 63 76 7 95 67 54 70 50 31 15 61 66 72 70 57 20 18 84 19 14 84 54 26 82 63 64 6 14 42 20 67 35 16 7 32 
60 92 32 52 22 63 89 7 9 44 27 25 97 26 52 57 24 60 11 20 36 73 49 67 11 87 28 67 46 30 56 86 31 6 80 91 6 90 86 59 45 98 92 32 10 98 87 57 66 21 
93 56 51 61 56 1 40 71 24 80 64 51 54 79 50 45 20 64 82 87 47 56 95 60 55 23 81 40 43 13 7 18 89 88 3 77 74 35 10 37 74 60 60 20 59 28 85 73 52 26 
82 46 18 11 52 40 43 33 20 78 77 69 33 28 9 92 75 23 41 54 9 12 66 60 98 46 96 67 46 34 74 3 74 70 39 59 62 21 59 82 5 54 21 55 86 96 96 84 57 18 
81 1 59 69 47 93 7 97 95 4 78 54 6 95 70 60 18 90 78 22 89 63 9 65 28 42 41 35 7 98 85 41 28 3 76 23 34 70 1 77 32 19 59 4 33 28 93 66 95 9 
32 30 41 85 23 43 74 59 30 83 15 19 99 71 23 36 92 79 4 15 28 18 13 51 94 72 48 64 40 21 76 53 72 54 91 7 61 51 24 28 53 35 36 11 90 40 22 43 59 8 
20 89 63 15 5 80 20 51 37 3 93 70 16 74 54 68 99 29 94 85 21 46 98 5 73 84 32 22 9 53 30 31 33 31 18 48 51 34 50 55 35 55 18 26 70 46 95 17 85 77 
54 62 68 47 98 80 34 19 25 57 39 57 53 90 25 28 19 91 45 98 56 32 36 27 76 7 5 82 85 19 28 50 27 10 58 7 18 6 77 75 64 63 46 8 46 2 56 56 49 94 
24 49 86 85 36 75 73 83 74 3 13 52 58 44 75 30 93 93 28 87 81 18 91 27 28 58 96 31 35 73 96 2 92 66 81 85 8 59 10 75 58 49 54 86 55 36 96 20 37 46 
98 76 92 70 2 97 38 17 71 86 24 14 59 16 92 23 41 90 88 41 93 86 9 61 67 8 98 83 38 25 57 60 14 65 44 64 71 23 77 29 45 12 43 99 65 37 70 35 18 76 
29 34 52 31 13 23 20 50 64 17 95 5 52 60 41 92 90 10 56 94 52 91 66 92 91 42 34 58 97 33 20 73 91 45 9 31 56 40 42 52 45 38 84 30 96 65 90 72 26 6 
65 76 50 72 97 40 71 62 30 29 67 81 41 34 28 46 7 90 31 36 32 13 88 91 85 54 15 99 36 6 23 12 62 39 27 57 10 91 7 71 94 76 99 64 24 31 27 87 27 68 
25 33 32 67 29 93 63 96 56 21 18 15 34 65 96 1 98 3 28 31 2 4 62 85 24 12 91 55 11 57 42 19 35 51 41 90 51 24 21 1 74 91 60 28 56 6 98 12 61 96 
11 3 43 82 95 53 18 24 52 88 88 10 35 55 77 85 93 93 9 89 86 75 8 92 98 67 31 86 18 67 48 80 79 15 44 32 74 69 99 3 21 34 84 99 29 56 2 13 3 27 
27 31 8 20 62 49 39 35 1 58 19 80 5 61 49 29 17 36 64 74 89 28 51 5 48 4 24 80 94 30 16 42 96 9 56 72 3 39 56 92 53 80 96 79 30 53 12 78 48 24 
49 78 81 83 28 63 96 98 27 76 26 64 27 61 86 73 28 33 24 16 11 14 40 56 22 74 6 17 49 8 13 36 37 58 62 65 93 65 80 20 9 19 10 59 88 29 41 21 97 82 
66 42 36 73 78 54 29 38 45 56 79 8 34 18 71 53 59 40 11 82 2 1 75 45 45 99 92 26 88 76 76 80 31 18 14 34 91 64 4 4 83 98 68 93 59 46 43 8 38 84 
5 34 1 27 45 61 29 65 40 42 70 51 44 21 57 77 53 20 42 5 6 4 5 24 4 67 58 56 48 38 9 16 81 88 90 65 33 25 73 43 21 10 63 4 42 31 62 41 15 44 
60 58 30 34 9 56 46 10 37 83 61 81 87 10 4 86 16 24 37 55 60 63 68 87 7 88 49 95 54 65 25 38 54 65 92 91 80 3 89 89 64 85 62 40 11 95 90 55 7 69 
43 13 15 41 8 76 39 34 44 7 50 31 12 28 63 86 15 98 78 11 36 38 73 2 17 18 15 73 80 85 56 60 25 82 38 75 91 57 47 34 4 80 12 73 95 8 68 4 48 70 
65 15 66 79 81 44 5 38 69 1 25 51 42 89 1 26 81 95 92 18 11 89 22 95 14 36 36 98 48 5 77 87 29 45 74 61 31 12 57 66 61 7 24 83 89 30 70 65 19 15 
45 1 16 17 34 47 19 42 73 21 26 48 50 89 82 9 33 84 45 15 20 70 74 58 81 36 68 17 59 45 41 68 33 34 51 15 28 51 54 68 59 7 48 5 26 71 12 97 47 37 
5 90 51 43 19 59 55 28 21 67 10 65 72 72 12 53 63 14 22 73 82 22 70 22 94 77 26 3 50 83 39 15 29 76 81 69 49 98 10 77 46 13 22 77 92 3 77 17 66 58 
3 84 14 56 53 65 68 65 54 61 94 1 38 66 7 48 15 52 31 32 25 4 84 56 82 16 22 25 70 29 40 59 2 53 73 69 22 88 58 10 69 76 19 60 7 9 51 48 10 61 
98 61 20 82 78 58 28 15 16 99 39 24 78 36 34 29 61 9 97 24 27 71 9 62 18 17 77 10 24 46 9 29 1 57 44 99 84 6 93 59 59 97 64 63 83 55 75 4 76 88 
28 70 83 42 81 97 11 1 51 85 65 42 16 50 3 34 15 47 35 12 74 90 42 55 39 48 36 74 57 39 7 45 90 69 12 11 74 26 75 45 12 93 19 37 88 48 32 25 36 3 
73 95 3 92 39 6 21 31 76 64 18 75 3 66 78 68 92 54 50 3 18 1 66 85 65 20 4 8 90 89 74 66 52 65 46 21 90 92 6 10 93 38 80 49 38 57 30 17 71 25 
51 63 67 73 25 91 37 52 59 67 47 92 58 5 79 53 7 6 38 16 33 61 13 45 29 98 25 97 83 35 77 71 8 82 84 43 98 6 27 84 79 27 18 26 29 35 18 83 95 39 
23 83 99 74 42 5 43 7 17 21 95 73 55 26 63 93 93 39 28 42 13 40 31 22 21 4 67 14 53 20 83 25 5 8 57 60 35 86 42 98 99 80 52 24 32 40 76 86 66 76 
1 38 38 11 12 49 9 51 6 74 72 18 26 95 45 92 19 62 32 3 11 39 56 88 62 59 31 48 29 51 21 87 12 33 91 4 31 60 34 50 41 66 40 17 35 80 51 96 38 2 
41 51 67 45 48 34 56 12 3 56 98 48 49 27 17 89 12 82 95 86 63 66 94 85 52 71 23 73 97 75 11 38 26 99 51 21 65 76 79 86 80 52 35 4 84 12 5 42 1 38 
90 27 92 94 16 40 69 64 84 22 69 30 97 88 15 98 98 99 27 37 52 85 20 56 15 42 77 60 20 6 18 35 18 10 92 85 64 4 57 15 78 70 72 51 28 34 37 99 53 75 
47 63 55 62 46 15 62 61 20 4 50 23 41 62 90 83 47 40 4 29 82 51 23 56 9 91 19 96 54 3 24 66 31 35 14 89 42 94 9 87 24 89 57 15 73 36 73 5 1 7 
50 36 93 73 29 19 48 16 38 4 10 30 66 9 91 29 17 27 20 2 49 46 6 37 66 89 26 76 24 17 77 26 47 11 46 91 16 27 7 75 71 89 4 86 36 75 48 82 43 93 
54 81 18 60 37 62 3 44 60 50 99 4 12 18 9 29 9 90 74 93 54 98 33 15 29 56 93 62 99 23 66 72 36 85 50 32 14 99 46 54 94 55 26 44 16 68 75 66 52 13 
6 59 19 73 12 69 79 43 95 23 59 79 44 85 46 51 73 79 36 71 22 46 87 20 32 20 68 34 30 23 31 39 96 94 72 27 51 78 5 34 20 78 49 62 75 53 43 53 54 70 
96 10 38 58 68 80 5 94 53 12 62 65 9 12 15 21 25 59 82 35 13 97 6 95 42 36 72 61 95 18 64 9 63 23 54 59 5 39 90 92 70 34 78 54 20 1 7 12 65 98 
91 38 29 59 12 13 73 82 91 47 68 21 5 91 7 14 3 49 32 3 6 1 68 4 95 10 8 70 30 72 33 35 15 26 12 85 38 51 43 54 26 82 98 63 57 4 86 46 31 16 
29 75 95 74 60 7 64 3 8 76 59 22 69 37 91 45 69 25 46 69 86 62 72 67 74 5 73 56 30 50 88 74 70 29 88 15 28 33 11 72 21 8 50 22 41 98 17 35 10 52 
97 21 62 52 87 8 37 38 96 50 25 51 12 47 67 4 47 68 63 22 12 64 35 80 14 34 62 35 29 81 66 27 7 75 38 37 11 28 92 46 55 44 91 81 56 2 74 72 46 1 
20 56 68 21 48 79 18 35 93 60 89 41 88 8 90 57 36 90 9 75 13 7 72 93 24 91 16 9 21 29 28 5 55 63 6 59 57 67 62 51 77 8 20 17 53 90 86 71 46 2 
19 33 70 71 67 55 19 31 55 24 15 62 60 44 49 48 96 5 38 52 87 67 10 90 4 47 22 38 82 46 15 16 65 11 93 66 86 17 77 35 30 78 74 76 26 22 23 23 74 56 
79 96 36 76 91 9 40 68 89 22 95 42 3 52 64 95 70 97 27 37 97 51 54 8 3 42 94 89 8 1 35 36 27 58 42 74 90 85 92 95 45 40 76 6 7 54 9 88 45 98 
66 45 70 46 68 85 12 24 17 43 10 71 65 39 11 28 36 47 99 2 13 61 96 89 83 48 13 89 35 13 91 13 56 95 60 18 11 87 66 4 89 16 17 9 93 13 99 72 30 89 
74 12 68 63 65 22 27 30 26 87 95 16 82 31 7 71 29 96 16 26 3 13 95 37 89 68 46 93 36 30 23 67 47 69 63 1 9 45 69 92 23 15 57 54 99 34 24 73 69 19 
74 38 47 60 23 75 84 93 19 65 10 93 98 69 2 74 43 41 61 19 32 89 37 76 51 77 7 5 97 70 35 34 12 4 83 30 63 49 95 98 69 1 80 17 3 43 19 89 25 53 
21 29 55 29 90 23 24 35 74 73 78 9 93 60 43 68 20 52 16 9 36 87 25 69 96 52 32 95 38 84 7 93 14 74 41 96 32 41 71 87 37 68 9 92 31 77 18 73 96 50 
32 37 73 42 41 53 32 1 40 89 33 60 81 15 58 52 45 49 2 65 45 94 16 44 17 47 86 72 49 65 35 22 12 93 15 5 80 21 42 69 11 38 57 8 18 44 40 85 20 45 
10 49 26 85 42 92 81 60 56 16 52 70 88 51 6 16 66 17 99 35 81 44 23 70 28 79 62 28 97 28 21 50 71 66 42 45 60 87 89 2 94 5 90 38 36 67 72 22 59 94 
73 50 78 11 51 4 72 55 88 6 85 36 11 15 6 3 47 73 33 78 90 2 66 12 87 10 51 36 72 17 24 50 84 56 13 56 93 44 84 33 5 28 1 71 84 24 25 84 42 7 
25 73 46 28 59 22 40 68 94 6 26 45 17 76 45 45 49 47 40 7 52 98 54 21 79 45 79 1 92 32 59 73 50 21 61 92 39 47 49 99 17 96 14 75 99 25 99 34 48 31 
8 25 22 30 49 85 69 55 20 64 23 40 80 87 36 16 94 84 99 50 95 92 87 1 61 30 20 7 90 13 94 2 46 12 34 51 42 67 68 58 25 6 96 39 62 1 20 57 3 41 
62 39 91 33 95 59 64 22 28 83 75 74 52 21 25 34 25 62 69 42 73 35 48 82 94 3 23 56 61 44 1 89 39 47 43 5 20 62 81 13 21 79 46 63 85 42 42 76 87 51 
78 57 30 14 72 54 65 95 7 36 83 68 87 32 97 72 97 77 46 43 99 81 78 83 64 5 92 33 10 98 13 80 59 36 35 98 44 26 31 88 40 56 53 30 83 6 7 63 2 46 
22 32 56 36 5 29 38 64 5 39 52 44 22 45 76 42 57 98 59 83 5 94 57 86 46 72 71 64 50 4 21 91 27 21 33 55 24 97 17 50 49 12 83 23 42 62 15 69 80 65 
86 1 83 58 34 77 52 76 80 60 30 42 96 16 49 34 13 10 61 8 36 23 42 87 69 19 3 4 92 3 61 62 69 50 10 89 44 41 68 66 87 25 8 32 9 37 33 42 96 91 
42 49 96 27 22 49 82 60 60 55 92 32 53 39 77 97 20 78 7 98 56 90 50 98 12 67 33 21 86 22 77 45 55 46 89 25 33 54 1 29 97 64 32 73 5 8 60 34 19 46 
34 87 26 67 65 69 20 57 35 71 62 19 29 52 4 65 47 46 67 68 40 70 92 36 51 74 30 13 49 32 28 55 10 89 61 95 18 78 82 54 93 44 70 39 2 15 49 69 31 22 
18 14 65 85 72 63 29 12 86 98 21 24 88 7 48 35 81 41 20 71 16 1 86 81 15 93 69 55 28 18 13 94 54 30 85 44 60 1 46 50 98 21 11 6 50 70 96 84 94 45 
59 16 25 15 15 19 38 16 5 8 22 8 22 16 94 25 20 47 16 68 86 41 5 94 48 49 81 95 30 26 51 8 24 40 7 23 39 36 12 52 82 25 5 48 28 75 70 87 44 65 
29 76 22 13 4 9 78 44 59 31 83 58 89 86 37 61 59 8 95 57 14 21 30 18 4 70 67 44 69 90 66 2 72 47 79 9 47 93 28 50 44 52 5 10 93 83 64 88 69 3 
85 4 48 14 99 7 24 66 97 95 34 96 10 76 26 25 9 38 33 85 5 66 36 13 90 39 62 47 45 73 15 5 96 92 10 80 40 50 1 75 39 23 84 60 44 67 6 71 53 8 
17 96 63 5 33 19 58 92 5 15 14 26 6 71 2 44 25 10 18 52 30 76 68 92 68 55 91 9 61 13 17 65 97 83 65 79 86 13 15 77 14 93 37 93 73 49 19 30 21 59 
61 3 49 23 79 2 99 6 53 69 90 55 98 52 22 87 36 7 29 99 61 7 32 87 1 53 58 57 11 16 4 48 4 69 20 50 37 7 50 62 13 30 7 42 13 71 32 4 63 33 
46 59 36 36 67 56 49 84 32 13 46 9 30 83 7 53 21 83 25 50 90 42 6 51 55 75 99 86 5 98 39 53 47 21 53 66 34 20 62 37 41 25 58 27 60 29 35 25 13 96 
82 93 80 45 93 70 17 34 31 72 94 3 38 19 44 10 42 45 54 88 88 82 27 76 94 62 30 45 12 51 95 58 79 34 26 89 72 33 4 40 16 81 35 79 71 29 14 54 44 86 
65 58 55 54 25 84 96 98 44 45 10 65 61 24 38 47 60 56 23 24 65 45 57 49 33 74 98 55 30 73 65 23 96 10 21 53 85 14 7 57 35 50 40 7 47 4 43 74 72 53 
78 87 29 39 9 90 34 34 54 67 82 90 68 8 64 55 27 47 42 25 91 42 88 77 75 77 54 44 84 24 95 68 36 60 15 97 90 43 48 49 80 12 72 81 54 34 17 31 52 96 
6 78 26 17 41 34 17 99 34 31 33 54 84 28 48 73 25 92 63 27 57 57 14 68 16 25 21 48 86 54 88 1 23 5 79 43 68 65 50 30 90 7 76 48 9 30 36 91 93 54 
67 3 82 97 40 69 3 11 51 57 70 32 87 29 20 45 40 27 21 41 29 76 65 96 52 13 91 17 56 96 40 69 14 97 97 20 35 62 68 77 61 16 48 23 74 24 65 30 93 42 
79 34 92 55 33 88 36 81 77 47 32 30 97 19 93 12 81 79 76 76 74 52 54 13 84 46 78 34 63 64 15 97 28 19 75 83 23 10 36 71 22 12 17 10 65 64 90 61 92 99 
12 95 34 71 42 31 55 46 78 33 79 73 60 42 14 8 87 27 72 32 40 49 42 46 96 18 94 32 67 69 92 42 55 9 37 53 63 80 3 74 1 37 35 26 18 34 12 98 94 98 
48 12 58 54 77 69 79 74 27 35 56 8 10 25 61 14 62 45 79 11 9 10 63 30 96 7 83 35 91 9 78 38 14 15 30 83 88 84 9 99 85 94 94 11 4 2 23 40 75 70 
30 94 70 56 39 59 60 3 55 14 75 71 93 36 91 48 90 74 31 79 52 80 41 95 30 62 74 97 85 38 36 36 26 21 29 18 32 88 37 90 31 21 79 54 18 56 77 23 43 17 
79 31 5 15 10 87 47 76 66 4 82 58 13 55 95 74 10 55 19 45 3 38 55 43 43 94 94 45 23 33 89 76 34 95 32 51 12 35 33 47 19 52 8 25 35 21 92 96 22 93 
39 3 34 1 31 1 13 47 5 86 88 79 3 44 41 17 44 89 35 42 49 9 19 69 39 67 7 74 39 29 89 19 80 15 17 96 2 62 93 43 73 48 37 23 57 67 89 23 56 1 
62 5 97 40 16 44 86 90 57 40 86 34 6 57 71 76 42 60 10 79 29 13 49 78 31 34 53 51 80 64 47 50 84 52 4 20 85 78 50 30 1 50 44 88 7 93 8 20 44 58 
98 38 13 19 54 69 13 79 56 92 64 40 13 61 7 97 84 96 13 33 89 84 3 13 84 98 52 75 83 2 71 96 57 4 58 4 27 89 35 46 38 58 24 84 85 27 28 46 89 20 
97 22 13 53 48 90 68 50 19 59 81 26 60 76 68 14 2 51 18 10 30 2 97 49 54 74 87 94 66 22 29 77 58 82 38 33 21 58 90 82 25 92 78 28 74 68 47 91 18 34 
52 39 93 14 15 72 7 30 60 80 14 8 60 98 93 16 51 54 27 96 74 91 86 67 94 9 49 85 97 78 98 33 46 67 82 26 79 31 27 57 65 98 55 94 89 94 23 38 52 15 
56 98 51 63 15 89 57 22 1 32 42 85 76 29 51 87 99 28 78 67 58 14 89 82 15 19 63 92 49 25 95 96 16 25 40 17 92 81 23 92 38 67 15 89 18 56 52 49 27 85 
48 92 80 25 82 80 2 65 59 18 81 73 98 77 40 99 15 4 11 62 78 98 85 39 45 20 52 97 72 33 96 26 4 3 12 42 27 60 51 53 51 41 2 67 31 42 39 19 96 97 
30 10 93 61 89 3 73 10 25 72 13 84 43 20 82 88 7 78 55 17 76 20 29 70 69 9 94 51 56 63 49 2 73 84 20 31 91 40 44 90 35 88 85 49 34 56 90 79 99 66 
1 74 7 15 9 43 86 6 81 30 52 64 31 53 70 18 97 91 4 38 91 48 76 31 79 28 49 11 60 49 23 89 63 9 85 74 71 40 32 34 44 39 54 94 53 66 5 99 58 74 
77 15 61 48 55 46 17 93 30 35 98 72 48 43 59 91 70 87 32 63 66 6 12 25 89 31 85 43 99 37 5 65 73 17 7 90 73 10 65 99 7 2 60 75 78 26 46 66 32 72 
90 95 30 85 57 56 19 42 72 76 92 95 87 65 78 60 45 19 12 80 78 61 19 18 93 86 5 15 87 3 51 80 32 44 35 9 97 76 18 64 83 64 1 23 84 5 79 53 54 16 
87 55 20 5 28 12 7 26 38 45 2 19 23 83 6 5 15 96 64 19 23 10 20 53 56 77 25 14 23 3 37 1 86 64 23 44 95 38 33 14 97 63 85 64 93 2 90 64 36 65 
14 34 63 27 61 77 4 56 46 24 11 81 12 54 34 76 23 13 96 31 4 51 7 79 48 94 33 34 53 72 94 79 51 24 18 23 10 20 86 82 26 74 14 12 78 85 65 16 20 62 
75 68 21 70 63 65 80 14 62 11 84 20 79 14 46 82 80 84 33 59 98 14 30 16 35 53 4 71 22 97 30 51 90 71 86 56 8 20 51 98 52 84 2 75 2 71 27 49 37 62 
21 92 7 68 87 64 59 31 65 77 42 56 81 36 57 78 3 99 32 48 89 12 31 96 94 94 36 56 24 85 15 28 17 26 77 94 59 96 25 81 99 11 48 16 94 7 53 77 77 2 
54 43 87 98 11 33 93 76 81 29 74 11 36 10 47 86 46 87 54 57 94 68 35 20 38 64 22 10 5 28 92 33 74 48 82 95 87 49 49 99 2 85 99 58 64 25 97 57 53 68 
67 75 37 85 31 45 72 30 55 70 12 86 69 75 85 39 95 28 96 28 86 53 14 99 49 23 32 62 19 86 14 18 61 46 77 49 13 84 7 20 57 78 41 20 83 72 39 57 31 54 
55 73 24 81 45 17 94 13 96 4 55 52 81 59 15 76 62 35 77 20 53 8 11 21 15 25 21 93 83 86 68 54 16 1 39 6 38 15 98 91 72 41 31 70 11 4 49 79 63 8 
5 61 13 88 78 46 59 88 5 52 73 52 22 55 68 49 21 69 72 79 12 3 56 39 56 38 52 5 69 87 73 69 93 29 35 6 99 36 97 50 8 18 7 94 77 30 8 45 24 67 
21 59 41 11 50 91 5 65 42 83 69 68 96 34 45 26 67 24 9 65 65 33 42 53 95 43 28 52 70 35 82 75 62 30 15 70 32 97 15 56 39 37 55 92 3 24 29 9 96 48 
16 45 83 59 68 63 91 47 43 57 75 46 15 76 8 86 49 40 38 95 19 99 97 3 50 39 62 27 6 44 61 11 86 14 4 84 64 18 27 88 98 14 23 61 7 19 43 21 59 23 
40 59 75 19 25 74 39 32 39 44 69 67 66 72 3 67 18 41 66 93 42 61 85 56 74 65 9 66 82 1 12 97 97 85 13 81 99 8 69 7 80 97 24 27 39 47 91 92 47 70 
84 43 14 3 60 6 74 70 88 73 91 94 26 20 27 63 27 74 61 81 39 29 97 67 15 56 65 37 56 74 89 54 74 72 2 22 13 24 94 93 83 10 63 25 55 5 81 88 13 58 
10 55 64 37 48 31 10 79 92 37 30 16 69 76 70 8 23 55 54 7 18 84 33 35 97 40 4 57 94 6 11 61 10 89 51 50 35 27 67 51 1 67 4 72 97 15 50 13 48 94 
87 61 54 20 80 5 30 5 22 33 75 94 19 78 12 70 13 94 26 49 16 77 33 75 3 67 48 9 78 45 66 22 9 35 4 27 91 93 36 12 75 66 81 69 78 92 17 75 58 19 
90 61 29 61 8 57 21 27 10 87 46 83 8 99 25 2 26 94 89 95 26 78 55 16 45 66 96 91 17 79 58 37 4 74 27 98 84 23 92 73 80 62 47 4 82 44 99 16 16 40 
38 28 65 20 55 41 66 22 57 13 87 98 79 27 83 70 57 66 16 97 47 5 85 46 63 75 99 61 44 42 28 12 65 94 39 72 83 42 93 7 45 90 50 95 15 67 59 93 51 93 
12 18 66 42 39 82 92 75 35 67 76 12 54 34 69 22 67 36 26 18 58 6 52 69 46 36 47 39 37 26 86 80 84 61 73 32 8 12 61 57 9 69 96 64 17 39 90 19 3 53 
92 14 30 25 39 44 37 49 77 59 52 58 29 92 98 94 79 30 73 98 81 13 71 23 76 67 8 76 49 46 37 85 46 15 30 6 55 48 11 15 72 11 29 73 34 71 12 17 17 32 
14 75 25 14 23 90 86 58 50 24 7 31 75 5 75 15 25 46 23 67 23 18 55 95 84 72 10 53 8 40 88 41 9 69 97 97 67 34 11 69 85 37 60 72 10 12 48 50 89 78 
41 22 48 13 80 84 87 58 62 56 58 39 7 85 94 51 67 68 44 6 96 52 53 55 95 58 91 23 33 57 59 78 67 63 41 54 4 68 68 50 44 51 52 78 26 41 81 38 7 66 
30 77 88 65 13 22 14 28 72 58 77 89 14 80 33 34 42 63 3 62 21 23 49 27 87 23 87 71 85 63 99 80 89 37 31 87 45 21 30 67 65 28 68 52 42 52 89 16 88 90 
87 72 1 70 24 77 89 59 36 28 41 12 24 64 29 83 13 83 90 18 44 25 97 45 86 66 65 98 84 58 78 93 58 96 30 9 34 68 87 11 81 75 93 31 90 17 6 29 49 67 
29 80 99 30 48 41 17 47 26 76 20 95 12 10 87 81 36 78 80 72 84 68 24 83 2 58 27 86 32 28 44 44 84 94 89 20 34 40 55 35 96 95 70 98 30 50 12 1 11 12 
41 75 77 52 86 84 84 13 88 15 65 39 17 4 78 6 44 56 35 72 84 78 6 71 70 33 27 98 88 94 85 85 35 93 7 86 80 23 57 85 31 25 95 83 14 64 86 84 4 75 
75 38 5 9 80 90 74 48 1 83 70 77 56 23 9 10 72 19 61 37 92 61 22 33 59 39 87 76 31 80 11 72 74 21 62 16 27 88 28 47 16 52 59 12 44 6 32 89 42 92 
36 47 69 20 92 49 16 75 44 61 85 58 49 40 32 66 47 73 53 44 29 3 18 48 70 20 37 71 23 54 9 90 86 86 58 73 49 50 14 39 4 17 97 82 62 91 79 58 42 44 
77 2 64 8 74 73 84 76 10 7 66 45 97 25 70 32 80 74 26 97 73 31 83 92 64 58 87 40 46 99 75 88 73 43 74 32 34 30 40 93 80 22 18 16 39 16 22 99 99 30 
71 45 56 28 98 50 86 99 28 42 36 24 44 15 44 87 31 34 43 62 39 86 45 13 91 96 65 26 91 90 25 82 74 31 79 73 25 63 71 62 53 10 8 8 64 10 75 24 65 72 
12 90 88 19 85 98 75 2 55 35 82 12 4 85 15 35 69 73 62 18 35 9 24 94 4 96 70 31 92 70 46 29 20 92 98 18 56 89 71 11 93 58 92 48 45 50 40 51 13 17 
23 59 94 72 67 59 26 18 32 50 79 66 1 71 27 47 60 51 41 6 53 73 98 93 76 85 98 41 42 77 67 5 46 76 71 45 18 37 47 20 99 20 30 94 28 60 32 97 98 24 
84 42 26 50 22 49 38 35 10 60 64 24 95 29 59 98 46 19 93 76 87 15 12 53 10 38 91 94 16 51 62 57 83 27 85 89 17 14 82 37 29 33 3 36 40 51 27 9 25 95 
30 38 29 26 61 24 19 9 49 81 17 66 68 91 59 4 56 92 72 4 40 68 26 57 61 53 65 98 65 8 96 61 50 38 32 42 71 38 31 11 60 47 70 91 12 73 10 76 41 44 
39 6 23 69 33 29 66 77 82 24 51 35 89 42 59 11 74 47 27 47 9 32 28 53 79 40 69 14 35 83 40 74 8 22 52 96 58 70 20 4 81 71 80 98 9 9 20 88 9 62 
40 5 75 57 75 12 12 73 23 1 77 26 4 37 91 93 36 87 74 10 65 57 88 93 21 68 49 73 91 72 5 15 24 25 8 36 99 1 78 22 82 46 76 97 59 71 18 49 96 77 
25 72 67 50 94 12 53 22 14 67 1 63 7 17 54 21 23 59 32 12 16 32 55 75 86 42 66 11 1 27 83 33 78 54 38 84 49 56 77 67 68 96 74 37 61 36 17 71 52 57 
86 36 2 88 71 96 22 28 9 60 53 83 93 42 6 83 98 8 24 56 44 80 73 46 24 98 87 63 33 34 28 83 66 46 83 28 50 60 34 64 21 35 75 80 19 82 70 53 39 16 
61 18 80 41 84 68 38 76 73 58 4 82 82 22 58 76 4 65 41 92 91 96 4 32 5 10 96 26 75 92 26 25 95 32 40 71 91 8 97 23 5 1 3 64 35 29 82 1 58 24 
48 38 18 84 67 9 28 72 72 39 21 39 31 14 99 10 86 57 73 87 88 51 9 2 58 76 55 20 44 50 16 9 89 86 2 7 15 43 74 34 38 9 97 5 31 65 67 91 50 44 
16 49 48 53 41 20 54 26 16 84 25 8 71 10 80 36 11 90 59 88 88 24 5 7 62 19 71 52 99 8 12 79 14 85 68 54 55 68 16 17 46 80 10 67 62 39 27 83 55 88 
95 94 50 96 6 22 75 66 74 48 21 13 21 35 83 92 93 53 84 67 12 96 27 39 84 6 40 16 52 8 33 7 18 56 45 41 44 86 83 47 24 80 48 90 84 86 4 76 5 44 
58 49 69 67 97 17 43 10 64 50 33 46 89 43 81 51 40 81 5 64 89 38 94 29 40 92 54 72 56 86 10 3 15 60 79 85 73 14 49 81 10 98 65 22 25 56 27 24 15 49 
65 33 1 88 14 83 4 34 29 31 33 20 41 7 71 2 56 29 69 77 6 45 8 31 31 34 82 35 45 21 98 1 2 82 24 65 29 51 42 60 72 3 56 89 42 39 65 87 51 80 
76 82 85 92 14 91 1 17 15 31 26 56 74 79 17 62 10 86 58 71 54 20 60 55 72 92 59 24 81 85 93 93 84 43 56 56 9 25 31 75 84 83 85 93 62 59 76 98 60 51 
82 26 35 48 23 87 70 50 62 83 67 78 46 90 13 92 42 18 69 2 29 74 3 85 78 20 22 41 10 82 37 51 97 22 1 3 5 35 36 66 87 60 31 98 61 25 95 15 77 27 
59 47 75 81 43 36 21 68 16 88 22 7 56 79 6 86 39 12 59 56 13 94 84 92 73 33 18 19 98 83 22 49 46 91 84 18 43 81 64 85 18 79 10 6 32 92 81 50 82 77 
30 10 15 53 82 49 38 64 22 56 55 25 75 12 24 27 42 70 36 20 30 45 62 71 78 8 18 59 15 64 42 62 81 77 84 69 78 28 90 81 15 17 88 55 54 16 19 23 35 5 
24 93 6 54 92 39 47 41 31 5 61 68 28 45 82 30 81 70 20 52 3 95 64 59 14 84 24 78 98 78 53 36 71 38 89 72 25 34 46 27 52 6 76 66 41 37 58 27 39 38 
36 66 84 28 93 61 1 97 1 44 92 54 39 49 46 69 71 90 80 42 36 98 24 60 24 7 36 27 74 42 60 41 65 28 5 91 75 85 84 99 13 87 78 1 50 1 51 62 33 48 
84 62 87 38 2 42 95 17 8 95 13 17 25 64 7 79 21 32 19 97 87 23 33 87 18 3 1 93 93 44 60 84 44 2 5 45 60 15 49 86 68 99 33 16 47 1 39 88 7 64 
42 83 7 86 96 12 79 40 45 67 9 69 54 91 68 80 64 94 27 56 37 48 8 58 1 29 70 37 78 47 71 44 93 70 7 82 79 53 16 10 57 26 58 31 50 6 1 80 91 36 
12 23 76 60 69 46 20 69 53 50 94 58 10 38 99 37 17 74 48 1 86 79 23 27 36 90 2 68 66 83 78 13 92 12 21 24 73 4 37 3 53 39 21 58 93 43 80 51 18 58 
15 40 84 19 63 72 62 80 66 51 26 71 28 84 95 62 22 53 96 55 20 41 5 5 33 8 30 36 67 6 73 95 96 2 92 62 67 9 90 38 52 70 1 55 57 60 70 99 95 36 
66 51 21 97 90 90 85 42 91 67 35 30 29 4 62 78 95 76 53 37 3 68 10 62 36 11 22 1 88 8 51 61 25 9 29 12 43 40 68 1 77 91 68 94 89 29 5 32 5 2 
16 12 19 23 93 39 23 42 38 97 87 59 75 69 33 75 85 18 16 29 93 4 53 63 71 12 7 47 65 33 12 79 13 89 19 9 36 68 97 10 17 65 41 46 95 77 32 14 80 70 
76 22 83 7 14 2 33 14 82 57 68 39 95 51 70 3 67 46 70 63 87 76 68 76 86 75 58 89 88 70 93 42 75 1 43 9 14 57 54 28 86 15 91 9 50 45 14 49 8 22 
53 5 53 38 39 25 83 17 91 47 84 4 7 36 92 48 41 7 37 89 80 45 16 98 11 91 48 59 46 46 22 39 9 31 66 88 88 77 64 70 79 18 41 60 18 91 45 6 13 48 
66 48 47 59 36 9 30 61 24 93 53 47 79 82 25 88 92 9 35 17 63 12 39 12 26 95 47 54 66 35 53 34 57 72 88 36 43 57 22 33 43 45 83 29 3 84 22 96 94 70 
16 27 28 99 15 2 36 68 54 62 10 81 61 27 61 46 75 47 91 34 97 38 14 71 93 50 3 77 1 19 86 64 70 8 69 75 86 78 51 93 10 98 53 93 81 65 12 14 31 39 
7 21 74 15 94 35 97 66 15 92 57 90 53 84 84 77 4 10 65 38 50 83 54 61 40 84 59 22 97 95 85 20 82 45 80 86 85 90 29 78 56 93 84 22 72 87 67 66 79 46 
2 45 80 96 33 67 23 73 91 49 50 41 94 73 33 8 37 47 79 19 11 8 90 29 98 16 51 96 38 67 64 26 95 24 22 32 52 18 85 11 53 98 68 29 85 17 15 28 9 26 
51 83 28 3 54 80 60 86 95 51 87 67 12 87 4 93 59 97 70 9 20 84 70 89 56 65 15 38 43 58 21 19 18 8 83 52 59 17 37 50 7 7 26 23 39 4 33 12 19 85 
18 6 19 14 83 43 19 95 82 64 97 86 8 68 36 49 94 75 12 35 15 67 83 87 46 21 93 60 68 18 20 46 57 37 23 72 73 4 57 86 78 80 37 64 39 67 72 89 34 75 
88 71 46 41 98 76 20 33 24 16 41 84 91 20 35 82 87 3 74 35 34 12 2 64 18 99 39 10 55 92 90 89 53 5 95 56 48 25 79 70 70 56 26 9 77 95 11 10 96 56 
3 61 30 70 80 33 89 42 1 94 96 20 81 5 87 28 23 63 58 42 65 44 95 95 15 10 13 79 26 86 54 96 98 56 95 61 58 25 7 92 98 14 53 47 86 21 81 75 71 2 
27 7 26 25 84 56 24 6 24 17 1 59 74 47 35 11 14 91 62 37 36 72 48 21 56 19 35 26 92 41 98 79 88 13 29 28 88 88 55 2 48 69 18 51 83 9 79 69 43 41 
37 21 46 74 51 29 34 2 78 81 93 97 38 27 29 65 51 87 29 39 85 11 12 18 98 13 38 77 65 44 61 62 40 53 28 44 48 81 95 55 97 92 60 73 76 73 73 38 41 60 
91 20 48 15 86 10 74 35 12 90 7 46 36 65 57 85 32 32 3 41 97 26 89 55 10 18 99 90 31 81 20 87 54 61 11 8 83 15 44 20 23 1 28 53 9 75 58 59 26 45 
99 64 95 92 1 38 26 8 53 90 14 88 45 60 82 6 85 43 4 67 28 85 70 69 67 13 3 12 82 31 42 21 80 4 15 36 77 23 1 70 65 69 11 44 15 74 75 47 33 21 
14 11 38 47 27 60 95 76 9 16 21 42 7 10 87 49 23 13 27 70 47 39 20 34 74 40 22 3 19 16 57 91 18 99 71 70 43 14 11 59 49 86 74 76 91 12 61 14 14 56 
50 70 20 4 76 12 38 99 58 50 69 67 58 23 18 43 67 14 71 37 3 95 94 43 48 42 58 74 39 51 72 81 11 86 7 51 84 68 85 38 73 86 81 32 33 17 71 87 48 31 
74 18 88 16 36 16 71 61 77 57 11 65 72 8 15 3 66 13 11 55 66 26 2 82 26 10 31 71 70 96 5 77 8 53 8 88 46 35 40 48 34 20 37 19 12 54 24 25 67 25 
81 9 19 90 49 88 74 67 62 60 51 32 10 74 51 45 21 14 81 10 89 68 53 90 14 64 56 5 45 80 70 93 57 12 52 77 87 94 45 51 32 60 20 20 27 83 62 81 73 52 
85 72 23 76 19 83 35 98 15 7 87 3 62 50 20 45 22 82 95 17 78 46 41 60 79 59 48 84 16 39 99 76 33 79 18 53 93 24 3 73 78 10 52 21 27 58 87 56 29 50 
7 69 28 54 99 13 33 92 21 99 53 26 61 68 35 1 91 78 87 52 61 70 27 10 56 51 69 99 64 3 58 3 42 99 45 89 37 36 18 77 25 73 38 79 98 69 20 36 13 37 
56 99 85 8 61 32 91 10 89 90 61 87 12 43 87 80 9 10 89 10 25 38 53 65 90 37 90 41 48 96 2 96 77 80 52 98 72 71 17 92 26 31 37 58 13 46 82 47 9 91 
61 87 59 94 47 66 44 84 55 60 4 99 64 52 39 89 12 11 91 23 57 86 41 56 44 46 87 56 80 82 17 39 46 5 76 89 74 39 65 45 82 15 87 47 78 88 61 26 68 3 
46 42 7 44 37 50 60 93 72 31 3 50 53 61 65 93 77 81 4 73 95 27 63 57 46 78 51 30 37 7 49 96 6 85 48 61 35 44 9 82 56 68 46 66 87 31 15 44 43 77 
81 55 22 35 57 73 16 76 59 77 24 73 31 53 91 11 70 45 49 49 51 72 70 30 98 57 29 93 22 37 19 47 35 74 83 80 31 84 46 49 12 36 13 57 53 40 85 94 26 50 
85 26 27 89 75 76 78 52 63 44 53 22 40 33 99 43 89 26 1 3 95 63 42 10 74 35 41 31 55 96 13 49 10 53 96 57 1 69 34 38 95 62 79 10 72 5 44 86 28 15 
81 21 38 32 79 93 40 35 41 47 17 67 16 11 31 40 16 88 3 40 14 99 46 69 83 59 1 54 3 23 90 50 57 84 67 83 39 68 41 10 31 69 98 91 21 81 79 58 9 86 
85 32 7 92 85 48 88 60 52 71 48 12 11 72 34 19 41 10 36 85 53 45 59 6 42 99 54 25 7 44 47 21 88 43 92 26 33 22 6 12 70 24 69 37 54 8 39 94 77 51 
25 38 74 27 22 28 47 78 80 8 37 39 66 15 61 29 72 25 84 7 37 39 57 33 54 4 25 88 93 45 41 94 53 65 63 46 69 29 41 7 47 82 62 83 32 30 58 32 59 7 
66 18 59 41 91 6 19 46 11 98 18 88 23 88 75 34 6 51 78 76 10 45 92 44 25 97 56 67 51 44 70 65 21 56 20 2 75 14 64 92 99 11 83 16 14 87 3 51 90 32 
73 86 37 73 94 57 77 79 23 58 43 7 48 4 2 16 4 84 33 75 4 59 97 96 61 2 81 91 31 71 25 88 92 98 84 96 73 91 44 37 48 32 92 8 48 92 74 73 77 6 
52 18 82 72 39 83 55 33 6 38 10 89 35 10 71 67 65 52 22 83 7 12 95 8 69 25 69 18 95 16 80 17 32 35 82 3 29 2 98 13 27 46 81 16 81 6 14 82 33 40 
64 53 91 80 69 9 69 70 51 80 91 24 59 93 70 32 6 37 8 3 60 39 5 74 44 55 37 51 82 66 35 80 25 49 8 20 32 73 68 92 24 78 34 12 40 27 52 12 55 98 
22 90 56 2 62 16 4 76 40 66 75 85 65 44 71 21 87 56 83 62 24 14 3 8 20 38 91 73 2 47 63 34 55 77 34 47 45 2 79 86 72 77 79 89 99 39 13 77 57 89 
85 16 21 73 74 26 61 85 26 82 96 95 42 46 75 42 87 75 80 24 36 63 49 83 46 48 55 66 60 92 50 7 7 60 53 80 12 45 24 73 24 41 62 64 12 93 65 79 32 47 
94 49 24 74 61 12 63 99 83 9 61 79 53 87 88 37 8 17 61 36 69 13 65 57 83 29 86 84 53 24 54 48 67 13 78 65 26 61 48 52 71 3 40 96 8 50 35 53 24 67 
52 10 20 44 31 2 15 24 25 59 69 47 93 97 9 58 86 78 70 95 68 3 69 44 23 91 21 9 73 67 93 23 97 38 28 31 65 39 31 61 51 54 23 12 5 75 88 29 15 82 
22 42 80 1 3 17 27 35 27 94 14 39 3 16 7 12 16 17 57 55 92 96 58 31 61 50 80 64 10 48 19 77 6 33 77 47 13 42 52 72 56 8 14 91 13 69 51 96 99 50 
29 78 44 41 60 54 16 78 77 18 58 23 7 34 42 17 72 89 28 14 57 26 23 92 59 71 59 88 7 24 52 46 39 62 54 66 73 97 92 56 2 39 55 87 35 80 45 26 61 65 
25 34 4 85 82 2 21 92 27 69 68 83 93 24 11 81 47 94 41 13 47 92 8 36 70 1 47 93 1 74 59 71 45 42 30 5 33 85 25 76 83 82 19 40 20 88 1 8 32 78 
56 81 8 31 61 22 9 11 46 14 3 33 2 66 24 42 18 95 71 42 28 1 35 69 76 2 59 44 1 83 33 34 72 26 14 28 31 33 13 12 58 56 57 8 84 37 20 60 25 83 
44 90 85 88 84 86 2 85 71 94 67 95 33 87 45 33 56 54 44 17 62 2 5 10 12 51 87 96 69 58 15 65 62 17 41 68 65 22 46 63 27 88 50 20 79 94 56 50 77 11 
23 47 10 45 66 6 64 53 15 40 8 1 58 19 19 73 34 25 63 34 79 99 66 56 59 2 7 18 15 11 58 23 20 41 6 3 92 97 79 12 82 26 13 45 27 95 79 95 31 3 
65 13 66 87 91 16 83 28 51 27 83 25 82 90 78 34 98 55 52 86 5 24 31 50 27 86 28 76 75 26 61 84 18 37 70 55 89 91 59 2 3 79 16 37 92 4 94 24 91 99 
5 96 40 12 6 32 20 16 94 6 26 99 24 64 96 43 84 90 3 65 95 88 62 28 91 3 62 55 13 79 49 57 25 74 38 43 60 12 29 24 44 85 69 67 88 29 96 33 8 4 
80 55 87 70 72 56 13 84 51 23 46 25 47 92 40 51 74 38 33 24 19 36 97 52 34 87 2 72 69 51 41 61 88 23 38 66 23 47 64 2 86 2 18 11 35 60 21 42 41 48 
32 45 15 55 6 11 25 61 77 53 46 21 52 48 39 98 51 74 8 27 89 51 9 9 9 30 37 62 95 31 45 97 48 52 69 86 79 86 66 82 41 22 11 50 98 75 99 57 95 55 
19 4 91 72 95 30 46 67 63 46 74 95 85 46 98 61 14 21 75 14 41 89 83 36 74 4 54 87 42 78 37 81 87 35 73 51 66 84 51 83 92 74 70 25 46 63 20 64 15 27 
47 13 95 61 72 11 85 49 4 31 93 12 40 95 21 63 21 17 27 39 35 94 67 1 36 33 18 12 78 7 59 51 64 45 48 27 77 37 30 32 90 55 35 87 40 67 95 61 60 27 
91 27 69 48 49 84 95 23 12 17 17 40 72 34 96 46 87 31 83 52 40 5 45 59 71 86 26 3 91 56 97 46 68 51 93 67 51 90 93 94 45 57 25 27 45 38 15 54 37 60 
35 44 92 73 36 6 60 69 88 21 68 68 32 48 33 66 4 41 26 34 86 80 64 27 73 29 93 62 20 97 77 17 59 88 3 51 29 55 84 40 33 64 91 94 6 84 93 81 33 8 
2 44 66 69 33 52 97 90 70 63 76 40 56 11 69 33 52 19 32 26 36 66 15 91 44 96 36 19 64 44 3 3 61 15 98 99 35 65 45 6 83 31 71 36 34 20 94 97 24 4 
68 65 42 54 20 27 34 8 37 66 53 76 3 14 86 29 74 99 45 37 4 55 30 44 34 66 78 78 12 4 64 60 5 53 40 24 9 74 8 45 44 68 49 25 7 89 2 5 52 40 
57 89 2 72 62 26 41 15 9 3 40 95 4 82 62 46 68 85 96 23 36 69 64 91 57 92 3 32 62 25 75 98 78 17 27 10 90 84 71 38 4 84 64 75 54 38 21 8 90 3 
41 21 29 25 45 92 75 3 43 11 76 82 92 47 22 2 98 77 79 39 50 9 30 27 97 88 67 31 74 3 71 8 49 52 64 38 22 91 33 18 75 86 42 26 58 19 39 99 58 55 
3 45 69 3 52 78 65 61 44 17 5 27 66 68 27 20 25 1 77 15 12 7 44 60 93 8 53 68 63 26 86 99 97 4 63 57 76 3 4 22 98 69 1 80 8 29 63 46 40 88 
93 29 36 68 47 4 45 93 87 83 57 38 79 67 61 65 53 14 2 47 24 88 63 96 11 79 61 73 99 25 18 47 66 79 41 1 53 93 72 90 15 71 1 96 77 1 4 22 26 98 
88 8 8 84 2 32 47 8 74 45 78 42 21 82 86 93 75 37 84 69 18 19 86 5 79 7 69 67 16 82 27 62 6 43 78 44 79 62 71 81 93 7 86 2 79 5 30 1 83 47 
99 89 25 72 53 99 1 85 93 62 8 13 40 99 85 30 81 82 12 43 43 52 43 71 5 70 50 9 23 75 96 26 30 29 54 51 60 27 92 80 50 57 69 37 61 22 81 67 39 58 
28 93 83 61 59 57 99 4 97 31 15 71 49 13 19 66 39 61 2 97 50 65 7 46 76 89 58 51 74 9 41 47 78 88 60 98 89 39 8 70 76 91 91 47 29 69 61 6 42 61 
53 26 17 92 11 7 80 41 1 35 30 66 76 40 5 79 90 29 18 55 55 9 58 11 93 33 68 86 78 27 76 26 15 24 84 61 57 16 80 87 10 33 14 20 72 33 30 73 51 67 
21 25 72 84 57 97 9 28 22 19 15 1 78 95 58 75 82 72 75 60 68 29 92 92 55 12 82 88 74 44 3 25 71 32 99 83 82 99 89 3 93 39 56 46 17 96 98 8 59 7 
57 71 32 83 6 84 70 98 43 17 11 34 87 68 73 18 53 37 1 43 56 92 10 71 27 47 82 83 78 50 66 12 19 98 41 88 64 17 7 82 78 55 52 56 83 5 35 8 78 8 
63 79 35 6 53 66 10 29 9 58 87 79 1 73 43 91 5 36 89 12 74 16 79 86 9 97 25 38 94 79 35 97 62 53 42 73 52 57 32 76 21 23 2 59 83 6 76 49 42 31 
66 95 13 77 32 13 74 92 64 17 68 67 45 80 90 2 45 91 64 96 58 60 77 76 78 15 73 32 28 15 34 83 6 57 94 7 88 93 14 24 33 33 28 82 85 59 95 81 43 64 
60 91 18 20 2 59 43 56 7 33 36 5 35 30 24 74 53 90 69 83 61 66 68 52 24 25 52 30 58 12 5 40 41 27 72 16 11 45 75 23 37 9 78 84 91 47 37 64 37 13 
23 94 17 76 64 69 3 24 7 10 3 52 59 66 83 17 18 88 1 66 94 63 58 2 7 92 72 5 33 1 30 20 80 56 64 42 77 12 59 97 20 89 79 96 31 25 32 71 45 23 
4 5 26 65 63 83 73 79 53 49 63 14 18 51 68 46 49 87 39 39 95 74 94 64 90 84 16 71 32 92 69 66 16 53 19 60 40 83 78 35 82 3 90 12 25 15 20 46 22 11 
10 31 18 14 81 30 32 47 74 5 72 33 23 57 37 44 20 14 64 68 66 37 35 33 50 64 22 19 45 69 29 99 56 8 36 13 45 76 58 50 52 89 42 72 86 43 89 16 82 71 
96 73 69 48 90 25 39 24 82 3 84 12 57 86 74 34 50 83 31 86 62 87 66 70 99 86 80 85 53 59 41 56 9 75 12 36 51 1 24 49 80 32 99 44 97 58 99 91 29 13 
61 54 37 56 97 81 73 40 89 65 43 16 96 96 23 10 31 9 53 13 48 41 17 94 83 65 1 25 10 84 45 47 63 25 40 9 83 15 81 34 72 28 83 17 85 23 2 55 59 36 
85 48 1 24 82 93 11 40 8 63 30 30 61 59 43 5 40 55 55 56 19 37 4 96 97 57 84 65 61 97 19 62 41 61 43 15 13 68 82 77 30 27 67 68 50 40 15 7 3 72 
68 8 33 12 11 70 49 23 53 60 24 84 84 91 32 97 80 67 44 14 46 39 63 83 81 13 78 45 46 47 6 32 71 37 72 24 61 31 67 24 42 32 52 13 17 31 24 25 30 68 
89 47 4 21 50 85 62 2 80 98 75 66 25 43 10 2 14 52 61 82 57 67 68 94 13 19 95 84 19 16 81 3 39 57 99 72 96 61 16 95 10 40 28 11 69 3 21 28 15 56 
24 75 93 98 39 79 75 71 96 22 58 99 81 56 99 96 91 31 16 66 83 78 33 81 69 20 58 75 15 92 74 66 51 90 43 42 25 57 92 49 13 13 50 73 11 60 71 91 61 22 
49 5 41 24 97 65 70 47 76 48 38 84 59 18 47 92 19 21 96 58 19 26 7 70 62 56 79 4 71 6 93 26 81 83 29 48 76 87 53 22 53 10 17 77 20 1 60 49 54 9 
27 23 40 60 30 23 94 34 37 39 82 82 10 8 67 6 4 38 51 50 9 81 46 79 97 21 62 16 4 74 98 75 29 69 16 65 43 25 9 90 77 13 14 14 66 5 37 81 71 47 
22 98 14 45 50 51 42 6 42 9 38 65 18 31 11 69 24 63 98 81 40 80 14 44 34 81 36 48 8 13 90 3 61 83 55 75 85 57 44 47 30 70 36 24 8 85 5 19 68 45 
67 94 89 26 51 18 44 75 52 76 76 61 53 88 83 68 53 20 51 80 87 5 22 1 59 51 75 87 27 98 40 20 76 99 97 10 97 56 71 48 20 43 73 21 51 26 14 42 8 29 
49 26 55 6 4 23 53 38 39 4 33 51 60 32 23 24 33 50 39 79 28 67 95 10 18 5 52 62 58 42 53 40 85 26 23 29 36 7 80 39 56 40 73 45 93 10 4 36 52 70 
12 61 67 20 72 51 53 68 91 71 6 23 33 2 73 74 95 75 97 87 97 24 31 40 10 17 80 15 50 37 54 31 52 71 48 64 93 26 23 5 53 66 98 39 49 97 35 61 98 79 
37 98 47 15 43 25 38 73 11 71 6 89 21 15 57 18 15 21 41 37 31 93 73 38 58 14 52 18 35 35 73 41 96 41 45 28 82 25 38 54 73 71 83 35 42 14 77 48 11 49 
74 40 94 54 23 44 51 35 41 20 78 76 4 66 51 10 69 26 34 54 58 86 36 73 98 30 26 88 27 93 16 3 39 62 36 70 23 89 88 6 13 2 6 33 18 67 98 98 64 33 
20 48 31 2 87 93 77 93 32 8 68 50 10 43 73 19 93 68 37 62 57 3 69 68 8 67 54 43 2 5 2 18 44 9 66 1 33 1 11 2 38 52 41 86 74 24 36 53 84 25 
22 45 8 88 84 57 52 51 10 72 43 58 23 6 88 34 77 83 8 61 5 71 40 23 5 21 25 22 92 52 31 33 36 81 74 32 61 19 22 65 81 92 65 73 62 51 53 5 14 47 
45 82 29 71 13 74 74 33 46 96 62 38 60 39 48 78 26 81 43 92 7 83 19 15 41 32 27 71 28 67 51 31 24 94 94 80 21 28 72 8 64 11 6 28 51 27 94 4 96 54 
39 28 66 93 45 28 61 78 29 22 79 92 27 65 24 20 63 98 10 77 58 1 63 99 59 83 38 50 99 34 90 93 35 62 24 68 9 39 76 8 55 93 2 58 95 37 60 61 22 73 
75 64 73 46 3 29 26 89 93 2 36 66 26 8 66 25 69 86 90 43 20 72 64 16 92 45 55 46 73 21 25 17 58 65 52 95 7 90 70 82 49 8 54 30 20 68 61 64 74 69 
85 54 25 58 72 57 69 18 14 82 34 96 30 94 67 92 82 29 23 22 49 90 29 36 97 42 93 8 79 15 48 10 13 85 22 12 29 59 40 20 86 34 44 78 2 93 19 12 94 29 
90 76 97 17 83 63 90 91 28 94 33 96 80 9 28 72 57 18 84 10 58 99 80 4 48 27 68 83 97 44 19 8 23 7 54 3 35 35 56 83 2 15 70 70 25 15 59 1 90 4 
74 33 11 19 5 52 99 69 8 26 2 4 29 39 30 4 12 19 64 14 56 14 26 60 88 50 10 25 46 18 10 47 77 33 83 31 11 36 92 20 96 92 63 73 61 57 47 88 4 22 
40 26 8 52 86 57 53 71 28 79 70 12 40 18 29 87 3 56 95 40 65 52 32 88 20 2 42 24 40 23 56 68 79 94 38 98 50 16 95 70 36 68 33 35 27 88 26 29 76 83 
39 44 31 31 28 62 27 83 66 24 64 16 81 60 87 54 66 46 6 82 28 85 41 6 35 21 17 4 50 18 83 33 39 85 57 19 57 39 84 54 24 21 44 69 80 21 94 24 34 62 
12 10 31 93 26 20 18 65 41 77 91 15 94 32 98 64 98 14 67 49 34 85 26 39 94 51 89 86 62 3 72 68 9 3 40 1 11 92 6 53 37 22 76 71 40 20 82 63 89 75 
93 38 87 86 60 86 63 73 66 65 76 85 56 63 9 15 32 20 91 24 68 1 2 5 1 45 81 42 49 7 75 42 55 98 67 55 99 16 90 59 78 42 80 14 92 95 45 42 34 28 
29 34 82 63 80 58 45 65 15 85 66 15 18 47 82 14 60 48 66 42 27 83 72 91 74 78 78 9 89 64 5 6 67 32 71 42 40 43 38 39 41 15 65 85 3 44 64 62 42 49 
34 20 71 5 74 93 45 87 83 67 2 88 34 23 20 66 88 93 27 68 38 65 25 59 42 92 48 93 68 47 28 21 6 70 1 81 69 99 79 92 53 21 29 70 89 39 9 4 49 85 