50 403
43 10 75 72 39 21 47 5 39 65 40 58 12 96 4 20 2 96 4 89 16 90 35 78 22 88 5 40 10 52 21 60 92 94 53 90 88 79 88 95 57 32 45 63 8 58 56 46 86 53 
10 54 93 48 27 46 95 48 72 83 1 59 21 69 89 11 58 32 40 62 41 28 64 81 27 52 76 34 90 68 69 27 9 22 38 40 6 53 46 77 17 68 36 71 49 33 23 74 48 75 
95 41 52 56 47 26 10 65 60 96 67 17 83 71 31 9 73 51 1 71 87 21 26 82 48 92 52 8 29 34 39 53 74 77 66 31 60 62 34 89 48 58 86 84 36 83 2 27 44 45 
47 45 5 23 91 52 81 22 42 96 61 91 5 85 69 8 94 69 44 86 38 92 93 39 5 85 61 74 98 41 4 6 9 84 25 90 55 58 92 24 39 44 32 1 39 21 4 25 87 52 
6 45 5 28 66 80 33 36 44 82 3 5 83 83 60 12 51 11 5 46 10 14 50 86 6 98 94 86 49 13 2 38 54 33 70 21 25 76 81 15 40 98 24 56 41 65 28 70 58 9 
73 20 92 84 27 60 24 58 8 26 61 77 48 39 86 4 18 78 38 78 41 93 59 58 43 83 49 76 50 97 76 35 19 63 79 94 19 90 3 83 94 32 33 12 66 78 11 82 40 84 
9 56 38 70 59 4 93 40 7 80 21 89 69 31 67 62 87 11 57 73 66 79 26 40 62 63 55 18 31 17 58 98 60 19 35 39 44 49 40 96 58 40 67 24 43 74 40 26 10 19 
7 42 33 91 87 51 50 82 31 57 84 63 93 60 62 95 64 13 60 30 59 52 49 56 84 49 40 16 10 7 9 52 31 65 58 76 41 26 82 11 55 24 59 6 63 9 69 42 21 3 
92 80 57 78 8 33 36 48 61 51 1 65 94 78 78 19 5 11 26 55 43 49 60 29 51 27 10 18 75 28 52 50 81 27 4 20 64 43 22 12 73 10 48 33 50 31 74 4 10 68 
63 10 93 74 65 37 84 65 30 33 77 12 2 84 87 27 76 38 62 86 7 52 52 59 73 95 74 71 66 37 97 98 95 67 84 58 53 31 34 71 81 14 1 38 77 60 98 98 27 90 
54 15 40 77 35 57 14 1 3 18 27 87 7 10 44 14 23 12 51 6 63 47 69 97 15 54 55 52 25 92 83 61 48 55 15 78 22 69 85 26 38 32 67 61 10 37 77 96 64 50 
91 19 45 95 38 86 13 55 38 66 13 11 74 61 1 99 61 17 45 46 40 96 9 78 22 23 73 82 61 57 27 10 18 72 26 4 34 16 69 13 17 33 9 84 18 33 12 61 87 78 
81 52 11 74 51 52 34 10 18 38 98 98 42 24 12 49 10 11 63 82 87 32 33 99 73 71 10 5 34 14 23 3 39 22 11 17 3 12 4 39 95 99 66 10 22 56 32 90 17 9 
56 96 52 75 58 90 75 2 5 35 74 24 28 34 56 59 41 25 64 97 30 45 91 40 51 1 91 48 68 17 51 13 69 23 87 28 62 46 25 93 74 16 97 99 46 54 23 16 85 67 
40 59 9 22 55 17 99 9 95 18 19 79 4 7 61 52 72 99 3 53 83 1 13 95 64 22 82 28 71 99 8 81 27 83 30 5 39 55 17 1 29 32 52 67 44 23 43 79 87 3 
47 33 61 42 29 58 57 78 20 92 7 44 27 60 74 79 86 46 86 90 53 60 43 34 14 12 88 74 9 98 71 44 38 8 64 51 14 34 20 3 8 11 62 84 90 16 23 53 4 88 
31 43 30 89 62 41 54 75 46 88 88 87 57 67 33 33 51 30 48 99 27 55 81 57 47 22 51 24 16 28 9 25 91 97 50 63 32 86 14 69 91 26 43 91 22 24 35 47 54 94 
78 53 78 50 85 59 73 76 80 23 82 17 63 44 28 66 47 84 40 9 55 59 90 76 75 46 15 84 19 23 74 57 90 28 98 39 72 93 72 34 60 48 5 54 10 98 53 49 56 9 
90 73 59 31 94 73 20 28 17 81 71 61 64 45 73 34 8 3 6 57 36 66 25 50 50 5 79 2 88 55 90 19 37 48 30 76 28 63 78 53 69 30 21 49 66 60 95 11 95 48 
52 45 37 65 99 6 95 2 32 22 23 2 47 16 97 50 96 57 67 61 61 79 66 50 75 24 20 46 66 77 70 90 57 83 13 49 55 57 76 59 17 73 12 80 28 75 62 76 64 68 
26 81 68 4 97 96 23 11 55 96 57 87 35 45 24 95 10 93 37 91 17 37 81 57 67 31 66 19 26 70 88 16 88 47 53 88 6 57 20 84 68 75 61 77 9 17 18 17 91 29 
48 24 31 29 13 83 25 90 47 37 7 23 24 88 93 89 21 79 37 86 51 3 19 87 79 1 49 68 19 56 25 29 66 47 28 86 76 29 94 48 53 9 12 43 37 45 86 23 37 22 
19 63 59 28 9 15 37 36 37 37 73 74 68 19 53 35 72 11 37 40 47 92 25 92 66 28 47 70 7 44 86 84 62 84 39 10 90 5 39 53 31 88 40 48 63 52 91 82 30 61 
8 98 69 62 29 99 73 7 95 18 17 59 42 20 31 79 40 58 96 13 23 75 11 43 88 32 1 42 20 23 49 84 39 85 28 99 81 74 35 84 17 90 5 82 84 47 11 38 62 53 
83 85 8 15 12 43 85 98 54 44 60 80 12 34 38 90 79 83 79 91 30 22 27 10 53 78 16 22 27 60 95 37 70 25 58 90 6 25 71 41 17 71 99 87 60 35 63 27 81 86 
43 2 85 69 7 18 94 86 67 20 80 76 61 7 4 79 81 31 72 84 8 64 67 94 28 41 73 20 43 33 34 65 58 35 41 52 74 4 41 64 20 66 48 96 98 97 6 72 53 5 
26 36 81 98 81 38 19 29 78 53 67 19 91 35 83 60 21 77 88 4 68 78 28 18 75 10 44 18 4 65 50 82 91 14 29 75 62 16 78 3 27 20 78 36 94 54 90 48 49 9 
89 77 47 57 22 97 68 44 47 42 85 40 94 94 46 57 42 36 78 44 87 95 25 55 22 82 96 38 97 31 61 48 35 72 39 1 42 93 45 59 60 1 32 29 38 78 39 13 34 64 
92 42 11 6 33 77 93 52 64 55 37 58 27 50 80 29 54 47 13 44 39 80 63 9 34 36 85 85 40 30 88 22 71 49 83 13 18 93 59 56 40 81 84 22 76 69 94 81 17 8 
66 87 29 32 48 15 89 75 1 25 36 11 85 86 88 13 63 84 43 76 27 6 47 53 21 81 63 13 26 72 23 56 59 80 40 48 78 73 99 21 3 32 20 48 10 31 32 15 51 51 
45 88 14 87 87 50 88 3 88 36 56 31 18 54 24 68 44 78 42 29 88 85 80 59 18 8 63 13 6 28 50 27 32 66 99 16 90 72 55 42 80 43 87 57 5 60 79 47 90 28 
17 68 30 20 4 81 62 67 69 39 32 29 66 46 50 72 83 36 24 73 86 37 72 14 40 13 98 3 96 62 92 48 62 84 48 46 90 8 18 23 12 15 78 71 62 89 58 96 5 78 
15 20 36 7 98 7 16 40 84 61 93 82 25 36 27 59 90 88 19 94 15 14 20 14 28 18 92 19 66 11 60 10 83 39 85 86 39 84 98 70 25 83 42 40 89 7 4 49 12 55 
88 52 11 58 95 53 81 76 77 62 18 77 92 98 71 55 56 28 87 38 59 65 13 21 53 98 68 10 70 11 38 88 68 13 65 81 12 63 77 56 1 6 3 34 36 58 49 20 89 78 
82 68 44 38 78 23 34 69 5 29 31 28 51 40 26 80 81 79 5 13 88 90 42 42 12 51 39 51 74 19 19 76 7 56 40 83 67 1 47 51 45 20 26 24 87 15 55 53 92 72 
80 16 42 99 26 83 30 84 11 57 13 51 90 74 17 10 48 71 89 9 64 40 13 33 20 95 37 48 51 44 88 23 72 14 69 14 70 44 55 28 2 10 95 4 93 30 59 41 5 86 
31 89 3 12 48 63 63 98 57 17 22 54 79 76 90 26 84 82 93 13 96 27 39 29 10 3 83 4 43 33 12 23 39 86 38 28 20 60 22 13 65 32 49 82 16 70 30 87 80 19 
8 25 23 70 15 94 64 94 38 57 15 8 26 99 66 46 53 97 7 53 46 84 1 38 98 79 27 93 29 57 4 26 3 57 20 5 5 40 2 38 31 35 93 41 3 92 18 10 95 69 
61 60 20 48 12 39 89 84 93 99 84 21 36 34 46 45 48 44 9 20 24 11 56 91 30 85 59 38 65 27 95 53 36 80 30 17 27 68 24 7 78 40 8 48 2 71 99 87 54 7 
31 19 2 30 52 3 86 16 63 15 98 86 49 48 54 81 23 17 51 24 68 37 9 7 37 59 26 34 19 83 28 32 2 43 23 52 87 37 28 46 54 57 93 33 69 29 63 14 44 73 
48 31 50 84 49 94 2 80 79 38 13 37 46 59 53 91 75 17 88 41 78 36 78 77 49 63 12 84 5 50 79 53 92 45 56 64 70 8 46 62 22 59 83 7 50 56 60 68 71 70 
65 25 21 65 2 74 65 85 4 32 86 55 22 8 4 8 1 14 15 2 40 80 45 5 9 92 58 23 93 69 6 95 91 30 68 69 71 41 8 93 63 2 11 13 95 33 30 42 34 8 
57 58 30 28 58 74 13 59 61 99 31 20 79 91 14 96 84 85 88 73 97 70 50 62 97 54 32 94 48 85 66 54 61 44 13 61 98 66 5 34 41 53 65 35 78 81 83 15 46 93 
34 61 67 8 90 55 64 49 87 95 76 62 40 71 88 38 54 31 47 87 36 11 75 68 55 14 90 87 37 44 39 43 46 65 38 1 79 11 99 89 33 34 56 65 66 99 8 63 71 85 
68 52 62 35 52 61 15 38 42 1 97 44 87 70 56 62 76 51 83 44 45 80 35 22 30 37 9 60 40 81 96 6 44 50 75 78 4 75 56 19 77 70 24 19 82 93 87 94 66 30 
58 33 1 7 24 94 92 28 96 33 64 32 49 58 71 43 76 42 72 49 58 39 2 43 59 62 8 73 98 40 40 15 65 81 79 77 73 9 57 6 55 98 50 58 88 63 24 80 12 91 
49 58 88 27 83 70 15 71 85 8 77 40 4 41 11 25 95 28 83 11 88 60 54 4 4 96 61 39 34 41 65 81 27 45 42 51 59 54 58 8 9 65 61 14 98 94 48 52 64 33 
9 25 98 99 74 50 59 63 68 56 85 57 51 81 37 14 95 97 90 72 94 20 3 36 5 60 95 2 78 69 33 26 49 37 50 69 10 75 27 65 32 59 77 55 6 51 89 25 4 29 
94 27 6 66 61 4 31 10 36 47 95 13 85 75 1 6 97 46 24 83 43 58 76 84 63 58 14 53 37 89 69 66 97 43 93 83 38 43 60 63 6 93 19 34 64 30 59 43 33 87 
5 40 81 19 2 88 24 11 14 93 46 31 54 71 90 25 6 1 91 82 70 17 40 87 56 66 98 57 15 76 37 51 98 46 47 2 89 14 65 45 74 80 59 44 13 29 37 57 70 62 
36 5 98 25 56 29 23 51 1 9 34 11 85 77 94 83 78 90 88 2 30 17 28 61 67 32 99 42 66 84 21 36 56 80 39 22 29 97 86 50 78 41 25 1 76 98 67 13 47 39 
55 18 86 94 68 14 99 60 76 6 62 76 87 89 86 79 35 79 26 80 91 2 85 1 69 30 99 53 8 33 85 38 18 81 41 30 38 34 55 36 98 1 96 50 65 55 69 44 72 32 
45 11 66 85 99 40 82 16 60 94 86 92 21 92 9 58 86 4 17 41 12 17 37 13 35 71 16 13 61 96 87 31 84 30 72 15 78 27 87 47 21 13 71 10 33 10 62 75 13 10 
58 99 77 98 29 75 29 1 19 64 70 68 93 59 88 1 14 11 27 89 4 10 45 47 20 61 44 47 13 77 7 20 43 31 75 16 20 41 57 77 75 50 46 22 55 94 36 16 86 43 
68 6 17 48 63 50 95 1 35 47 75 56 12 31 96 50 31 87 48 40 98 66 26 21 43 24 40 77 91 94 76 46 12 5 49 16 18 95 93 43 16 95 64 86 32 26 16 56 65 48 
5 30 47 54 76 13 87 51 97 75 32 49 21 64 63 65 78 5 56 29 86 26 40 28 96 21 47 32 2 49 71 27 44 17 54 93 65 70 46 71 76 80 91 36 16 97 63 58 71 73 
12 71 99 86 47 3 11 38 61 34 53 31 92 92 16 41 13 25 27 64 46 5 63 14 49 80 32 48 92 93 1 74 93 4 77 95 57 23 55 36 87 8 30 81 14 24 30 51 71 49 
26 76 56 10 34 31 89 57 95 90 53 76 81 16 30 65 2 32 74 62 57 84 69 17 93 30 92 93 62 16 44 33 79 6 29 69 44 9 86 92 69 2 21 51 6 14 60 38 80 8 
4 47 84 55 33 77 79 44 4 52 68 70 48 45 86 39 4 43 9 70 96 84 92 50 4 99 69 62 2 74 38 59 35 95 20 34 55 34 12 46 82 59 80 15 1 69 18 85 3 42 
56 29 98 26 59 87 41 62 2 11 64 27 81 99 99 12 75 73 9 14 20 99 84 73 93 47 95 25 1 5 79 48 8 10 86 78 74 91 22 38 80 5 70 18 48 92 26 5 92 64 
62 44 36 85 78 26 17 92 3 90 87 49 64 40 67 42 61 92 36 76 1 26 50 92 70 63 4 83 45 51 56 11 31 58 42 22 76 40 66 6 93 38 83 31 60 5 91 37 28 27 
75 64 10 33 55 70 25 73 20 71 80 64 57 59 28 20 62 93 95 17 12 30 13 87 81 57 29 32 11 17 43 67 6 44 93 60 95 13 55 58 21 48 71 45 70 4 97 49 68 48 
72 81 35 17 44 5 98 17 45 10 87 9 50 14 40 79 92 15 99 21 9 37 17 58 92 3 58 98 85 52 93 41 75 28 70 37 40 3 21 28 36 42 67 27 1 63 27 35 75 51 
36 14 49 13 19 78 99 20 30 71 31 73 67 22 74 99 52 44 89 75 57 79 33 40 38 12 67 69 16 29 4 30 4 13 99 24 8 52 60 12 73 28 69 23 47 63 69 29 12 27 
31 91 19 35 80 65 65 26 77 39 22 45 52 28 23 36 95 58 37 31 97 89 42 18 38 49 28 19 90 47 57 92 70 74 84 36 40 49 68 43 45 11 43 50 95 59 1 3 13 59 
86 86 7 52 11 55 33 80 37 88 84 26 36 49 57 23 47 9 92 88 70 1 75 37 38 74 48 68 59 6 55 73 41 95 92 37 33 64 64 90 14 9 25 98 51 73 38 69 7 46 
10 32 28 34 82 72 21 88 17 30 8 37 71 62 70 60 7 91 60 95 24 96 37 27 4 96 23 45 96 98 81 52 75 13 40 36 86 61 11 23 8 4 22 6 24 6 50 14 78 60 
19 6 89 22 58 21 80 84 78 88 83 67 20 8 28 42 49 1 79 54 3 49 91 84 9 72 41 55 21 26 79 34 48 21 17 94 74 19 23 4 62 45 5 67 98 92 47 60 90 71 
95 54 31 64 14 80 52 81 76 5 98 52 49 15 1 72 5 39 58 40 19 40 16 19 44 42 16 50 55 14 18 70 12 44 97 53 60 99 72 51 9 28 54 54 64 72 65 27 43 22 
73 71 78 42 80 88 46 5 23 68 51 42 30 27 33 12 77 53 94 1 3 80 24 34 54 48 40 73 7 98 95 36 45 18 70 34 90 2 29 81 28 5 40 10 8 98 12 51 3 79 
43 33 1 25 58 55 91 25 25 82 77 50 59 20 14 68 95 85 25 56 17 77 19 64 75 34 24 68 64 11 27 61 93 37 87 32 38 85 30 60 77 15 6 29 58 65 80 47 5 76 
44 59 20 52 12 20 6 60 16 40 5 27 19 33 53 57 11 37 75 31 75 98 20 11 75 37 51 84 28 74 16 35 15 58 8 69 53 29 10 66 13 31 33 10 86 95 65 73 21 5 
37 32 95 2 90 82 32 5 23 22 16 83 81 72 12 94 59 88 52 54 5 16 81 26 9 10 4 58 57 18 98 28 45 91 2 14 12 12 12 3 45 87 32 16 51 26 99 49 54 34 
22 42 14 26 27 98 68 94 90 46 34 34 92 30 47 63 24 11 98 27 87 45 31 26 2 11 57 89 8 19 67 97 40 37 47 62 38 12 92 71 61 7 59 69 14 17 76 43 1 49 
61 77 15 97 90 2 38 84 2 50 46 67 69 45 95 11 14 78 70 95 47 22 62 59 56 91 2 5 70 26 25 68 73 67 44 14 40 7 78 80 97 68 54 58 78 67 44 60 12 85 
33 11 1 58 51 56 97 39 56 34 84 49 45 5 24 42 21 10 74 8 69 98 23 83 64 72 93 20 1 34 69 51 52 57 77 66 90 59 83 45 85 73 62 4 57 95 9 60 18 73 
39 5 53 4 53 18 15 9 69 40 36 4 1 66 72 72 33 64 66 23 20 2 69 70 48 50 12 70 61 16 94 38 49 85 19 17 11 68 15 88 83 49 6 71 24 38 84 19 98 66 
63 76 73 88 58 46 79 17 86 47 88 15 58 57 64 24 92 69 83 87 8 71 67 97 35 6 13 13 78 4 16 72 63 24 30 73 52 69 88 97 97 20 44 95 31 16 6 54 35 60 
35 59 91 4 71 88 23 83 39 94 15 32 46 23 82 86 40 65 40 52 15 36 98 98 47 12 69 40 35 74 75 59 70 66 32 87 48 78 83 65 57 12 66 93 5 25 21 6 81 13 
77 77 55 18 87 28 5 85 6 48 39 79 34 40 94 65 37 27 26 1 42 68 83 14 68 54 11 82 55 87 60 83 14 69 96 50 65 25 34 3 25 54 32 5 34 84 92 92 18 60 
76 4 25 47 70 72 92 66 28 14 53 50 17 26 8 54 84 59 78 4 8 63 67 52 13 38 15 31 53 83 37 12 3 10 65 55 60 86 6 14 40 46 30 81 77 51 85 33 84 89 
28 61 17 99 34 32 61 91 65 91 9 37 74 45 90 50 49 30 63 79 53 88 28 72 26 66 20 37 99 20 54 85 18 34 28 70 59 89 87 44 63 25 33 41 81 10 1 94 69 91 
43 35 68 90 23 38 53 7 14 12 80 50 40 75 92 12 14 5 68 40 54 52 15 73 85 42 92 69 87 41 86 92 18 67 67 81 49 96 6 23 48 37 54 43 75 3 31 70 23 40 
9 37 69 19 77 85 89 73 67 52 34 32 35 55 62 47 11 66 84 20 36 41 38 96 43 10 55 41 64 98 88 73 11 33 27 14 89 86 46 60 18 75 8 80 33 60 48 52 56 27 
10 13 83 45 45 25 17 82 51 79 32 42 63 51 69 30 81 8 94 22 95 51 89 9 59 85 69 99 46 12 89 87 72 68 9 43 47 53 89 60 50 61 53 62 37 29 16 1 57 45 
51 59 86 27 30 62 89 47 63 37 63 10 42 90 38 76 82 93 10 98 34 6 58 64 61 52 45 62 45 23 37 99 38 87 13 32 98 80 64 13 72 1 11 51 84 8 18 31 29 85 
6 83 31 59 27 92 84 38 10 98 35 52 57 5 25 78 56 21 19 27 27 87 26 82 49 96 32 51 21 41 19 69 70 47 96 3 78 47 60 44 73 31 48 58 92 24 37 81 87 88 
29 24 58 35 36 10 32 77 81 58 80 41 88 37 75 64 70 22 70 47 35 95 67 23 62 98 71 60 55 35 5 69 8 48 88 72 75 75 48 35 43 11 85 65 75 15 8 22 98 75 
92 61 13 99 98 50 49 86 40 49 45 67 68 4 95 98 19 6 32 27 39 54 26 5 64 97 27 27 25 85 68 43 14 95 5 46 65 57 46 14 64 92 65 77 44 75 62 50 99 18 
30 41 19 2 89 54 22 18 72 87 74 57 52 85 29 86 68 91 41 82 58 75 57 91 84 71 4 13 30 17 11 29 64 84 64 40 74 89 9 60 61 79 58 11 69 54 41 71 30 31 
47 45 87 28 81 87 28 51 53 57 74 47 41 83 75 92 63 14 56 32 17 94 40 30 76 73 44 44 54 6 1 57 86 13 25 38 38 84 38 94 51 71 15 13 73 51 49 34 68 27 
96 3 53 83 93 29 41 56 49 72 36 90 54 56 13 99 33 85 61 19 2 12 11 57 56 82 7 46 2 6 30 29 87 72 81 75 41 9 25 29 58 62 70 89 40 77 71 24 93 27 
38 71 64 35 94 70 98 24 60 6 5 21 46 36 23 87 94 44 36 15 2 14 33 46 76 2 17 63 13 3 92 90 48 95 31 99 22 95 17 62 29 17 29 53 21 21 17 81 1 14 
37 76 31 67 60 92 20 13 39 14 29 41 74 77 22 39 62 62 14 1 50 86 62 9 64 15 83 59 40 62 21 93 28 82 10 20 46 42 74 66 51 66 63 57 87 69 90 57 50 55 
90 29 43 86 53 69 93 28 73 88 99 62 23 81 24 27 18 38 34 58 56 60 91 77 69 64 87 91 95 66 59 44 49 15 2 6 1 27 64 1 89 1 19 95 46 56 41 9 53 92 
60 80 37 60 9 69 80 31 26 51 6 38 48 63 24 44 51 45 30 40 72 78 37 38 47 99 99 4 37 26 92 14 44 77 2 15 97 47 75 87 81 21 50 98 64 33 28 64 35 79 
10 74 98 13 42 71 48 45 35 92 35 43 39 51 34 76 89 76 9 65 91 70 72 23 60 94 20 31 33 43 59 31 70 33 80 61 53 7 60 8 36 50 67 58 12 62 95 67 80 63 
91 73 90 18 23 96 4 35 61 95 28 66 99 40 74 45 21 27 34 71 42 4 2 88 86 30 90 95 23 86 75 27 15 73 83 75 60 34 47 36 46 85 90 81 50 40 63 96 79 95 
82 91 15 54 46 44 45 96 24 18 54 51 17 18 19 60 34 1 99 30 53 15 44 12 71 1 97 49 25 12 19 61 40 6 8 19 92 68 87 24 93 80 43 89 14 83 81 34 28 1 
35 95 18 64 37 16 76 2 44 90 15 53 93 86 47 46 42 49 22 74 70 23 46 11 13 9 19 75 33 50 67 9 61 10 81 39 54 22 34 57 75 6 86 15 5 74 43 53 78 7 
44 99 82 9 36 98 87 74 97 75 16 21 65 68 73 36 83 6 13 77 84 76 89 73 63 71 29 2 54 16 12 20 91 35 25 55 66 99 75 94 4 51 90 42 38 19 21 89 21 90 
12 46 20 34 80 11 10 69 61 94 46 63 28 21 50 11 71 11 56 47 29 35 92 12 61 96 2 91 23 30 88 22 96 56 87 11 5 15 35 71 66 59 30 37 70 66 29 7 5 92 
35 94 64 99 79 6 32 60 13 16 26 24 66 83 62 87 15 9 94 70 20 22 77 48 86 56 13 90 69 65 66 86 74 65 90 92 31 53 12 30 59 73 42 96 96 83 74 25 70 92 
32 57 96 51 3 23 13 32 64 31 55 13 81 15 16 26 41 28 17 63 39 2 59 30 94 79 87 1 73 26 16 59 99 33 17 22 11 37 67 97 1 62 65 17 73 83 35 52 19 19 
50 74 74 70 2 29 79 82 67 95 23 32 2 70 63 29 24 26 98 72 4 59 69 17 30 34 79 15 89 34 71 30 51 12 84 72 69 33 85 7 21 28 74 26 35 81 97 99 50 45 
82 48 77 68 65 70 7 37 8 48 57 58 25 59 1 74 78 13 33 69 66 14 11 93 76 53 69 62 78 41 9 46 66 88 33 1 61 64 90 96 36 23 40 84 32 37 13 30 62 93 
67 2 33 95 58 43 7 40 74 80 68 77 43 9 7 18 23 3 39 73 9 32 66 83 58 30 47 1 79 54 40 53 86 75 73 67 59 29 45 90 89 48 79 31 32 14 97 82 8 98 
53 85 31 58 10 58 82 59 57 52 9 4 55 73 38 95 12 67 77 57 85 64 33 44 48 25 99 76 54 72 97 20 47 92 71 96 46 10 73 29 71 22 68 28 38 91 43 24 78 32 
20 89 51 40 2 91 71 22 79 75 10 25 45 23 12 68 46 15 90 7 26 98 20 31 40 67 69 72 33 90 32 25 30 70 20 63 47 42 24 77 35 41 79 86 43 91 22 45 76 44 
76 20 13 98 86 46 96 41 22 39 17 44 68 4 48 46 37 77 73 54 47 83 86 23 42 92 65 78 81 78 41 99 75 44 17 62 27 81 66 72 54 94 23 23 35 98 11 70 34 44 
10 16 26 76 42 8 72 88 88 25 30 57 86 79 3 94 30 29 81 24 51 17 76 41 50 65 13 75 21 61 56 48 59 80 24 66 15 61 62 69 69 36 94 87 47 60 22 82 78 31 
83 54 26 62 20 4 77 76 69 41 42 42 52 10 85 34 33 21 31 80 65 93 11 92 79 98 13 44 48 72 42 18 9 13 70 68 3 92 97 84 30 59 82 40 16 64 71 40 44 87 
57 60 29 13 43 10 26 66 88 73 45 1 81 34 11 74 70 84 56 20 47 51 63 54 30 21 79 28 4 62 98 25 41 38 72 35 69 68 8 66 42 3 15 52 17 34 8 70 8 6 
86 59 31 27 89 78 16 34 48 41 13 92 37 33 18 39 35 98 93 99 1 90 31 42 12 94 83 37 76 1 88 84 5 12 24 46 27 48 85 58 52 95 19 59 66 5 80 1 19 68 
52 48 34 94 57 99 49 93 30 90 1 83 34 67 53 74 55 31 48 25 99 40 3 17 25 31 75 93 18 89 61 38 1 73 37 34 68 3 8 89 24 7 36 39 52 22 54 14 75 9 
98 77 73 36 73 66 97 11 96 90 19 83 87 56 60 48 30 92 22 52 61 5 6 38 29 1 19 76 84 38 50 95 8 10 96 73 28 34 1 65 7 80 86 93 65 43 75 81 52 60 
84 69 77 33 85 47 58 67 11 32 82 9 39 28 53 47 46 14 6 84 39 3 69 76 84 59 31 34 68 75 63 83 46 15 94 26 55 1 26 67 7 5 39 91 71 37 46 16 37 96 
18 49 49 59 81 18 93 49 62 28 19 90 62 15 86 98 21 5 52 54 14 23 78 72 19 85 63 47 82 17 38 30 42 60 38 20 39 86 22 15 42 78 27 98 54 54 31 10 24 27 
35 69 82 76 70 16 86 67 53 44 13 43 45 70 41 69 27 31 4 90 10 53 53 75 80 38 1 75 87 84 13 45 78 7 16 84 76 13 82 78 74 83 54 10 31 39 45 25 22 16 
18 14 95 24 44 87 65 45 90 34 69 23 60 75 45 25 28 29 42 79 38 80 46 45 37 83 59 78 41 65 80 15 66 46 11 70 54 26 47 5 3 29 61 62 14 62 32 96 54 40 
24 42 41 50 12 42 9 51 13 19 61 62 99 74 16 46 89 31 28 29 46 50 68 23 32 83 19 56 34 84 72 4 78 11 53 38 29 93 18 67 38 86 16 41 74 88 17 93 41 29 
45 81 47 45 4 63 2 3 60 56 10 13 23 92 71 87 39 47 45 82 70 34 16 69 90 72 41 26 78 5 31 13 91 80 39 74 25 94 21 65 36 39 53 13 60 28 76 89 15 3 
36 26 42 47 12 85 43 58 37 99 27 21 79 14 4 31 99 63 57 25 83 89 88 68 73 58 12 91 33 70 68 12 77 90 30 13 16 48 94 39 1 93 19 39 15 15 34 66 49 5 
82 49 96 61 41 93 34 44 77 10 81 16 29 23 1 33 89 17 51 5 58 6 57 10 41 1 40 23 20 70 43 44 6 91 69 35 8 81 29 32 69 5 68 69 25 82 91 29 86 14 
47 36 43 62 52 91 9 62 13 43 35 95 44 59 44 32 97 66 48 80 88 63 32 90 24 52 28 84 42 61 52 36 70 46 77 58 97 37 53 3 23 82 54 57 78 85 25 33 42 76 
20 39 82 94 38 79 75 23 86 43 54 63 4 2 81 69 64 90 92 11 16 97 86 9 71 77 82 13 60 73 7 96 2 41 41 22 89 94 35 68 95 27 13 2 37 91 44 39 63 96 
82 78 38 76 70 71 37 41 62 92 66 76 44 9 12 40 36 99 49 28 16 82 22 57 59 25 28 50 78 52 78 99 90 49 58 14 45 1 18 69 75 12 91 36 6 31 3 78 8 96 
89 34 84 41 54 87 37 68 72 33 73 72 64 99 90 95 79 32 77 13 48 44 66 83 85 30 65 87 60 82 81 73 69 45 26 50 85 39 91 37 95 63 32 21 38 36 18 85 55 42 
27 27 7 65 37 2 71 28 10 11 48 6 39 6 56 90 49 70 51 78 28 14 75 60 43 2 16 21 10 4 56 41 30 92 14 56 77 43 64 10 19 20 53 11 20 96 1 52 45 39 
37 41 92 47 25 91 64 93 59 60 63 76 19 85 52 94 33 95 63 25 59 90 66 29 36 28 60 96 5 75 49 3 78 97 28 29 89 40 27 4 59 82 29 92 76 63 28 94 96 12 
87 94 27 91 43 61 86 99 99 39 44 7 22 31 49 18 47 7 80 5 51 83 12 80 35 37 84 83 49 88 9 65 75 90 16 37 96 77 28 2 16 43 13 72 84 65 2 98 29 55 
3 70 64 96 76 64 10 19 59 98 61 77 87 51 53 9 92 50 84 80 81 10 22 36 38 5 16 79 9 94 28 77 88 31 2 80 25 98 36 71 42 67 40 37 87 6 61 38 18 83 
30 36 1 69 56 30 49 27 99 3 50 83 70 99 45 17 63 78 90 99 27 93 70 19 14 71 21 63 8 6 39 86 62 40 92 38 48 63 30 66 74 57 13 36 19 43 65 89 9 41 
1 54 56 98 12 96 75 84 7 48 22 96 4 58 92 62 99 60 71 50 90 84 61 18 60 77 8 15 50 71 54 23 62 8 89 51 77 13 90 88 24 58 99 45 1 56 25 82 47 63 
52 18 3 50 88 4 37 34 4 37 11 98 70 5 40 70 34 18 31 80 3 12 93 39 63 60 85 79 83 70 43 7 52 49 89 7 53 22 68 56 89 83 84 74 66 10 77 59 97 40 
56 64 74 90 16 76 70 61 28 41 27 54 57 88 32 6 15 76 45 51 49 49 4 58 33 65 71 73 14 31 63 8 46 58 98 19 4 87 6 55 10 17 61 16 41 61 58 13 86 72 
2 72 11 45 15 81 81 13 1 64 68 78 33 13 70 98 12 8 3 58 83 46 15 39 35 18 43 30 96 38 98 12 35 51 85 4 35 52 42 12 25 48 74 31 92 58 26 80 30 93 
53 75 67 46 95 88 98 8 44 20 57 20 49 5 14 66 69 60 10 74 12 73 49 22 85 92 77 75 58 34 95 29 36 54 82 80 87 86 8 64 6 92 55 33 79 13 99 13 33 44 
30 67 87 23 4 7 75 42 72 84 43 57 2 78 39 74 90 56 17 24 63 39 62 42 48 66 1 51 97 92 78 78 34 3 5 95 11 3 11 96 36 2 99 40 12 84 73 92 65 31 
54 34 51 87 36 69 70 30 46 38 61 88 37 10 7 61 66 25 78 66 93 63 16 32 50 24 33 58 90 77 29 99 34 97 33 77 88 36 26 83 87 99 51 36 79 69 21 68 26 47 
32 17 56 81 69 89 75 56 20 69 23 33 98 88 24 91 99 56 75 83 89 11 79 72 90 58 42 4 34 78 36 97 17 29 3 20 86 93 43 41 28 41 49 98 83 26 93 37 2 55 
53 10 98 94 76 67 93 99 76 91 42 10 67 72 4 72 75 23 56 64 52 32 73 79 97 9 39 61 48 33 85 27 71 70 73 18 30 51 92 54 27 68 16 40 83 33 56 14 13 53 
60 99 46 75 67 82 74 1 39 2 64 95 48 90 99 10 26 31 3 4 47 96 20 4 43 36 34 70 97 86 34 22 7 96 14 83 61 81 90 76 16 46 74 29 24 33 8 54 88 59 
13 29 70 33 61 77 33 60 74 50 69 63 96 26 57 98 9 80 74 42 60 10 67 80 76 78 54 48 48 69 62 60 36 51 30 87 5 53 11 50 24 69 56 94 93 49 89 13 97 12 
15 13 19 28 77 70 26 7 60 17 11 1 11 32 27 51 38 53 59 19 65 53 91 34 53 88 88 67 93 25 55 73 74 73 85 12 97 22 77 45 7 68 34 63 8 20 95 13 66 99 
82 88 44 42 57 64 22 50 67 6 17 79 69 96 44 26 25 18 87 4 87 18 42 71 11 46 65 18 52 74 94 24 27 93 69 61 16 30 35 87 62 41 13 64 24 95 7 5 34 94 
19 51 21 15 14 98 9 58 88 45 77 42 4 73 31 75 44 29 92 21 22 98 74 41 4 3 37 79 72 55 41 88 56 3 56 44 80 77 41 73 82 68 3 17 9 62 33 65 37 98 
11 97 45 2 23 90 58 10 87 39 88 28 64 29 72 65 83 65 53 74 62 5 27 12 49 38 6 90 19 41 11 47 8 26 56 13 6 73 45 21 5 52 82 22 4 15 14 86 49 86 
68 82 51 71 75 63 13 72 13 95 69 2 23 43 27 4 58 4 83 98 27 53 77 53 21 78 14 10 40 74 88 11 66 36 18 55 80 48 20 77 6 76 48 14 49 69 75 26 8 46 
75 35 95 81 82 62 44 57 4 74 82 23 74 48 33 8 41 59 92 41 42 40 87 64 79 36 16 14 8 62 92 32 85 55 77 35 56 26 21 28 18 7 22 83 82 13 19 63 28 25 
58 76 24 17 14 39 89 57 17 80 71 81 38 17 36 96 6 6 29 77 92 67 58 35 6 47 24 69 76 5 5 24 2 5 40 35 85 31 14 33 68 57 88 70 13 79 49 18 71 15 
20 65 91 15 67 12 21 83 85 20 16 78 25 6 14 67 76 21 89 80 21 38 95 20 43 12 12 69 69 33 42 9 18 10 2 55 54 81 26 6 89 98 29 61 9 61 75 11 85 66 
1 21 71 84 22 21 62 80 36 39 26 69 77 45 96 33 82 94 91 72 30 66 79 85 7 96 44 22 97 55 64 52 18 73 96 32 34 19 68 82 97 86 76 72 64 8 23 25 9 20 
16 41 64 92 80 29 84 79 38 80 21 27 30 13 87 85 82 89 90 36 11 55 28 15 55 11 64 68 48 60 29 96 79 58 70 89 67 25 94 22 55 26 12 46 69 31 72 21 76 66 
31 4 84 57 95 55 79 91 78 90 92 67 92 63 49 77 4 40 9 51 50 76 8 86 33 21 80 39 30 47 45 87 28 6 7 42 16 53 53 97 2 70 50 49 44 53 18 10 23 70 
55 50 95 22 65 82 77 24 57 86 32 46 76 43 10 89 49 61 13 83 4 20 33 79 93 22 20 15 72 73 57 38 41 29 37 75 13 36 24 2 48 52 16 50 85 54 51 80 54 21 
77 18 65 78 55 42 90 95 64 14 4 29 2 81 96 32 81 41 93 64 82 33 28 4 7 43 93 2 60 63 68 31 41 21 88 58 99 49 22 89 9 44 45 49 69 48 61 34 85 59 
31 28 70 64 78 56 93 7 58 11 33 35 99 98 22 16 84 6 13 68 65 86 26 36 59 6 70 66 24 78 88 28 29 92 53 54 39 17 69 57 64 18 67 69 10 13 69 16 37 92 
2 47 98 96 11 41 71 65 5 47 84 84 88 7 98 36 72 6 96 52 57 81 51 20 51 42 4 34 67 22 16 30 10 42 30 76 5 54 17 10 29 77 9 1 18 14 26 51 73 3 
11 71 55 74 78 66 16 76 48 82 57 1 54 66 99 20 19 47 13 40 56 80 16 48 89 95 45 72 3 18 24 20 71 95 36 8 98 46 62 97 10 1 79 91 11 71 37 36 98 80 
64 82 60 95 23 56 77 28 79 58 3 63 21 99 28 92 7 90 82 73 9 13 91 32 26 31 94 94 91 35 71 98 43 62 76 77 83 71 74 25 57 1 92 68 91 82 8 9 74 51 
39 46 15 11 12 52 70 24 6 31 30 21 99 39 44 75 35 82 56 71 48 49 43 2 92 75 80 41 13 16 85 70 44 86 55 48 85 54 1 88 89 80 57 18 68 58 21 1 14 21 
21 76 48 80 6 42 41 8 13 25 61 89 59 4 57 97 24 24 62 58 39 80 54 32 18 33 99 93 68 28 5 57 36 67 63 40 29 43 77 17 8 62 55 63 9 50 16 52 97 1 
51 94 53 15 84 64 85 38 28 65 21 13 9 55 57 51 88 75 73 60 3 93 30 37 32 74 16 90 26 35 33 99 81 85 43 99 96 51 82 94 93 42 4 14 22 73 38 53 26 49 
26 2 12 51 75 45 61 90 8 6 25 21 19 34 92 31 79 38 51 5 61 51 61 40 44 65 69 25 30 16 59 68 66 40 69 52 73 15 26 29 94 37 85 20 97 39 49 64 28 75 
40 17 35 67 75 35 77 46 85 60 29 34 97 57 74 5 45 86 75 43 52 60 6 31 96 67 1 4 17 67 63 35 87 4 81 65 39 38 77 92 31 89 50 95 64 59 89 13 4 5 
90 15 7 3 79 93 40 43 28 90 29 59 20 67 71 71 71 11 51 89 83 59 15 27 61 65 72 36 90 64 81 16 20 68 91 80 52 83 78 1 52 44 40 97 10 1 29 36 49 99 
70 83 93 18 54 56 14 29 52 8 65 63 71 7 14 74 5 35 2 20 3 57 38 33 3 85 23 75 53 13 53 97 16 88 12 14 16 27 76 27 7 19 41 46 16 94 27 65 63 74 
6 81 1 11 43 55 98 22 30 77 89 43 20 22 47 14 75 60 92 87 46 12 54 9 36 31 3 17 42 7 12 3 99 97 12 47 95 16 46 49 9 69 38 17 10 79 28 65 22 15 
42 24 92 47 10 57 11 56 63 90 51 84 92 49 73 92 32 9 44 23 76 40 86 55 57 60 38 15 94 23 82 7 3 65 16 30 79 7 48 37 87 39 60 43 63 98 90 94 15 76 
11 19 34 52 34 69 81 15 75 59 92 46 44 70 92 7 31 38 17 4 57 36 77 67 50 44 69 10 61 15 51 12 71 26 64 4 14 82 43 86 26 78 25 18 40 49 43 80 8 93 
97 93 47 26 8 34 16 18 10 90 57 35 85 65 41 9 44 97 4 23 32 97 49 68 63 6 54 25 90 53 42 8 17 23 77 42 77 62 58 50 20 96 41 5 13 99 71 13 86 45 
32 44 27 23 90 31 44 80 71 79 46 83 4 94 70 13 68 5 31 73 48 20 64 45 78 90 65 52 50 79 22 25 70 18 39 6 82 3 74 53 79 66 43 76 68 20 91 14 73 7 
31 75 21 76 2 51 84 94 82 34 77 11 31 12 53 32 37 51 88 10 5 29 33 43 99 24 62 53 88 48 49 83 59 74 11 77 44 50 90 53 8 75 99 57 92 6 6 2 4 30 
71 98 6 32 13 22 87 28 62 19 6 21 25 10 92 1 11 31 98 20 74 26 24 71 10 15 67 88 94 31 4 5 14 73 32 27 48 10 35 46 73 22 25 10 91 24 68 15 56 14 
26 87 60 99 60 39 17 75 58 80 53 46 88 39 13 22 88 43 81 86 9 21 66 53 51 99 28 62 45 82 89 92 94 8 40 96 87 32 2 38 6 81 79 59 46 9 63 59 72 61 
60 19 97 47 45 38 70 26 78 56 6 83 89 44 20 13 21 70 21 15 99 52 41 25 61 64 7 45 21 6 93 60 13 22 20 47 9 89 47 84 34 50 99 62 22 72 73 65 66 62 
81 69 20 45 11 42 46 7 64 53 32 94 26 97 14 3 12 80 36 33 24 42 19 95 20 86 38 9 10 49 48 30 11 10 24 25 38 32 71 39 58 22 37 63 49 43 43 90 12 23 
29 59 23 99 20 89 46 58 82 97 4 98 81 91 13 25 29 72 12 31 91 54 35 10 81 62 39 36 30 13 68 58 92 74 77 50 73 39 9 95 79 64 88 96 36 31 86 64 5 50 
1 46 70 57 10 84 54 57 63 47 15 83 86 26 17 44 61 27 75 39 52 22 91 20 92 8 86 16 97 18 16 4 18 8 10 75 55 43 49 26 48 13 94 69 59 94 86 64 89 45 
93 26 47 83 49 74 91 92 50 21 47 55 76 23 78 20 52 52 71 96 81 20 22 17 51 78 62 41 32 20 17 84 55 15 81 93 85 95 29 99 22 38 23 8 82 35 15 78 30 80 
81 67 21 49 68 97 17 80 81 7 48 87 55 89 85 67 28 16 9 74 46 90 36 36 72 58 89 22 44 67 17 8 93 59 33 97 62 44 84 91 22 45 50 13 84 99 62 54 86 24 
66 67 62 2 50 61 24 24 32 58 48 67 46 72 14 22 27 8 53 62 46 12 27 61 34 38 96 57 29 50 57 1 26 76 88 15 44 43 95 49 93 14 27 61 17 50 78 21 52 22 
39 5 91 95 52 1 12 15 8 6 14 51 82 65 65 12 27 30 96 53 60 71 17 31 93 15 89 55 60 45 29 20 65 18 39 16 15 85 51 66 75 60 94 7 42 78 21 32 37 35 
73 11 48 12 59 13 44 12 5 76 52 12 21 32 9 80 55 33 19 60 27 78 15 25 18 24 75 30 79 25 58 94 98 76 61 85 53 89 76 32 21 71 89 61 54 40 13 91 86 97 
89 40 76 92 20 81 47 54 45 1 83 91 56 11 86 19 5 10 11 88 5 7 57 42 13 22 26 2 60 9 45 1 59 1 39 94 6 14 93 33 88 82 67 19 52 18 99 20 38 22 
26 32 40 6 98 38 50 97 11 4 84 67 34 69 57 77 79 38 99 37 19 76 67 51 70 89 94 88 39 91 86 53 6 51 74 2 39 5 21 96 14 7 60 77 4 88 56 38 69 34 
85 43 95 68 4 96 16 3 69 94 86 90 97 1 75 5 76 64 55 53 15 96 72 26 33 23 38 44 52 17 21 59 4 5 85 62 4 16 4 53 82 88 15 24 90 22 30 59 15 62 
91 74 42 76 72 18 89 89 41 24 85 65 75 76 33 40 54 10 63 93 40 61 51 15 93 26 89 64 85 5 18 3 73 55 84 13 45 56 51 50 97 56 99 80 94 93 7 3 36 68 
77 55 33 31 23 60 22 7 68 94 61 18 59 71 26 81 71 87 61 56 15 39 3 75 57 40 58 14 97 55 5 97 68 1 83 8 20 1 43 25 37 21 47 39 87 43 5 60 58 34 
41 27 38 34 89 76 52 21 37 85 64 76 9 95 1 55 58 64 3 7 4 67 70 96 2 85 38 58 30 18 6 63 50 10 24 9 23 20 89 2 4 79 68 75 32 69 52 80 83 38 
53 75 53 51 50 65 99 43 52 45 59 62 30 77 83 97 32 36 63 98 57 73 68 11 94 84 83 35 72 76 99 3 48 89 5 2 92 5 36 88 10 34 95 7 62 46 22 64 5 23 
77 50 51 89 49 26 37 37 60 56 43 62 74 44 39 19 54 36 77 53 61 32 58 97 92 86 84 89 8 78 77 61 17 34 60 56 90 43 16 81 52 93 64 74 44 75 25 6 11 31 
58 47 63 2 32 88 80 55 8 52 43 72 61 45 48 51 14 35 51 14 30 21 99 27 3 33 75 47 26 29 53 67 61 92 92 83 17 73 32 95 82 5 89 3 5 47 13 73 35 8 
67 85 13 52 2 86 27 25 80 70 43 33 82 94 52 96 34 24 82 73 21 16 83 18 4 27 42 91 88 81 72 3 47 23 79 98 29 15 48 86 35 13 53 39 88 30 39 9 67 29 
37 4 55 6 79 5 75 32 25 31 21 10 75 26 52 88 71 62 40 9 96 10 48 96 63 14 25 23 10 43 8 62 37 71 29 9 94 44 2 28 15 4 23 84 17 48 1 86 86 10 
61 12 58 42 91 76 58 75 22 26 80 72 78 71 84 50 36 55 44 36 92 36 57 64 17 21 50 21 45 22 5 62 40 40 68 45 41 71 31 89 44 26 59 61 18 34 86 74 17 8 
60 34 47 11 21 5 8 23 24 13 69 91 6 45 26 26 29 27 83 8 62 13 46 80 20 88 88 65 87 2 73 40 51 34 26 98 27 33 54 30 35 34 40 13 4 71 79 64 36 71 
92 44 9 74 34 87 35 37 75 23 14 97 73 14 8 45 90 94 89 31 74 97 2 81 81 25 7 87 9 31 39 14 29 83 92 5 92 62 19 95 19 98 30 18 54 71 74 8 64 52 
28 89 23 74 99 88 20 36 86 8 83 21 45 82 17 52 83 63 28 7 38 81 50 33 39 32 5 26 63 44 94 89 63 30 78 87 50 29 82 79 69 89 56 66 71 51 14 6 58 80 
44 74 54 82 31 86 75 48 42 17 73 51 85 40 89 88 74 15 95 38 29 90 64 40 35 38 44 86 45 80 9 55 96 17 74 55 97 55 92 17 68 80 49 74 52 81 77 8 33 95 
91 44 94 85 70 61 66 48 76 7 61 66 29 32 78 43 72 85 82 94 9 46 96 1 53 16 59 2 33 50 37 94 84 90 54 22 1 50 91 88 78 95 13 20 43 97 79 88 15 55 
58 79 18 25 99 62 38 18 63 11 87 1 97 94 86 5 40 70 43 17 29 13 82 55 16 72 33 65 66 2 61 13 14 30 69 53 45 86 8 33 14 63 39 21 1 3 33 84 80 1 
52 65 91 51 56 46 39 46 42 80 62 93 42 22 86 61 65 65 34 16 58 45 3 5 9 89 30 70 71 93 18 93 77 41 52 87 94 23 50 66 25 54 65 26 67 97 9 76 48 92 
55 98 28 57 71 80 62 78 39 58 30 65 87 45 56 71 52 71 98 84 63 17 31 8 44 25 45 39 81 21 47 73 13 87 82 73 27 4 18 58 69 3 22 87 58 84 10 62 22 44 
6 83 71 30 33 85 34 74 13 80 90 17 65 42 63 83 68 89 67 90 38 57 53 32 3 33 10 54 78 26 77 81 16 50 74 50 67 94 65 38 64 41 62 47 6 36 85 7 57 81 
26 42 17 41 27 16 93 79 14 78 31 1 16 68 64 59 62 78 5 41 61 69 46 33 83 81 79 86 83 63 48 34 7 58 84 66 20 70 21 55 63 56 62 15 82 62 83 44 82 42 
72 99 60 33 34 79 79 34 29 61 93 31 91 60 23 69 52 29 61 70 12 56 6 73 26 92 40 26 59 34 20 13 99 42 5 64 54 80 67 85 84 4 87 38 44 11 56 84 33 62 
86 2 19 45 95 7 24 25 67 25 10 12 2 93 31 24 54 4 63 46 5 67 42 4 71 17 53 77 26 92 76 37 70 51 7 50 49 90 34 51 18 75 50 11 12 29 14 66 89 93 
14 12 16 25 62 66 71 18 40 72 87 10 53 44 15 20 97 96 24 92 78 17 39 99 67 92 7 36 71 3 49 48 75 79 9 92 43 78 20 34 90 37 43 1 57 19 57 47 81 78 
82 26 97 10 84 42 51 82 97 52 26 69 56 82 32 26 65 55 95 53 46 30 3 14 17 8 86 20 20 18 32 50 85 26 71 11 3 47 10 85 90 15 85 38 42 58 71 70 21 43 
18 63 50 11 57 5 68 4 82 51 23 75 95 70 30 66 45 95 54 2 9 43 23 42 94 97 60 90 94 84 17 13 66 83 65 35 14 43 3 88 82 98 65 49 45 62 6 22 8 67 
93 69 96 98 2 75 53 84 27 71 32 39 93 12 45 24 99 33 51 43 76 22 87 71 55 67 38 36 43 27 31 26 67 77 92 86 56 27 77 3 86 55 43 37 91 45 41 21 51 78 
44 91 44 55 51 61 1 16 5 36 70 36 72 66 53 71 33 95 1 32 79 64 72 41 34 32 59 57 80 38 98 42 8 70 54 70 14 81 16 87 7 77 77 83 38 35 3 20 20 50 
78 42 7 18 68 10 58 77 18 58 93 69 9 2 10 45 74 11 81 54 31 7 22 41 30 20 1 51 90 61 48 78 13 87 75 31 44 40 74 28 49 41 23 57 48 34 18 26 88 37 
80 25 48 21 22 64 20 42 16 74 98 13 67 43 3 49 38 32 79 66 25 69 99 82 98 41 5 25 78 64 88 10 83 72 79 17 17 50 59 65 44 95 28 45 83 88 64 56 21 21 
48 73 36 48 81 5 41 65 13 11 96 84 17 91 84 60 93 77 78 93 11 41 50 49 1 15 94 1 4 47 60 85 75 89 89 27 59 20 62 26 83 92 15 35 16 77 74 63 94 39 
6 10 82 70 36 2 1 16 88 5 66 31 96 12 36 27 43 57 94 4 82 16 5 90 45 78 41 65 17 49 60 76 62 51 98 56 10 85 13 45 45 51 87 94 88 73 36 4 50 34 
51 47 2 16 83 3 21 13 20 80 25 41 83 87 65 84 29 49 26 90 50 59 31 96 67 62 69 80 63 79 17 29 91 20 28 14 97 33 68 54 10 96 67 70 2 12 29 42 10 69 
3 97 93 14 45 75 65 55 27 35 89 25 41 9 74 38 27 26 24 7 45 17 44 11 42 55 13 59 89 67 41 82 3 68 94 78 88 85 71 98 29 42 6 65 26 63 93 90 49 22 
37 52 32 63 85 70 58 15 50 17 55 61 61 58 39 94 47 70 12 52 79 27 25 11 34 42 47 8 93 79 41 97 41 91 53 26 56 40 43 64 74 4 30 57 1 85 85 91 69 24 
31 16 25 91 60 63 58 96 34 79 7 50 30 37 70 5 16 85 26 20 25 22 56 39 39 25 3 45 72 15 3 29 47 18 14 33 70 37 7 84 55 40 17 25 96 52 47 15 4 46 
27 95 45 53 5 59 14 81 67 66 95 60 20 34 22 77 77 53 82 14 60 29 51 50 29 72 56 34 47 21 91 60 47 58 87 68 21 13 96 67 99 1 29 55 55 59 62 99 46 38 
70 43 34 84 86 85 7 91 90 93 25 11 61 42 10 1 39 25 5 78 60 93 70 10 93 44 6 57 16 35 2 57 11 48 62 6 91 62 48 59 49 84 36 1 76 81 90 54 60 99 
52 32 72 50 55 25 29 75 23 60 92 98 39 46 53 31 66 41 82 94 31 77 78 57 79 11 54 81 95 37 14 82 19 87 26 58 61 48 26 6 76 65 61 11 66 65 75 48 47 64 
55 92 7 65 8 99 10 22 89 83 65 28 58 51 6 91 55 38 9 92 75 1 17 93 44 24 13 86 83 59 6 51 74 61 13 70 82 2 1 67 80 36 13 13 6 57 83 19 2 14 
41 26 77 25 73 76 44 6 29 30 62 34 77 9 74 97 95 47 3 44 18 68 49 73 63 62 87 21 95 10 33 82 43 77 60 87 35 45 98 26 77 65 29 17 66 61 92 14 98 11 
37 92 50 28 97 80 89 9 78 63 41 25 77 18 98 41 17 99 49 81 10 81 88 78 42 68 57 24 96 14 77 38 89 98 44 83 54 27 20 49 38 48 60 55 75 85 27 36 70 11 
99 94 13 17 89 24 24 84 33 10 74 81 45 42 36 78 44 6 86 76 34 55 48 25 2 53 19 5 14 58 40 79 7 44 95 3 79 2 75 42 87 20 66 97 88 9 66 31 36 48 
39 38 79 24 26 47 39 82 91 65 64 20 87 56 44 33 96 93 61 24 19 86 93 9 70 25 23 86 21 15 86 70 42 14 16 11 36 55 78 75 24 32 56 16 22 39 3 21 69 61 
29 55 20 68 77 4 51 77 49 5 57 31 74 48 87 16 63 25 29 36 90 37 78 23 87 96 11 75 96 88 43 68 49 16 41 61 55 29 95 36 85 77 28 41 30 47 74 11 30 19 
35 99 53 4 75 60 59 80 32 31 66 61 26 45 83 12 13 41 49 95 63 63 48 63 92 86 84 72 33 95 74 58 46 15 22 46 24 72 39 21 38 96 46 60 90 91 13 58 25 15 
32 4 29 81 26 5 71 31 10 40 75 83 9 56 73 14 90 46 47 95 62 66 22 51 41 31 6 39 76 62 9 32 14 58 60 75 49 9 12 21 7 65 98 7 33 88 55 54 73 66 
14 83 22 14 14 47 11 25 74 96 91 90 79 61 2 28 38 60 33 69 5 16 62 65 41 23 32 87 62 54 30 26 99 56 76 4 58 68 84 61 20 51 36 17 91 27 80 90 77 45 
77 97 46 62 16 6 49 5 5 53 20 32 27 41 79 24 56 90 71 34 66 76 76 53 15 58 28 47 12 7 61 21 4 93 87 18 9 44 92 57 22 40 10 50 32 83 23 78 41 19 
86 92 45 38 15 59 54 71 99 6 33 79 6 86 33 9 1 34 1 57 76 31 71 56 78 93 50 63 15 10 75 3 12 31 16 26 66 29 75 80 80 25 36 69 29 22 54 85 27 72 
46 93 2 63 66 95 93 1 95 62 67 70 66 38 86 9 28 78 55 20 97 74 70 50 97 10 51 49 29 32 44 55 30 35 16 63 94 3 98 82 17 13 11 13 18 81 10 32 88 89 
59 40 68 15 21 29 77 69 99 3 31 52 48 56 69 14 13 30 33 83 69 42 20 15 47 28 39 39 18 46 18 8 59 16 45 9 5 66 94 4 61 22 38 70 59 12 48 60 70 62 
7 38 90 95 68 88 86 28 74 72 45 34 29 99 21 74 5 33 62 42 6 5 96 38 82 45 20 14 38 38 46 16 66 8 85 76 5 61 85 13 39 14 31 81 64 28 39 70 47 27 
69 97 88 65 40 95 31 76 23 86 72 59 74 24 72 63 32 38 69 47 84 24 33 12 77 11 10 58 28 81 32 24 73 46 97 92 47 64 14 87 18 77 48 28 53 69 52 11 44 29 
40 27 32 62 48 10 86 58 78 29 28 22 87 21 41 82 13 47 9 2 14 92 88 65 85 86 22 31 79 56 41 64 71 64 14 95 88 85 11 60 71 85 11 98 58 24 76 12 71 77 
85 42 36 98 15 38 76 77 43 4 51 15 6 39 75 49 43 37 33 92 11 7 52 5 33 60 54 43 95 72 10 92 52 48 6 40 92 76 31 69 9 54 21 86 80 70 56 23 37 69 
94 29 88 63 89 30 24 64 87 58 5 28 72 85 11 5 48 20 43 62 58 4 76 54 15 58 95 41 5 62 62 51 34 78 57 12 69 36 79 98 74 83 8 89 14 39 56 76 8 4 
41 69 79 19 78 1 14 85 97 58 85 86 93 85 73 77 74 3 63 86 41 1 87 22 64 68 23 89 56 70 55 26 18 11 9 44 44 62 46 85 29 3 77 9 75 55 53 73 43 13 
47 71 81 84 62 97 54 84 71 58 30 60 71 69 53 81 76 25 92 92 71 22 40 21 25 28 26 29 36 43 36 80 31 74 32 80 4 74 24 21 26 89 20 15 26 48 29 97 3 17 
63 99 67 22 98 1 68 97 83 82 45 55 59 6 17 21 76 37 54 31 69 30 30 81 5 58 80 14 69 97 45 78 91 53 9 28 85 89 1 91 33 22 29 82 51 76 93 69 71 33 
94 63 25 32 84 75 3 47 28 34 52 67 16 86 13 91 19 50 66 96 99 22 49 73 5 86 57 20 15 42 16 52 82 12 71 90 76 26 74 38 49 6 35 88 47 78 70 51 83 95 
42 79 58 85 17 15 85 67 60 49 68 38 56 87 73 78 64 92 61 57 80 88 48 30 43 55 19 68 76 38 19 96 76 67 13 32 32 94 38 94 49 5 8 47 41 36 93 26 46 6 
55 23 62 96 70 70 79 80 55 70 89 82 46 94 83 22 56 96 8 86 51 84 30 30 97 40 89 19 1 14 90 70 44 78 40 9 86 2 56 49 10 20 96 28 29 81 85 10 10 77 
78 82 35 29 13 38 14 64 88 49 4 19 20 15 87 22 36 93 55 19 34 28 53 99 33 48 68 10 11 11 18 93 79 89 46 45 71 54 56 57 96 17 67 95 84 23 92 42 59 64 
71 28 91 82 81 50 47 84 32 95 29 86 89 97 79 35 47 76 38 91 37 67 82 68 88 83 65 51 57 66 75 15 57 85 25 34 15 25 80 29 57 59 44 10 19 91 75 75 22 56 
9 14 94 35 42 33 55 71 76 48 61 90 70 68 24 6 65 60 68 13 49 81 10 11 7 13 21 15 29 11 43 16 52 16 36 79 17 38 16 69 70 90 35 31 23 58 63 33 86 42 
41 81 40 5 27 90 70 78 24 51 76 70 82 7 69 79 23 83 29 57 79 22 68 18 42 34 68 98 95 20 6 18 96 82 49 24 34 45 80 90 38 66 10 86 47 36 9 92 13 47 
80 66 46 89 74 21 74 42 3 62 44 41 74 11 80 29 45 75 84 21 31 88 64 9 70 2 19 60 71 45 41 81 29 44 32 5 57 47 45 42 17 61 95 55 88 10 95 24 66 61 
24 33 29 88 25 89 21 18 3 87 18 49 55 8 87 34 21 25 51 3 76 55 66 53 45 55 90 90 9 42 17 51 95 33 61 31 57 97 8 7 61 62 88 51 15 13 53 29 50 61 
8 78 29 95 50 46 60 26 30 7 62 67 36 63 1 14 18 49 90 89 70 81 19 79 69 73 16 84 80 50 95 93 53 22 4 7 70 9 25 67 84 12 39 74 42 48 68 1 97 12 
43 16 31 55 36 78 23 42 42 51 70 38 97 93 27 92 92 42 64 7 30 78 30 21 79 44 86 98 32 99 55 8 94 92 90 95 60 71 84 81 78 4 20 80 12 16 35 46 6 36 
2 54 1 7 71 19 91 41 52 45 84 10 22 82 58 84 99 21 93 54 29 64 24 76 33 14 74 31 42 78 81 94 36 28 79 80 87 74 77 60 12 11 95 46 91 13 97 96 7 13 
89 30 44 89 77 95 9 7 87 34 21 14 99 35 56 74 31 47 28 37 90 7 11 55 77 31 62 78 17 75 90 51 94 15 53 26 85 38 81 6 13 87 59 56 29 8 10 25 35 94 
13 31 19 37 71 33 23 67 39 6 33 72 19 66 6 94 93 34 70 40 39 46 15 61 92 46 89 81 26 53 96 38 25 12 27 73 13 27 96 22 52 42 89 92 48 24 94 17 53 38 
66 72 99 41 82 40 81 3 38 54 61 90 43 10 84 61 5 50 70 87 34 41 34 70 26 42 73 67 84 58 18 67 27 64 92 85 26 39 29 97 44 69 42 28 13 12 11 41 2 73 
34 22 35 56 48 16 50 31 99 55 85 58 46 70 91 6 95 38 18 79 60 11 10 75 84 82 41 72 62 45 13 44 61 50 97 46 76 24 79 44 93 23 37 99 35 26 63 80 44 43 
75 71 87 64 47 59 84 39 18 75 18 10 62 47 84 35 90 95 98 60 22 80 85 89 93 18 57 48 96 97 64 80 72 93 15 65 66 86 80 91 96 79 44 40 55 40 54 52 50 91 
67 46 72 64 14 93 95 33 98 72 73 2 1 65 63 42 9 11 71 12 39 58 29 76 83 93 22 20 90 77 1 82 15 30 33 43 27 47 70 99 99 35 35 36 12 82 3 71 44 29 
79 87 33 18 56 28 30 6 95 14 59 75 3 2 33 17 3 35 82 8 87 52 73 95 70 35 42 62 96 62 37 37 46 55 14 45 83 21 69 44 10 76 7 48 85 61 86 12 68 25 
71 28 26 87 47 50 27 84 71 84 64 57 58 98 42 54 6 19 63 68 17 86 23 62 80 23 74 6 60 85 38 58 44 18 84 46 2 85 53 22 76 62 29 47 30 22 3 59 92 1 
10 63 68 43 81 22 71 43 17 82 12 20 84 36 21 64 28 62 86 31 26 98 73 8 37 99 18 14 28 65 13 41 38 40 23 96 80 72 53 75 89 64 20 45 68 89 78 37 31 53 
54 45 60 52 82 58 29 32 56 68 85 82 74 81 22 74 26 73 19 80 72 26 70 54 28 32 35 18 75 36 32 94 8 16 73 62 73 4 87 66 96 19 20 4 88 38 4 77 21 41 
51 82 83 54 26 22 36 80 94 29 36 29 41 73 54 15 84 12 42 16 34 14 33 8 17 81 18 57 59 7 11 51 70 25 63 64 26 33 81 5 25 69 22 48 8 57 61 6 69 12 
65 35 62 56 26 72 3 57 41 39 63 40 21 42 65 99 23 80 15 27 45 66 88 76 12 5 35 46 53 43 15 60 48 8 39 66 73 85 86 61 28 33 8 67 19 61 16 10 22 98 
37 31 5 28 46 97 80 87 37 54 44 49 52 26 51 31 85 26 33 1 6 3 77 34 99 21 43 63 53 77 99 61 55 24 47 52 21 52 11 29 82 71 39 8 79 19 34 97 99 68 
41 50 86 92 93 82 29 76 90 83 47 78 27 99 16 61 98 32 93 95 11 20 95 64 74 47 4 85 36 60 7 38 12 22 31 83 23 88 53 67 14 28 87 46 77 2 89 32 64 94 
92 80 34 18 73 43 33 67 42 7 42 49 31 64 89 88 61 69 85 92 71 86 12 28 14 21 76 56 81 48 53 82 11 23 11 13 48 14 59 11 24 21 56 63 37 16 91 27 12 55 
46 21 69 57 18 12 5 98 45 3 61 81 67 37 83 98 20 4 91 45 12 59 77 36 32 69 55 94 87 68 25 78 35 35 12 32 16 13 3 93 20 68 71 33 35 86 78 84 29 8 
33 43 84 6 82 78 85 97 78 22 7 68 53 34 52 17 97 26 39 73 99 16 58 75 24 90 13 15 51 54 36 81 63 94 11 61 25 3 5 28 88 78 41 50 34 41 27 29 5 78 
50 43 56 65 59 7 71 93 87 24 61 29 67 48 25 83 32 69 70 30 43 48 11 38 91 54 55 84 60 76 65 4 10 27 50 73 88 34 7 15 33 29 63 83 97 13 68 83 63 93 
97 58 29 65 78 47 21 41 66 6 58 15 16 22 4 52 28 84 77 91 95 86 40 68 2 38 46 78 39 96 93 2 8 21 41 35 39 56 17 46 32 56 68 66 91 86 85 50 99 37 
47 21 26 61 38 46 96 75 33 49 9 10 18 81 16 20 61 12 56 96 66 83 71 49 93 62 32 32 63 60 23 53 8 62 9 2 72 1 74 4 69 96 8 50 82 96 67 71 63 52 
30 13 92 59 18 33 22 58 79 12 86 16 64 92 80 22 30 94 89 60 44 9 77 8 20 31 11 15 77 34 37 14 96 85 13 65 90 99 68 25 59 60 28 45 67 19 86 74 78 35 
97 13 6 65 78 1 77 21 45 66 89 45 36 28 55 46 90 39 97 70 89 27 86 89 37 22 88 1 99 19 56 91 19 25 29 25 36 74 67 90 29 19 93 69 98 36 28 27 56 44 
35 36 23 13 35 89 46 48 43 10 72 26 9 49 62 17 21 66 10 71 59 41 23 15 35 57 88 94 24 14 9 32 94 89 6 47 95 92 53 77 97 99 68 62 61 33 15 61 34 94 
42 20 17 45 79 69 30 13 97 67 96 66 40 52 33 40 98 90 9 62 47 42 86 46 20 91 70 75 82 85 79 57 85 8 87 22 32 2 99 59 7 74 70 86 42 92 90 99 56 75 
80 18 7 1 28 51 80 93 21 64 90 57 36 91 99 92 69 66 62 8 9 38 51 81 77 32 11 86 94 94 19 2 45 55 62 91 5 94 39 48 22 48 38 62 90 21 28 38 23 79 
20 39 41 51 54 94 51 61 5 85 95 21 74 13 80 67 77 52 38 87 96 11 40 17 10 28 29 72 41 58 11 97 10 74 62 4 63 18 9 84 93 99 52 42 95 25 84 42 55 86 
18 78 30 74 45 47 84 77 27 31 98 68 47 92 1 27 60 22 86 35 21 27 53 57 29 67 4 71 50 49 61 73 52 43 30 17 22 29 98 49 16 82 45 57 52 28 53 61 78 52 
80 52 26 71 45 86 37 38 4 36 39 32 46 25 11 50 33 96 89 50 57 28 28 12 51 76 36 60 44 97 82 51 76 78 59 26 49 67 20 40 6 29 88 7 33 49 39 20 24 28 
78 7 31 74 50 25 79 66 67 26 65 85 11 93 26 23 30 75 1 55 7 66 91 51 65 81 43 74 87 21 37 7 39 32 40 90 79 83 89 96 52 71 92 18 21 99 24 24 94 50 
23 51 54 40 14 89 84 68 19 72 62 29 73 15 89 79 34 9 3 69 48 35 13 44 79 12 74 16 69 71 98 54 17 72 61 81 1 75 12 82 19 31 79 99 91 93 80 40 64 20 
80 76 31 34 79 53 64 29 56 31 25 76 30 24 34 23 16 46 62 75 48 82 9 10 2 22 15 63 55 17 54 98 79 19 75 19 61 96 63 90 48 38 66 5 19 18 63 15 81 24 
49 34 79 67 62 56 15 29 44 9 41 64 52 44 11 94 90 50 86 27 6 19 44 75 37 48 37 76 14 84 97 97 36 25 2 37 8 7 13 24 90 66 63 42 76 9 14 51 52 33 
10 31 77 85 99 18 14 77 24 15 4 76 36 67 64 75 56 94 78 17 30 19 85 83 46 47 83 31 28 76 75 67 59 38 72 4 66 88 44 49 16 70 83 47 40 37 14 18 64 97 
85 97 66 62 37 57 90 81 34 53 15 5 26 36 48 36 78 81 74 11 82 41 59 27 43 52 4 25 62 94 2 59 11 65 39 96 22 78 87 4 16 59 34 28 66 24 27 69 60 79 
83 53 64 2 47 87 67 22 79 9 75 2 99 95 2 1 1 74 15 41 33 38 40 31 3 23 7 53 48 94 59 44 18 2 63 21 90 5 34 63 65 12 80 97 62 70 39 96 36 86 
92 28 22 98 15 86 85 73 22 99 44 95 95 99 15 91 66 84 95 54 85 77 67 73 32 25 33 96 22 81 21 42 18 17 18 55 72 89 68 52 27 34 49 47 45 43 80 76 48 6 
21 57 98 81 87 21 14 28 70 63 82 43 58 92 34 63 18 16 14 46 10 82 78 45 55 15 7 41 64 74 9 43 9 67 13 74 57 14 56 35 98 69 2 76 85 51 74 15 79 65 
69 81 89 4 36 37 11 36 92 81 62 23 70 53 70 17 71 30 56 66 23 72 62 29 72 70 65 91 82 44 72 56 76 30 64 91 52 37 54 59 63 94 59 2 47 39 96 13 41 84 
4 19 22 78 38 97 83 38 19 99 78 96 31 52 22 24 64 31 80 22 81 32 24 48 74 39 93 65 77 33 69 17 69 62 69 96 25 98 6 14 57 11 6 82 45 55 31 85 65 74 
94 64 65 20 19 82 92 71 58 55 3 73 74 36 2 96 70 45 10 56 72 27 9 85 64 41 10 15 36 97 64 61 83 20 90 42 30 26 65 20 80 17 17 90 20 56 51 13 37 9 
33 19 21 89 2 34 30 18 84 1 85 35 17 21 92 61 28 11 63 12 3 64 30 82 92 5 73 28 87 42 87 8 97 1 2 98 3 73 29 61 6 81 4 16 71 32 78 33 90 53 
88 69 66 22 72 69 34 5 3 38 33 22 73 77 13 45 97 15 38 6 70 29 77 46 95 96 56 25 17 82 88 94 21 54 92 95 1 19 87 60 25 52 41 75 29 19 67 11 57 78 
82 82 50 37 68 96 33 97 54 20 9 15 66 8 51 59 60 78 94 65 15 12 22 64 51 70 27 57 70 39 65 70 4 88 22 10 10 58 50 3 65 6 46 36 75 22 96 18 29 35 
66 71 99 55 93 58 17 12 45 49 32 21 14 82 18 35 16 15 14 95 67 2 8 89 35 8 8 94 56 62 8 42 2 75 90 52 27 42 55 64 63 49 8 45 72 7 33 22 69 62 
36 11 83 75 16 34 21 2 11 44 60 19 38 22 24 19 15 7 14 71 72 63 33 9 55 86 42 40 27 14 51 88 67 7 3 53 90 12 3 49 89 37 34 40 15 51 53 42 98 70 
84 93 60 61 31 43 69 97 72 50 95 87 50 73 50 2 74 82 64 8 7 99 16 74 50 10 39 45 98 41 72 97 95 3 22 38 47 99 89 49 4 64 46 61 24 39 39 85 56 80 
40 39 78 92 21 54 60 79 72 1 47 80 57 84 82 1 26 33 21 46 87 7 12 54 23 13 68 54 11 98 83 96 84 52 77 86 67 96 96 90 69 63 72 77 91 77 14 97 17 34 
80 64 37 42 34 47 22 18 17 82 83 94 25 35 42 85 72 1 48 68 97 26 17 35 16 55 29 7 52 46 72 12 94 31 60 74 33 60 97 44 39 54 75 9 80 20 34 93 88 57 
7 80 58 66 68 87 9 42 12 97 13 42 41 4 87 28 84 52 43 95 39 91 31 82 61 78 28 47 68 56 92 60 91 8 30 28 16 71 12 38 95 20 34 47 2 97 36 46 7 6 
31 77 20 38 61 85 18 4 39 25 22 92 71 87 71 42 54 10 71 62 12 62 83 55 8 17 97 11 48 19 41 9 29 59 83 91 86 7 16 72 41 19 16 63 23 22 56 37 57 34 
18 95 6 2 77 91 78 28 98 82 65 37 23 58 27 52 79 77 6 78 48 47 11 74 60 93 84 69 93 43 74 98 71 25 25 91 99 39 20 1 43 87 16 25 83 97 49 68 39 58 
47 75 43 2 17 84 48 12 81 76 89 59 90 46 94 96 93 11 85 45 51 44 41 33 88 90 37 86 97 77 90 12 68 15 59 51 10 77 8 99 99 53 12 71 6 34 17 58 66 38 
96 10 95 97 38 3 95 73 43 68 58 83 30 51 67 40 32 81 70 69 92 66 13 66 5 43 26 34 85 13 61 63 94 53 37 18 75 36 4 56 79 17 12 66 71 9 51 89 59 86 
14 55 10 28 79 20 51 82 89 47 27 83 15 77 44 71 82 55 22 78 10 58 70 53 39 5 84 68 72 96 96 13 34 65 6 53 18 89 70 84 27 79 66 80 87 12 26 68 69 92 
91 25 95 25 8 53 43 18 19 85 56 62 5 36 16 90 49 98 86 94 83 73 39 71 90 21 42 83 31 7 13 38 55 99 27 39 21 86 75 84 85 44 8 65 63 74 45 65 83 15 
70 93 49 86 93 63 8 59 50 29 74 92 91 92 31 83 69 97 16 17 36 53 49 85 72 65 54 71 74 42 9 96 75 90 23 4 2 26 37 10 38 94 43 9 43 60 62 25 40 44 
52 93 14 85 52 21 37 95 30 48 15 41 25 11 28 23 13 41 21 99 96 30 3 51 11 45 86 41 91 62 11 38 59 42 80 25 89 90 28 93 35 96 78 27 28 71 91 60 33 51 
3 33 88 55 61 36 62 23 35 94 98 65 85 11 56 20 25 66 83 59 48 42 37 31 47 92 69 69 15 15 40 22 71 75 54 90 99 78 7 42 74 92 99 63 50 67 60 50 84 25 
20 41 85 35 55 14 90 2 43 45 45 22 79 10 85 79 1 39 89 80 85 76 83 48 88 15 15 59 62 79 66 75 39 51 62 57 45 23 97 45 87 73 52 34 19 76 93 2 2 86 
71 31 16 68 45 32 62 84 99 12 73 45 55 49 58 98 89 92 69 64 8 17 59 97 21 18 97 86 53 95 47 86 8 19 86 59 12 32 21 83 67 78 21 73 42 28 66 47 90 99 
39 70 79 4 10 4 61 52 33 74 84 88 28 86 21 96 67 99 77 55 71 45 62 31 3 65 31 82 61 41 74 3 28 32 30 81 17 82 32 18 8 41 30 86 20 61 53 89 7 44 
63 61 51 27 38 1 17 12 92 16 74 44 82 33 2 69 37 43 22 11 44 61 56 75 28 62 95 52 9 25 29 22 51 66 74 78 38 17 97 7 43 28 29 51 14 29 70 48 17 83 
65 34 97 35 23 65 8 27 28 15 58 77 71 81 53 94 74 39 35 64 15 28 81 26 93 63 26 49 68 46 5 18 63 49 22 98 66 17 29 66 45 16 85 27 79 68 34 79 46 54 
70 17 70 64 11 63 51 22 10 62 19 65 96 85 93 69 54 67 67 53 37 99 79 34 76 8 17 73 48 51 61 6 78 32 8 23 19 3 87 10 29 27 9 4 88 87 92 27 96 57 
97 20 87 15 65 87 48 70 67 21 39 22 23 74 8 44 17 67 21 30 56 79 65 46 77 42 52 61 24 16 43 73 69 10 34 43 42 45 93 7 70 41 10 56 79 24 83 79 18 12 
59 35 36 59 96 4 44 66 21 52 32 69 99 65 41 79 24 18 23 59 87 81 47 60 47 86 5 81 88 20 99 43 95 48 23 15 49 33 84 24 67 66 61 32 12 19 97 59 4 97 
71 28 18 89 48 89 89 69 7 12 95 49 62 32 1 92 14 13 60 5 78 52 80 18 58 21 46 7 52 14 43 40 24 1 50 69 10 53 26 58 42 86 1 71 95 74 43 24 51 38 
14 93 13 90 54 20 47 76 95 70 23 18 10 42 39 83 95 78 10 89 99 31 8 12 51 98 10 33 47 78 55 68 96 95 60 37 21 13 21 39 59 54 4 70 39 89 41 9 4 8 
38 62 59 75 21 46 77 87 59 71 24 7 58 97 9 91 26 74 59 71 9 66 70 46 5 59 44 20 4 80 21 99 48 61 28 97 3 40 72 79 11 90 45 48 86 26 69 34 32 44 
89 1 84 79 15 75 83 12 44 33 51 84 89 91 68 25 37 72 40 70 22 76 54 59 70 74 9 25 70 24 17 27 65 78 27 21 8 76 49 45 79 31 16 4 87 56 80 62 95 17 
36 46 19 95 54 50 41 97 77 61 99 72 93 3 75 8 28 63 88 32 40 52 35 35 56 13 93 63 25 89 13 50 36 39 69 64 12 24 72 7 92 72 3 37 1 30 47 56 97 45 
62 54 63 53 64 42 32 27 26 27 75 38 11 44 53 54 31 37 94 70 38 81 18 38 55 36 12 40 29 77 91 77 64 16 64 21 70 26 70 51 59 20 82 2 71 42 24 94 89 94 
95 96 68 10 7 18 28 92 67 66 84 5 11 2 17 65 98 4 93 21 86 87 75 45 64 8 37 76 77 49 71 49 96 17 50 2 76 76 53 42 7 43 4 34 81 55 27 60 38 75 
13 37 97 66 36 23 26 9 24 60 38 1 91 32 92 75 31 8 41 31 76 60 14 30 97 74 7 48 2 62 69 93 24 19 52 10 46 90 84 41 88 73 63 13 23 36 19 48 59 46 
48 54 50 16 24 55 78 37 44 59 65 57 62 85 37 71 82 42 88 16 93 72 11 54 75 76 65 44 36 49 37 17 6 87 87 71 94 47 69 91 64 78 39 88 49 86 89 81 56 51 
5 35 19 61 89 90 9 36 69 83 4 9 81 93 16 44 42 18 95 69 19 4 25 91 39 88 65 48 54 54 5 12 76 30 83 3 41 5 15 58 91 34 95 5 34 51 44 53 78 61 
88 40 10 54 29 2 40 73 33 29 18 9 3 90 91 75 92 62 49 24 1 45 65 2 35 68 69 20 33 19 52 17 89 41 9 18 30 83 80 68 35 19 13 4 27 92 29 33 39 12 
2 94 78 85 76 99 12 96 23 36 64 81 68 30 5 73 94 28 6 26 96 90 35 94 39 6 11 83 47 92 46 55 9 77 16 1 57 65 76 87 43 5 39 96 28 91 42 65 47 85 
21 49 3 76 64 89 55 51 3 2 36 25 26 8 21 83 28 24 57 82 12 90 31 37 53 1 71 91 95 20 14 68 60 96 80 20 70 10 49 88 94 90 29 55 73 93 65 16 4 63 
92 96 77 33 61 77 2 24 66 24 22 8 29 12 19 15 39 92 97 43 23 14 65 12 13 4 62 39 12 93 26 97 27 79 85 11 22 81 84 83 35 26 26 83 39 13 94 1 81 60 
13 85 61 26 80 10 6 60 99 74 7 33 28 42 95 76 26 24 61 72 40 11 33 48 98 13 64 77 30 9 82 82 16 94 85 36 33 90 74 60 91 9 31 29 52 95 58 52 44 45 
98 72 47 82 53 87 56 71 75 40 2 24 62 96 60 82 29 5 11 10 69 49 29 47 8 15 84 89 17 67 79 71 54 24 23 70 58 86 11 82 43 2 52 8 10 66 34 86 8 54 
57 78 83 81 58 30 78 71 69 5 16 77 34 76 40 99 84 96 10 8 47 7 89 95 82 33 53 81 31 87 6 13 76 69 6 34 21 94 26 11 26 11 76 82 90 27 6 5 4 91 
57 28 46 40 58 67 57 14 76 16 2 86 61 19 10 56 9 52 2 93 78 29 25 17 89 92 83 22 96 21 92 25 88 84 89 19 21 9 42 23 45 81 40 10 10 73 28 45 69 61 
64 29 68 85 51 9 46 37 93 93 73 59 7 76 57 45 42 80 28 18 65 67 40 82 91 53 55 30 27 78 81 73 92 13 81 95 48 78 50 87 29 84 60 81 36 3 63 56 83 92 
82 90 23 46 56 50 81 58 93 63 18 46 69 48 82 93 81 67 77 55 55 73 70 51 23 41 13 30 65 52 51 72 72 35 72 91 97 60 78 48 38 71 42 60 89 12 42 15 67 25 
35 27 64 49 85 28 60 42 73 11 69 72 68 96 93 66 42 10 4 19 49 55 18 2 34 97 69 17 57 84 72 52 80 58 15 56 17 3 14 18 19 35 78 14 45 38 8 9 47 12 
74 52 30 33 78 40 78 43 4 84 69 53 99 46 84 66 37 58 5 38 27 16 24 90 83 10 3 13 85 84 83 87 51 76 78 73 7 72 29 55 53 51 98 46 33 30 31 11 21 93 
82 64 12 75 50 73 96 5 22 51 51 51 42 58 88 49 3 45 98 22 63 50 75 52 11 5 88 62 33 73 27 55 56 3 41 12 22 73 34 99 62 55 23 41 81 69 70 93 47 90 
30 17 95 83 17 8 49 14 92 64 39 86 22 91 91 35 5 93 60 78 24 31 97 55 80 86 96 1 9 35 12 46 32 91 6 17 77 40 11 74 24 35 11 22 10 98 86 30 11 6 
74 73 51 38 17 61 11 63 60 44 82 98 89 72 62 17 15 27 76 9 88 22 67 22 1 23 51 62 58 69 99 60 7 90 58 64 19 53 4 33 87 87 7 25 68 23 66 80 37 74 
79 87 22 31 57 55 93 13 99 28 78 68 40 38 87 92 24 80 87 11 32 1 15 16 39 66 38 8 56 85 90 89 22 66 25 28 62 52 94 73 18 34 11 48 52 51 61 9 76 41 
2 85 96 6 48 40 6 59 67 39 48 62 13 58 28 21 30 60 86 95 4 54 64 30 15 30 42 41 56 31 39 37 85 65 91 69 51 52 4 20 22 96 19 82 72 85 76 12 97 49 
90 85 55 95 94 60 21 65 66 47 30 85 94 16 91 46 41 1 4 20 38 88 67 82 73 72 98 46 94 58 91 20 59 56 59 59 76 84 33 53 88 71 69 16 42 46 50 51 21 20 
33 56 60 13 12 9 98 91 91 51 16 65 26 75 20 73 21 37 1 8 17 3 99 33 4 76 74 5 8 82 84 25 62 69 69 98 86 25 51 21 89 68 10 78 42 84 32 56 1 60 
57 86 71 65 42 48 72 9 43 20 66 56 39 62 12 37 23 31 1 99 56 17 79 29 26 92 30 15 48 37 12 78 72 58 79 78 43 35 83 91 45 82 95 76 68 5 70 34 93 68 
6 18 37 91 72 40 22 13 42 84 53 82 22 49 39 68 2 12 80 28 13 21 75 9 10 61 7 47 15 12 72 27 22 82 15 42 34 48 22 83 2 56 91 90 82 68 35 52 53 85 
73 40 67 53 89 38 25 4 49 22 61 4 15 94 98 81 5 32 77 98 41 42 17 37 62 5 46 55 20 65 51 88 66 74 25 52 96 98 80 56 56 78 90 14 60 28 61 3 37 15 
55 49 97 70 75 40 56 36 37 71 31 12 11 62 75 10 2 54 62 35 70 54 1 23 29 31 92 2 31 44 47 31 88 12 49 80 71 64 69 92 74 29 28 7 11 78 38 68 46 14 
91 91 4 11 79 73 13 3 6 23 88 84 74 6 65 68 64 41 50 45 13 17 47 54 51 76 2 56 44 42 17 46 89 30 32 15 42 94 94 99 16 14 23 21 74 61 95 13 21 58 
85 74 54 51 81 33 47 24 82 60 5 3 3 16 85 20 48 47 71 16 44 33 2 27 39 47 18 20 48 80 40 62 74 71 86 47 79 25 4 74 96 48 16 91 80 88 46 87 74 85 
73 32 66 29 9 62 32 10 5 95 37 95 34 63 52 26 79 95 93 2 87 5 16 50 58 14 22 25 21 71 66 93 30 72 62 45 55 80 50 66 52 8 16 70 59 40 69 17 29 83 
24 79 56 61 54 18 98 81 46 18 93 14 42 34 70 15 65 13 74 84 95 1 54 22 17 24 17 79 87 94 74 74 69 47 58 43 38 87 93 12 32 2 46 54 53 13 66 62 95 9 
79 12 36 36 72 28 83 98 76 8 39 13 43 98 44 32 12 19 43 61 10 57 40 67 52 41 20 99 34 4 95 91 76 41 57 43 28 6 85 38 50 19 80 9 93 6 14 28 96 5 
47 21 77 23 57 6 97 96 28 45 7 57 53 54 88 40 42 69 7 49 14 69 19 40 70 44 3 9 90 70 36 21 14 62 81 10 80 83 1 51 18 35 36 16 51 57 15 5 26 67 
26 18 23 59 81 11 89 62 86 65 12 62 40 62 68 99 34 72 38 95 58 92 16 48 1 51 17 99 40 70 74 8 62 3 25 85 22 3 65 2 24 8 45 50 59 23 88 93 7 31 
1 57 6 15 33 29 33 68 70 53 35 92 48 66 95 58 90 19 70 83 26 76 61 30 38 17 73 75 84 88 27 19 6 18 36 4 51 38 4 46 38 38 58 33 63 79 69 94 21 69 
39 50 75 17 98 36 66 25 2 52 74 32 56 50 66 89 52 78 31 76 47 13 66 72 57 18 7 2 70 77 32 14 32 54 4 13 85 99 32 47 26 16 85 22 66 71 10 46 87 85 
18 66 93 39 71 58 55 13 20 47 63 50 94 30 26 63 76 9 92 31 81 70 51 4 96 28 43 73 71 36 95 58 7 99 51 58 16 48 88 89 34 33 57 70 84 48 89 22 25 3 
28 46 57 60 50 19 53 84 47 48 82 70 42 90 66 2 5 69 56 3 53 73 97 2 59 2 32 95 43 84 66 90 19 76 47 5 86 49 94 25 31 94 79 13 45 49 1 43 84 12 
26 89 28 45 94 23 72 55 46 52 61 78 68 51 95 58 41 19 58 63 59 5 40 29 22 59 62 5 31 79 71 95 36 43 92 61 20 58 89 90 49 46 64 10 17 17 24 48 25 23 
17 15 9 72 64 36 94 10 35 39 80 19 51 64 40 71 78 72 59 15 91 35 4 84 44 65 94 30 3 24 5 18 41 22 96 1 39 81 75 49 78 33 63 71 50 85 30 72 72 47 
10 25 69 49 9 73 22 44 71 67 10 94 32 80 29 61 70 57 58 81 42 98 42 8 50 3 9 18 26 58 35 37 41 90 55 9 26 21 65 46 10 51 17 19 47 62 66 67 67 46 
5 58 7 44 7 90 14 48 70 74 85 1 29 70 88 15 44 53 39 21 35 13 9 69 92 56 98 77 75 25 44 67 28 66 83 84 30 24 12 40 45 45 64 42 85 57 50 52 40 35 
71 66 25 23 88 15 20 67 79 34 92 77 46 93 66 40 15 90 9 43 21 28 25 47 44 48 40 26 74 74 55 59 47 1 53 91 72 10 98 20 9 25 99 85 24 39 19 41 50 85 
1 3 41 50 52 57 62 44 12 90 97 22 6 84 23 87 80 83 45 24 40 14 10 52 88 18 46 74 94 77 46 27 36 97 43 5 41 4 8 19 71 34 47 95 6 42 53 59 46 84 
93 12 15 98 81 27 93 54 5 23 94 50 32 99 74 75 93 51 59 93 30 42 94 85 79 70 53 43 59 4 17 7 23 60 9 81 60 16 85 49 83 61 11 59 61 7 75 31 17 10 
57 94 90 72 36 59 17 83 82 82 21 44 86 30 10 68 44 93 73 27 37 51 90 76 83 34 38 50 31 32 86 38 44 4 27 9 42 19 5 96 17 2 27 87 35 94 91 7 93 22 
31 33 89 23 57 77 99 7 66 75 46 90 44 50 98 14 58 89 78 52 4 66 36 41 37 1 33 34 89 86 26 64 56 6 81 73 53 40 72 20 37 73 31 61 50 29 60 88 38 71 
73 25 38 55 82 68 44 83 61 45 43 80 74 86 15 71 16 43 93 78 20 44 87 95 4 44 93 66 47 42 77 51 67 70 2 11 82 26 96 3 56 19 69 75 45 97 68 49 86 71 
62 63 85 83 86 39 5 76 66 49 76 52 11 29 93 81 52 13 82 45 58 50 50 30 89 97 47 48 5 37 60 92 86 68 90 74 78 34 3 80 25 81 91 43 11 57 16 96 34 54 
22 96 66 27 32 64 25 23 50 44 71 20 12 11 41 81 3 78 19 59 31 3 49 34 56 36 15 70 18 80 41 20 18 62 80 38 52 32 29 66 83 55 41 84 22 18 98 29 72 16 
89 20 45 17 47 92 53 5 8 11 89 49 90 35 6 99 93 91 44 98 75 87 3 64 44 52 5 89 38 85 85 45 61 18 21 20 99 65 51 4 28 89 20 85 46 60 28 69 62 75 
26 28 60 22 26 20 99 11 6 85 69 23 28 31 53 94 26 52 58 99 31 32 25 37 92 35 5 35 20 32 84 69 9 45 2 12 93 90 21 14 85 42 55 45 61 94 70 48 14 52 
42 96 61 87 59 92 12 2 63 82 12 57 1 17 52 42 79 47 31 84 55 35 95 60 57 33 3 99 52 33 74 44 67 93 33 50 9 35 67 47 88 98 66 8 80 40 47 99 77 24 
89 17 77 89 50 57 52 32 62 21 76 36 1 28 4 25 93 30 54 96 71 42 78 46 10 98 72 18 13 52 75 51 94 46 89 77 45 40 81 53 80 7 31 83 83 35 81 57 58 67 
61 2 45 1 73 69 40 21 68 92 72 26 4 44 2 77 63 19 84 52 18 80 44 30 45 14 73 6 89 66 27 76 10 50 85 52 69 46 27 61 38 69 42 47 16 39 78 65 98 63 
24 58 92 35 20 47 93 22 97 85 73 74 38 4 40 76 78 18 60 93 89 45 93 73 89 69 84 48 58 33 42 79 29 55 94 46 52 20 30 36 42 29 30 94 28 95 98 29 65 27 
54 23 8 69 24 41 8 94 95 99 42 42 60 83 72 34 86 16 96 49 54 49 32 32 37 46 78 71 9 92 88 60 35 86 79 27 54 90 12 87 1 42 38 20 6 10 39 45 97 24 
93 48 53 5 72 1 15 72 72 45 70 6 94 59 50 88 89 89 36 61 60 34 5 34 74 12 91 41 55 20 19 9 6 51 70 28 22 71 18 46 39 77 92 31 29 42 68 98 64 45 
74 5 97 26 28 65 12 24 79 46 3 14 87 14 24 61 74 36 88 40 79 14 9 49 79 85 18 69 87 37 98 54 9 43 31 32 99 1 55 30 9 8 96 44 11 32 85 66 2 79 
95 36 81 5 34 80 75 12 77 49 97 51 28 17 65 28 21 50 18 52 31 8 48 91 18 60 18 19 65 54 99 58 12 23 91 43 90 63 6 6 68 3 49 87 75 24 90 74 58 32 
66 15 87 43 2 94 99 64 4 87 34 8 75 49 71 36 25 31 52 22 41 72 37 61 90 27 4 95 12 4 50 70 93 46 71 53 74 93 9 35 31 73 59 40 46 44 13 37 97 54 
48 96 69 68 11 43 90 28 22 38 71 26 29 17 14 27 25 42 66 93 13 61 95 77 89 7 88 11 3 38 14 34 53 24 33 10 18 89 1 33 65 86 55 4 16 77 63 37 16 7 
15 13 23 66 88 75 69 88 34 1 96 71 43 47 86 33 67 34 3 1 11 28 88 31 88 11 85 36 23 62 19 63 17 33 97 84 53 86 80 18 46 50 64 69 32 44 24 94 41 62 
17 26 62 17 19 99 52 10 47 61 37 62 53 36 48 28 98 75 67 97 15 51 98 59 92 18 18 33 45 93 71 30 82 11 50 11 97 48 34 49 96 77 69 29 89 26 69 39 18 4 
81 8 46 6 49 86 60 72 94 22 58 2 16 4 75 6 15 88 32 48 11 95 31 86 98 87 98 29 57 53 40 5 39 96 78 65 85 49 96 82 65 64 17 45 47 85 95 14 31 88 
66 85 12 47 68 4 57 73 52 20 37 86 92 91 71 14 23 45 48 49 29 96 32 2 1 59 10 79 88 75 11 69 24 98 66 34 37 31 38 70 22 18 86 99 87 98 30 55 85 98 
65 41 33 11 75 96 26 77 4 17 12 91 44 74 96 94 28 69 38 38 73 88 90 78 17 79 58 4 97 9 30 46 97 15 38 68 50 30 58 90 35 76 12 61 89 61 36 63 54 8 
93 80 17 7 89 12 55 30 1 84 8 78 97 11 80 60 42 46 48 15 42 27 89 20 31 70 10 94 16 76 95 26 70 74 89 40 7 15 35 53 64 2 83 50 6 54 8 15 17 26 
28 4 93 29 27 93 56 93 67 93 46 92 86 31 76 62 58 75 2 94 16 37 15 11 52 71 77 69 81 35 78 77 3 31 46 88 18 34 27 73 17 95 60 89 77 84 61 25 70 31 
94 76 43 59 87 89 69 34 85 87 70 94 3 9 6 52 84 16 4 3 66 6 89 97 59 83 16 90 8 55 48 39 58 34 20 32 4 75 93 81 57 32 18 51 29 83 14 8 5 27 
84 36 13 13 50 92 27 85 8 70 64 13 42 55 74 53 22 61 9 53 94 43 69 85 22 18 32 99 65 59 67 59 29 24 90 95 80 66 63 19 45 38 69 64 37 67 54 86 46 62 
46 58 39 56 80 57 25 25 92 83 87 15 3 90 1 68 90 23 17 79 58 8 59 78 17 74 43 74 95 37 95 72 33 47 70 96 60 74 94 41 79 72 19 63 91 27 36 14 76 21 
47 57 8 92 89 9 28 9 83 90 4 70 69 40 42 93 1 33 90 26 29 64 86 14 58 81 25 89 38 87 6 47 68 76 60 66 12 72 88 35 15 83 68 91 16 65 94 96 25 4 