50 451
55 13 35 42 99 44 38 72 76 15 38 45 21 57 99 85 67 57 93 47 32 30 57 70 44 27 40 71 22 37 64 47 58 52 58 85 66 23 47 73 79 63 60 59 45 44 61 66 24 46 
38 39 98 3 12 4 4 40 10 64 5 45 26 71 93 46 59 71 10 41 55 57 49 70 59 89 42 80 11 90 20 34 26 61 96 20 10 40 12 91 3 67 84 94 12 59 41 32 36 32 
94 48 45 92 69 76 34 85 80 76 60 17 68 94 37 56 73 47 18 16 13 1 38 6 14 22 57 7 64 1 65 82 9 77 24 39 45 95 9 89 47 98 11 11 6 11 17 58 84 33 
33 6 56 44 66 72 34 19 37 17 26 77 87 68 32 60 90 52 33 78 80 53 64 5 53 84 28 95 72 50 41 42 39 65 40 10 92 21 65 38 26 89 37 50 24 49 49 28 41 6 
74 8 45 47 85 71 75 2 53 20 17 30 86 88 63 70 84 4 66 18 92 86 14 78 55 6 22 12 50 10 39 51 55 78 89 72 11 64 70 21 48 60 53 23 92 96 23 55 77 50 
30 6 66 68 19 13 8 14 83 5 27 70 78 75 45 62 11 36 33 81 99 94 60 99 47 59 14 86 22 95 92 85 10 23 34 14 93 16 68 73 35 10 24 96 77 41 86 62 77 68 
9 19 83 44 71 43 8 10 71 62 69 32 19 22 44 18 21 85 48 38 69 95 67 59 39 44 39 95 28 74 43 93 44 11 51 43 80 51 21 14 68 7 33 22 36 5 58 32 96 81 
7 11 94 36 95 22 61 52 80 52 7 99 56 24 10 90 55 32 85 36 94 53 33 84 48 94 67 6 56 46 81 96 69 11 65 81 26 17 86 53 67 16 55 36 61 38 31 5 56 79 
96 84 84 60 82 7 35 23 46 82 50 22 28 41 12 34 80 98 39 78 51 50 18 84 19 66 60 41 1 36 90 63 79 40 11 68 35 77 73 98 71 20 65 75 47 75 67 89 50 53 
97 51 62 35 43 67 26 73 76 22 25 76 66 78 26 46 83 84 97 36 4 43 53 72 15 20 34 11 11 42 11 29 96 15 58 83 55 44 14 53 81 79 43 12 48 10 69 61 89 20 
99 32 40 65 51 54 75 67 67 55 76 37 47 77 71 73 98 93 81 58 77 3 66 84 27 19 47 56 32 82 92 18 30 67 89 45 55 81 44 67 34 98 38 16 77 27 85 4 43 21 
68 83 29 28 42 51 80 54 56 60 87 31 71 72 59 71 62 63 16 57 30 69 41 56 96 82 98 13 97 67 14 44 74 82 7 2 81 11 72 94 67 53 65 24 89 67 11 81 54 86 
14 62 27 64 86 93 94 57 16 27 20 2 19 17 53 17 2 99 94 42 20 17 92 57 69 12 43 34 18 77 99 80 61 4 49 46 13 18 26 44 56 73 86 33 58 31 98 44 44 77 
61 4 53 18 35 91 94 36 16 16 80 83 86 32 58 12 15 97 23 51 22 46 8 68 10 75 93 24 78 62 52 90 51 31 44 95 94 23 39 59 19 35 30 56 98 12 63 6 77 53 
92 85 30 88 60 61 97 86 88 88 75 26 64 16 78 68 40 31 67 26 34 96 61 75 39 85 9 58 51 43 77 25 53 95 2 52 85 40 34 62 44 95 79 41 90 45 98 28 23 7 
15 89 65 18 45 53 27 13 14 52 66 13 6 67 59 1 2 96 2 65 13 21 80 21 81 47 16 93 58 17 64 62 67 78 43 2 16 61 87 6 51 85 72 64 78 1 92 40 46 30 
90 82 91 49 17 49 10 24 92 87 78 84 42 10 91 60 69 10 28 96 24 59 44 21 79 35 21 50 50 12 43 6 58 39 57 43 42 20 27 50 41 16 28 71 23 14 10 66 24 25 
62 13 41 75 59 42 66 96 99 55 22 24 97 78 96 16 88 8 69 67 9 11 21 34 11 41 62 29 84 98 61 99 95 10 19 58 76 18 90 69 46 49 62 60 63 27 97 48 14 76 
64 79 7 8 23 62 43 84 61 57 28 92 24 44 97 97 91 35 31 16 81 57 24 25 8 40 51 77 47 8 15 37 33 58 86 72 78 93 94 44 22 70 14 25 54 58 70 98 93 34 
74 62 15 59 85 52 93 47 32 46 8 55 27 55 54 61 50 62 37 79 46 83 41 93 88 92 70 14 72 13 37 38 34 71 35 8 32 75 63 44 26 27 44 88 67 15 3 58 29 70 
27 57 8 61 78 11 86 79 98 93 38 65 62 65 21 90 99 65 62 73 62 13 56 52 84 58 72 68 2 36 53 48 23 26 83 3 67 96 37 30 42 13 14 7 94 70 19 21 42 64 
31 96 34 81 6 63 80 17 8 53 33 68 94 53 59 35 15 24 33 61 92 29 25 14 6 12 88 12 22 88 50 48 95 25 40 51 32 64 31 5 81 84 50 79 40 84 96 83 78 75 
26 38 68 18 13 63 40 26 79 53 91 73 94 92 54 43 58 28 67 54 74 9 74 28 99 39 80 31 59 94 26 23 25 87 33 54 14 92 82 61 5 80 53 31 33 86 85 37 29 30 
72 27 88 55 17 51 92 42 52 76 45 32 15 83 36 68 81 51 15 59 20 93 20 83 56 27 67 64 6 72 33 36 51 12 56 76 54 66 90 35 59 21 26 32 61 11 66 23 10 71 
45 62 71 73 82 40 94 95 27 37 65 53 87 69 72 58 29 69 39 87 28 26 83 95 33 17 30 23 80 71 99 33 8 4 32 74 27 90 33 17 61 28 89 32 84 8 8 6 39 57 
74 96 21 8 81 99 75 66 8 79 58 17 49 70 96 77 29 39 41 99 74 7 84 36 39 86 52 49 88 84 5 64 47 15 48 6 19 68 23 22 96 36 46 28 58 22 19 57 77 82 
17 8 72 9 42 21 99 96 65 41 76 12 93 11 63 39 58 32 1 19 27 27 87 48 80 90 14 80 7 69 22 41 75 43 15 97 63 50 17 32 11 44 81 93 22 23 24 57 32 59 
26 80 94 31 34 59 67 52 55 66 46 66 91 47 67 52 48 89 9 2 3 98 39 36 44 81 23 86 34 7 64 95 70 61 61 56 92 99 22 27 67 45 82 88 48 69 92 39 32 13 
32 72 38 54 54 90 22 18 54 51 43 45 28 8 46 6 37 39 24 67 73 44 68 40 84 39 74 98 83 60 77 5 98 90 45 49 7 83 76 83 76 43 15 37 91 37 86 23 58 74 
31 83 53 43 38 80 92 50 53 20 95 45 36 42 15 28 77 83 31 72 32 49 20 89 47 9 51 29 91 43 96 55 14 48 39 37 60 77 62 97 37 24 46 64 82 70 46 9 60 41 
79 18 23 50 44 20 48 69 88 17 43 55 63 89 20 68 26 80 82 81 60 82 32 45 39 95 79 79 72 60 57 31 35 36 56 74 26 32 21 80 12 77 30 46 48 96 61 86 93 78 
31 23 44 76 80 44 76 90 53 40 86 56 81 24 6 29 93 70 17 37 86 74 58 85 88 47 12 40 15 32 1 64 93 63 18 44 51 19 68 91 22 88 75 35 42 64 59 64 81 22 
6 77 27 44 2 88 54 1 96 23 2 62 53 37 51 82 99 17 2 74 79 85 50 1 81 24 87 11 98 36 29 28 51 54 97 94 14 21 49 12 78 2 35 23 54 2 43 4 40 77 
67 92 68 3 51 85 24 24 3 20 65 31 69 47 39 38 72 41 58 2 56 93 59 1 60 7 84 42 94 54 90 4 34 27 75 77 86 28 70 9 71 59 59 70 76 47 72 75 48 68 
9 85 42 68 90 28 25 31 36 32 76 29 39 50 81 25 52 7 59 27 53 49 21 13 78 64 28 3 32 98 65 85 75 64 29 52 70 25 69 37 95 53 84 2 63 68 7 63 72 82 
62 80 36 72 10 23 59 49 69 29 37 23 98 75 70 45 69 91 28 60 18 27 42 64 22 11 41 78 15 45 39 90 66 88 68 88 40 41 53 86 41 7 56 85 62 25 9 91 34 94 
79 15 63 95 48 1 79 44 49 34 67 62 96 42 82 45 50 77 1 71 23 20 4 13 79 93 75 68 69 88 52 33 91 36 21 99 76 48 35 86 65 84 68 69 5 85 57 85 87 33 
81 74 77 22 35 95 66 36 98 58 47 85 16 38 58 86 70 43 31 9 60 29 99 58 19 23 9 55 39 58 89 30 11 25 41 56 86 38 91 9 36 67 14 24 9 99 78 48 20 94 
56 84 18 2 46 60 21 45 24 73 15 35 39 71 71 71 4 35 72 34 12 33 43 55 25 84 18 28 7 80 52 37 35 90 35 5 32 4 1 12 13 15 87 21 14 48 74 85 36 96 
98 8 48 48 14 81 25 3 70 30 33 44 56 90 59 18 26 45 81 31 60 4 72 43 60 61 47 29 2 33 54 41 22 10 61 16 45 70 81 76 91 9 41 67 79 80 28 38 22 19 
29 52 88 67 78 76 49 90 66 61 58 52 28 87 18 50 40 6 37 77 79 6 43 30 85 85 50 75 21 13 60 57 4 65 23 30 99 33 6 59 94 82 71 86 8 65 85 76 61 68 
97 66 98 26 10 6 88 5 91 18 63 68 44 1 50 99 61 1 44 69 71 87 26 83 28 41 44 80 55 40 13 93 70 56 74 94 94 61 15 93 83 21 42 70 66 27 97 2 96 49 
13 7 89 30 42 39 21 95 71 95 89 78 52 50 64 29 74 66 70 9 27 7 94 63 27 13 24 97 23 27 62 94 86 9 6 52 97 46 73 97 29 47 92 2 61 61 88 14 13 34 
50 79 60 13 92 11 12 77 44 66 81 19 30 47 6 56 34 28 34 50 66 3 19 9 12 73 52 88 97 81 74 86 8 54 61 8 24 11 53 39 49 52 73 62 18 85 26 17 44 71 
8 71 51 28 28 56 28 47 46 12 63 50 11 45 36 58 92 96 16 5 56 74 41 14 41 46 78 67 67 99 26 24 45 82 84 73 4 58 18 19 98 64 61 54 78 28 39 86 37 21 
29 78 88 42 44 38 81 95 56 7 81 82 88 66 14 47 71 91 63 63 79 67 9 68 4 97 78 71 95 4 14 63 93 71 76 40 77 29 97 97 48 6 41 34 23 21 26 43 71 91 
66 10 46 7 15 63 65 72 43 53 15 20 22 26 24 29 62 3 5 87 73 44 37 3 41 28 85 75 97 49 18 53 89 72 86 45 25 71 56 14 75 32 72 99 49 13 44 50 7 60 
62 98 1 58 84 35 66 80 82 52 84 29 80 78 15 70 18 81 11 19 91 10 75 17 82 14 38 4 18 72 19 97 37 66 50 93 13 82 2 36 60 95 19 87 2 18 10 86 12 29 
50 30 64 60 10 1 62 29 3 79 48 94 84 31 10 43 82 22 57 48 97 79 64 13 13 64 11 86 51 33 41 28 50 95 35 53 32 27 49 11 97 49 94 44 59 63 50 47 61 20 
69 44 35 93 81 16 25 31 96 51 72 24 53 62 83 69 18 26 21 24 78 8 3 11 11 14 80 70 57 97 98 6 31 97 89 12 94 65 23 27 62 65 30 71 94 10 95 16 62 65 
6 46 22 48 64 85 70 11 35 76 45 27 42 52 76 87 66 11 33 25 37 86 39 36 72 87 14 93 22 19 15 24 30 88 25 29 20 31 58 17 59 61 62 99 36 22 52 89 41 55 
35 67 20 32 99 41 28 82 50 13 80 26 85 28 1 58 27 30 34 82 43 87 52 36 38 39 63 30 70 12 68 29 33 67 26 74 60 69 23 40 64 38 77 74 89 19 24 20 2 75 
66 76 38 24 6 20 9 77 83 73 35 45 90 58 36 80 60 25 82 2 42 19 87 39 34 96 66 14 86 66 30 57 10 61 5 64 80 80 85 10 57 46 14 71 57 99 53 15 30 88 
71 44 83 81 13 94 97 6 77 82 25 33 22 52 39 68 66 40 15 71 75 62 16 26 49 99 88 48 97 6 65 93 24 40 95 34 70 73 65 29 26 80 14 22 36 11 51 82 15 46 
3 88 81 70 20 91 30 81 32 48 76 41 71 35 28 10 9 30 1 42 93 95 94 1 30 96 87 16 4 9 90 5 53 81 44 97 3 25 82 58 97 91 95 1 66 15 23 86 58 31 
82 71 50 43 52 89 77 56 82 31 11 55 16 41 69 17 18 48 77 48 11 92 49 56 69 7 6 87 46 83 68 32 32 85 7 39 89 60 29 33 1 82 32 6 23 55 43 26 50 14 
32 18 87 23 89 24 60 24 51 98 59 65 26 80 5 94 61 31 56 59 41 52 67 14 39 64 27 9 57 68 82 53 92 86 73 60 4 8 68 25 57 87 70 83 16 26 3 74 18 31 
34 85 92 12 59 33 91 50 9 73 53 34 98 88 72 21 33 77 10 11 96 52 17 40 4 15 23 61 72 40 30 95 63 18 40 52 15 87 88 90 11 94 72 77 76 83 74 81 95 86 
92 53 38 38 56 41 36 64 49 91 6 6 85 67 8 23 17 23 39 84 19 56 15 92 91 27 39 58 74 70 79 15 10 63 9 21 87 86 47 50 66 16 18 59 62 63 88 70 93 97 
62 2 81 35 86 32 64 92 65 43 94 41 80 27 40 11 18 61 12 44 44 5 31 71 81 97 5 98 39 35 22 75 56 75 19 30 97 32 93 63 53 3 68 45 92 13 56 30 20 16 
25 82 11 40 76 37 48 66 97 80 25 81 55 74 62 12 28 41 82 11 97 85 31 23 17 26 2 58 26 63 27 74 11 76 19 59 82 59 77 75 10 40 32 9 1 47 51 87 29 37 
15 77 43 14 76 37 73 29 32 32 99 28 53 36 47 82 4 15 24 15 26 99 20 78 34 9 86 91 35 86 36 57 18 83 8 58 47 3 10 43 5 34 53 94 88 74 47 79 66 13 
34 36 36 75 23 58 99 16 79 31 67 13 5 32 62 68 69 22 3 20 27 12 59 24 22 13 84 58 46 16 99 4 64 95 46 23 46 74 14 84 52 15 16 40 85 9 16 21 73 9 
30 33 70 54 29 61 30 80 95 8 55 11 59 98 38 20 37 13 53 51 40 98 34 42 48 5 28 14 59 60 27 45 90 5 94 23 45 69 52 79 83 83 77 19 40 66 45 60 69 94 
29 27 30 58 26 58 26 63 39 42 40 26 47 36 93 28 75 15 35 98 84 73 86 54 69 97 54 83 45 13 12 59 46 97 27 20 5 58 38 85 43 70 15 76 88 30 75 7 17 81 
26 79 53 33 90 55 98 20 47 72 6 5 8 53 10 90 65 57 57 87 32 41 36 85 64 21 33 69 36 3 25 54 85 1 23 43 31 92 75 34 94 23 97 35 92 81 19 93 91 39 
96 26 74 28 62 95 99 57 17 21 28 47 20 13 81 3 40 65 23 95 60 99 63 62 46 21 47 34 79 58 68 98 82 99 29 4 65 80 89 72 57 57 94 32 51 66 78 57 30 41 
34 52 69 6 36 39 16 77 97 89 78 43 16 91 20 55 9 52 55 98 32 35 37 34 74 86 42 84 46 27 45 47 8 51 21 3 2 71 88 25 4 34 1 86 5 6 86 25 48 1 
8 35 58 12 55 20 38 76 40 32 90 79 65 8 87 12 8 7 49 56 26 42 65 39 14 70 80 43 99 69 55 90 82 16 13 27 78 38 87 47 97 6 30 46 68 5 86 26 9 92 
86 44 76 62 33 54 52 61 61 26 23 70 56 38 22 34 10 65 59 66 86 59 70 83 9 44 3 56 87 29 89 65 73 28 59 94 22 69 86 87 3 81 47 29 70 18 6 69 25 43 
93 94 43 32 40 34 6 6 16 99 55 77 70 20 91 23 79 31 45 29 93 43 32 65 90 77 84 45 87 40 37 18 26 8 26 94 37 53 2 28 32 47 61 25 60 14 26 29 50 92 
61 15 92 81 14 37 37 43 81 1 43 22 2 76 60 55 81 47 30 26 14 41 48 42 64 96 75 91 79 13 24 45 84 83 69 60 33 25 42 17 21 4 67 18 5 78 62 38 52 90 
24 91 7 35 83 90 24 59 52 91 99 53 42 13 56 64 71 39 33 55 52 75 83 14 92 43 5 25 41 45 38 89 22 18 54 10 68 28 36 35 53 66 10 47 30 36 94 29 80 23 
80 70 20 16 15 18 95 50 91 57 54 45 65 34 77 11 26 95 14 51 26 76 99 77 73 33 8 40 94 99 68 70 77 74 18 93 12 65 94 64 80 16 46 64 11 44 93 9 45 89 
6 62 41 45 23 55 86 94 99 86 49 25 40 14 98 63 96 46 99 84 82 29 78 43 84 34 72 71 94 53 30 12 41 20 55 34 80 89 26 74 53 52 45 77 27 8 91 40 23 4 
49 71 70 76 57 91 86 34 9 29 71 50 26 52 35 95 90 11 57 46 12 60 23 70 69 69 55 90 72 9 84 94 44 83 82 79 63 65 50 59 36 19 81 95 82 38 80 14 17 77 
27 69 99 2 13 62 34 34 48 61 50 46 6 91 55 60 9 38 21 12 61 56 85 88 88 68 48 28 67 15 18 67 95 39 22 49 2 95 85 93 23 87 6 10 82 3 51 92 76 64 
42 53 50 98 68 65 64 82 24 14 6 97 61 65 94 69 64 36 93 72 61 6 58 74 99 29 41 12 39 60 32 61 35 49 74 46 18 9 82 35 52 10 9 76 17 97 89 24 72 96 
20 99 3 82 44 15 34 29 86 14 59 35 33 51 20 77 93 37 31 83 13 33 24 32 44 8 6 81 78 45 53 98 94 71 31 92 33 67 11 45 33 24 78 35 92 60 54 62 56 6 
19 90 3 20 30 46 49 17 93 32 95 21 29 56 93 87 30 58 29 85 67 8 59 29 21 73 27 32 68 19 74 4 99 60 72 10 7 40 31 48 61 25 22 61 52 45 25 34 99 75 
12 88 8 4 92 49 37 65 65 69 92 92 75 34 62 61 96 12 81 60 13 38 71 54 86 72 10 26 38 22 87 40 32 59 36 67 40 67 24 70 10 5 5 58 22 11 44 49 54 13 
46 35 88 48 37 72 87 55 13 87 5 53 36 29 41 52 23 90 43 50 6 50 38 86 22 21 18 28 43 20 84 68 94 66 52 49 99 25 49 15 25 14 69 9 26 12 37 56 82 21 
58 64 92 39 99 12 35 97 71 27 87 85 93 71 57 22 85 97 97 55 64 89 8 46 3 94 93 4 79 51 6 57 32 74 76 66 16 86 11 60 13 89 41 22 78 3 9 24 40 36 
45 54 41 19 77 43 81 48 89 27 36 39 88 26 11 16 70 83 54 10 56 58 41 32 29 62 88 7 40 51 9 94 76 35 93 96 32 84 61 39 23 48 80 76 18 36 36 80 60 76 
95 16 44 57 52 68 9 97 13 57 19 38 75 7 16 6 4 65 95 17 93 29 57 3 82 59 11 42 74 24 26 49 10 85 27 47 92 12 6 6 54 1 83 87 41 71 52 44 49 43 
79 32 37 6 31 70 91 12 72 1 61 66 77 7 43 77 79 35 19 37 27 50 78 76 59 78 9 56 32 22 84 37 30 71 23 49 39 1 26 94 86 20 82 38 41 98 62 83 79 93 
67 59 83 59 9 82 11 28 57 22 27 5 33 66 72 60 17 81 84 87 49 28 99 74 34 4 27 14 80 15 43 31 92 91 51 63 7 51 38 22 41 22 67 68 70 52 17 23 43 96 
76 37 12 2 35 23 62 23 89 51 36 66 69 27 67 23 23 50 12 10 43 53 21 59 62 96 50 90 25 85 55 74 78 68 27 88 42 54 83 46 50 84 96 86 37 19 43 26 5 76 
76 96 64 51 87 42 89 61 52 99 32 52 12 80 45 37 64 90 16 84 80 6 27 49 55 59 64 36 37 75 22 11 16 59 74 68 10 18 10 49 4 88 2 83 49 34 98 11 47 49 
59 73 48 38 8 76 50 21 26 36 91 56 10 2 30 11 27 86 67 17 98 75 62 89 35 69 98 16 43 77 11 96 44 34 39 77 74 53 94 15 49 79 74 14 13 47 38 32 72 78 
72 96 87 30 64 98 17 11 46 45 59 24 87 86 37 54 52 2 38 59 50 60 47 45 88 76 97 42 96 82 31 96 92 84 28 76 37 31 75 3 67 65 83 7 37 90 43 44 63 85 
32 78 9 38 61 70 26 28 41 10 67 82 61 80 52 58 75 89 85 64 37 72 67 77 46 8 40 14 45 97 91 6 63 36 51 64 60 76 70 4 3 35 16 62 16 46 42 67 32 44 
41 29 93 1 16 56 54 74 58 51 96 93 1 18 57 52 57 33 25 14 9 47 54 47 44 12 50 33 38 98 2 62 80 62 97 68 84 77 29 53 20 41 3 28 7 86 35 1 82 64 
90 52 99 57 25 52 4 98 58 10 99 91 21 5 47 90 25 1 16 32 77 79 62 46 87 38 49 61 19 19 86 32 51 5 87 12 82 47 85 56 8 49 61 78 51 59 88 32 11 13 
67 96 24 95 33 79 27 57 63 49 84 49 74 22 5 66 26 15 36 14 55 24 50 86 32 9 63 84 11 11 24 76 37 91 76 41 89 94 85 21 54 64 6 71 84 88 72 62 52 17 
53 85 55 82 36 6 5 92 5 39 34 75 7 46 71 75 43 7 11 7 54 95 85 91 97 47 31 35 14 81 97 33 89 19 42 20 90 55 64 82 1 62 98 78 86 51 89 39 17 38 
19 50 18 11 53 52 46 11 93 38 36 39 76 41 9 38 86 58 28 29 17 7 42 7 94 86 58 72 59 19 3 89 71 72 81 23 34 42 24 72 62 76 40 51 30 51 21 17 21 80 
46 68 34 36 18 36 84 53 78 20 16 33 91 90 77 69 90 41 52 97 14 60 28 27 29 86 73 33 88 86 44 77 72 40 30 33 19 85 35 84 84 68 31 62 31 59 61 41 52 56 
73 56 46 38 81 55 10 56 69 93 96 26 69 2 43 51 34 10 34 94 36 18 93 17 85 98 56 79 99 62 64 77 87 75 24 29 72 52 18 78 74 63 27 11 81 20 1 38 61 53 
68 28 28 31 69 12 41 46 65 6 92 73 89 46 51 28 19 42 85 9 38 76 64 20 63 62 83 57 99 34 48 94 9 6 7 67 90 47 85 7 19 21 48 1 98 1 64 55 13 42 
9 53 55 99 49 65 89 89 81 18 77 47 27 93 34 81 85 10 34 53 70 10 33 17 83 28 24 77 55 37 8 64 93 73 90 92 26 56 78 98 73 1 22 82 72 73 4 36 35 22 
19 94 64 98 59 40 36 81 75 91 33 42 57 6 66 33 48 37 45 53 66 51 59 58 32 36 9 90 53 96 85 45 29 69 11 29 48 91 76 96 13 22 14 90 21 87 83 33 14 94 
48 89 16 77 64 63 52 67 50 31 78 31 81 68 39 84 13 20 56 92 22 40 29 72 92 55 75 56 57 41 43 12 52 70 81 7 61 37 50 12 38 17 83 18 7 47 79 60 49 44 
31 70 56 31 93 23 44 62 55 59 33 57 87 24 63 79 98 53 10 80 91 70 93 7 23 15 62 14 83 1 37 70 91 56 11 61 28 29 55 13 51 87 43 28 77 22 71 68 35 6 
38 59 83 52 75 45 80 20 79 29 94 22 94 64 32 35 7 15 92 74 96 74 44 44 13 36 54 58 15 43 87 92 52 12 11 73 40 6 8 17 10 17 33 60 29 5 2 4 79 1 
56 12 67 77 34 53 20 51 48 45 12 82 83 31 48 89 96 21 27 13 59 39 37 92 3 56 75 38 53 75 12 20 7 94 50 38 26 89 57 35 16 86 77 49 24 31 95 87 41 69 
23 2 4 12 63 19 91 51 73 69 44 38 86 34 61 65 65 1 69 10 99 5 80 53 64 43 27 92 95 57 81 73 4 76 37 49 38 24 87 9 18 80 99 34 58 85 28 67 89 11 
98 60 2 71 80 46 54 32 55 96 85 39 1 97 91 96 73 95 43 87 10 95 97 22 15 63 90 3 34 65 50 83 52 47 67 62 27 90 20 27 1 33 85 37 50 27 18 97 93 21 
17 72 85 29 98 31 28 43 10 30 40 16 87 45 21 26 67 20 63 17 22 37 31 10 35 31 11 68 24 46 60 61 81 79 30 32 15 37 62 29 2 69 25 89 47 63 58 42 47 36 
66 85 80 68 77 20 27 72 11 15 20 93 49 34 62 50 63 22 25 79 19 10 11 51 45 18 10 88 87 10 6 26 53 39 91 99 83 39 58 67 83 88 84 18 23 72 45 51 34 82 
89 60 56 35 15 5 88 49 10 66 57 45 33 96 5 55 11 36 25 83 73 48 77 81 83 88 72 2 12 8 87 78 40 22 78 30 48 52 77 88 75 27 69 78 17 32 50 19 34 58 
65 87 78 42 52 22 11 13 94 87 70 73 49 89 80 27 47 87 76 8 62 99 41 72 43 39 77 50 42 99 40 66 48 56 83 23 71 41 77 1 76 11 90 19 97 76 15 12 14 25 
34 42 97 76 76 60 94 23 3 87 78 60 34 77 45 58 71 43 7 14 10 57 67 50 41 88 74 98 90 20 76 40 73 80 49 51 65 57 97 95 71 71 36 55 48 51 40 63 56 22 
9 28 33 59 44 79 99 28 23 60 42 33 5 48 22 45 84 84 21 82 20 94 15 26 96 17 23 98 22 53 56 19 56 57 85 97 71 15 44 69 27 40 99 86 80 95 94 10 41 59 
75 29 61 92 5 69 54 47 64 29 92 51 5 93 57 53 54 78 32 27 99 55 35 24 25 2 26 26 79 72 79 52 91 32 49 22 72 19 66 73 71 61 87 29 7 78 34 10 28 15 
95 8 70 68 15 62 60 69 94 73 38 53 50 70 72 93 81 65 17 96 77 1 72 97 16 88 61 79 34 30 5 24 79 77 36 42 92 92 94 41 62 45 73 62 79 66 47 98 7 96 
50 14 58 76 11 95 72 94 8 11 8 75 87 11 28 48 81 97 6 96 30 34 17 51 84 89 57 18 36 29 51 6 45 98 92 75 46 16 42 91 5 87 98 13 70 11 56 45 77 19 
18 28 18 6 92 39 73 39 54 41 17 59 3 50 39 23 12 25 76 66 39 5 79 77 10 32 89 91 88 61 3 96 38 56 2 1 95 22 84 26 31 46 65 83 62 99 71 55 5 5 
46 68 57 56 22 99 53 48 19 92 84 13 74 52 28 75 13 25 72 19 53 31 62 52 54 46 66 55 68 80 30 76 3 14 10 34 41 19 97 1 45 34 32 20 45 29 32 62 8 90 
8 36 27 58 20 59 39 19 89 62 23 57 3 64 85 93 89 77 92 79 18 69 44 71 18 78 87 80 69 46 8 60 15 6 88 19 93 57 74 17 66 99 51 38 94 88 86 47 23 34 
61 62 46 71 73 91 64 1 60 97 53 36 41 45 39 42 33 78 17 50 28 10 40 92 38 63 26 83 26 77 39 55 62 21 76 60 4 58 19 92 17 67 13 73 2 10 62 57 27 74 
99 30 27 74 14 34 30 58 30 81 42 7 3 11 22 69 80 23 8 62 5 68 97 83 10 64 11 50 14 86 20 6 38 6 35 43 57 90 22 85 89 79 47 61 31 28 81 59 96 43 
87 43 61 16 3 86 64 63 58 99 76 91 62 92 18 26 28 58 50 98 76 6 17 49 94 22 62 38 68 22 81 89 25 50 91 85 65 11 66 25 4 28 26 73 73 37 90 64 73 64 
35 36 7 15 49 17 30 49 67 73 50 92 40 38 43 65 79 46 47 85 56 79 46 59 78 43 96 10 33 43 20 71 76 82 22 18 68 30 66 16 14 98 17 92 13 48 9 31 33 17 
23 46 9 92 36 44 82 62 80 38 15 31 61 58 27 50 43 9 61 79 78 79 3 32 9 71 46 66 56 69 47 46 96 67 83 5 8 50 95 28 3 46 50 75 30 14 48 31 55 96 
54 53 18 68 91 62 14 5 7 5 36 35 79 39 95 64 39 57 57 90 60 93 70 20 33 14 36 62 99 71 52 12 22 68 57 91 69 44 95 8 88 57 55 25 79 43 2 68 5 4 
67 85 89 43 92 68 98 23 77 42 33 33 93 56 88 12 35 99 17 52 8 31 43 31 80 30 4 26 68 64 52 47 94 16 23 44 38 7 7 97 90 68 87 81 45 49 55 46 2 62 
9 40 87 93 29 75 55 32 32 7 43 55 98 89 52 1 97 12 48 98 44 56 13 9 71 44 82 78 18 35 41 97 55 80 22 35 3 75 57 13 51 25 12 33 28 11 8 48 1 73 
54 88 54 17 57 45 24 26 11 20 13 39 45 38 42 14 1 88 73 57 70 16 48 7 53 12 92 16 13 88 92 72 15 83 12 39 20 58 31 47 69 54 28 40 37 94 5 47 80 75 
6 13 61 20 84 20 69 83 29 15 93 2 66 40 10 2 66 30 53 39 12 80 42 57 53 26 38 72 39 77 89 62 30 70 4 22 2 56 16 99 5 42 38 42 91 29 94 13 75 44 
39 70 80 64 90 91 6 99 58 42 13 97 42 81 92 42 40 12 82 75 83 8 36 33 20 21 18 54 70 56 60 31 65 6 14 51 50 66 28 57 25 85 68 72 50 24 86 31 63 2 
98 96 76 99 68 1 16 69 53 73 12 60 5 30 36 38 82 60 60 10 47 11 41 31 34 89 39 60 86 56 40 37 16 84 45 96 7 59 45 25 43 24 62 73 61 95 58 75 27 8 
52 14 84 47 82 57 6 57 22 11 48 39 28 34 3 12 74 59 81 80 4 31 29 18 80 68 49 72 17 7 94 18 56 20 50 47 56 7 60 92 3 12 37 62 7 34 94 91 62 36 
7 94 88 94 14 68 7 55 61 91 41 79 46 23 56 41 57 84 94 94 77 14 99 37 60 69 33 86 95 69 67 68 40 73 53 28 94 82 1 53 57 56 75 79 95 9 80 59 76 62 
87 19 7 95 81 94 27 99 24 61 92 76 56 12 7 25 64 91 68 65 15 29 37 66 54 66 14 95 1 10 29 6 42 81 74 71 26 93 3 87 4 55 67 90 88 98 4 20 23 57 
64 44 74 42 8 46 50 86 55 96 93 65 15 57 28 62 76 59 59 48 76 99 52 75 91 1 65 31 63 10 13 16 2 6 14 92 63 5 72 70 91 95 31 12 42 29 67 85 43 11 
60 35 74 30 96 57 81 55 13 16 21 68 50 17 10 65 95 46 6 5 69 29 73 34 96 35 86 60 81 31 14 10 9 76 41 32 86 44 52 18 21 97 13 60 89 53 77 74 28 33 
99 70 6 90 79 88 78 36 51 75 47 96 46 25 66 37 64 45 65 22 75 64 91 93 2 30 17 13 16 13 53 59 41 37 93 94 58 27 35 89 11 89 13 75 88 13 22 15 58 71 
83 44 41 78 3 41 13 14 58 3 74 86 96 21 90 61 18 34 96 83 5 77 13 48 83 98 72 76 29 13 18 31 37 64 25 47 64 66 34 35 20 78 78 16 60 32 27 44 66 51 
77 96 44 99 11 85 70 73 90 50 86 60 65 45 4 39 91 58 70 35 61 78 74 79 72 38 20 57 91 37 96 90 25 63 53 68 4 53 10 11 51 69 64 41 76 2 49 49 30 41 
20 77 67 81 58 68 91 32 57 5 62 96 34 59 52 5 41 37 17 30 48 54 55 14 3 74 91 4 33 42 93 86 91 36 50 2 68 49 33 21 28 62 48 56 42 6 27 39 93 5 
30 14 73 53 2 80 54 12 11 37 35 13 26 57 20 92 81 11 11 4 18 57 77 41 65 32 54 11 77 39 28 41 91 80 97 3 11 74 62 3 21 99 27 97 88 1 13 36 7 51 
23 26 46 83 40 83 95 66 72 34 22 75 2 36 34 60 13 73 72 35 49 46 48 76 62 93 37 28 14 71 39 70 27 73 37 43 41 57 88 87 64 55 20 50 14 29 63 70 76 88 
31 29 23 92 48 20 96 96 61 15 69 58 12 85 96 13 23 63 31 24 55 10 39 89 58 6 21 96 8 47 64 60 99 94 4 25 77 28 92 49 9 48 25 24 42 43 68 48 4 44 
83 49 69 61 10 52 64 81 72 91 78 27 33 80 16 74 6 35 65 76 20 70 83 40 17 77 11 45 1 57 27 33 27 27 92 81 34 87 32 15 35 81 21 25 13 77 10 48 3 33 
65 37 26 9 82 11 60 78 99 48 29 13 38 84 69 18 4 61 93 87 80 12 26 79 72 22 5 67 65 54 81 16 50 57 95 60 72 7 84 44 61 15 40 61 40 35 84 66 40 74 
14 81 41 54 99 22 27 86 39 73 72 6 84 75 25 32 6 11 90 86 39 78 86 77 93 42 39 41 85 69 36 7 10 49 52 42 4 91 19 63 60 64 89 46 16 48 24 44 94 18 
43 15 27 54 44 97 38 91 6 13 54 68 81 81 86 13 40 44 17 61 1 62 18 46 54 16 63 44 55 59 38 14 68 37 41 31 73 62 7 42 85 74 29 20 69 97 30 58 90 67 
98 91 92 73 92 32 48 23 53 42 56 78 76 53 30 57 39 61 34 22 56 35 54 51 94 66 59 35 22 48 83 56 17 38 77 33 10 76 63 73 1 83 94 83 40 84 44 48 41 31 
89 97 27 32 36 87 30 46 85 20 84 11 99 89 52 66 74 55 83 56 19 38 64 17 13 36 28 43 9 77 1 6 90 68 16 19 78 35 60 96 29 80 95 43 23 71 35 51 41 19 
16 32 39 92 95 86 68 98 24 12 7 27 52 45 74 27 41 18 36 15 8 32 61 25 64 11 61 3 82 26 57 98 23 5 14 29 81 87 29 87 28 71 34 44 9 70 10 66 67 76 
98 37 44 79 70 56 69 53 16 55 46 15 68 42 95 92 98 25 24 60 51 17 89 3 26 74 16 44 52 58 19 27 64 62 25 1 70 11 6 96 80 17 2 62 73 32 51 67 11 47 
73 45 64 58 55 61 86 32 52 74 22 51 30 74 13 2 3 96 28 55 21 54 51 12 17 56 27 98 82 43 93 4 14 10 97 82 92 7 23 77 57 14 70 94 37 38 97 82 50 66 
32 52 41 68 84 75 12 78 82 30 10 94 31 32 73 49 61 88 88 77 81 84 37 28 44 29 64 32 38 40 88 4 42 96 68 18 43 61 11 17 73 32 65 50 12 74 33 23 79 41 
6 9 88 23 24 5 44 11 74 11 44 15 6 65 60 25 32 12 36 18 48 84 67 87 68 99 55 22 42 9 31 74 82 96 27 84 69 15 35 92 7 10 79 93 24 72 91 58 38 51 
20 41 12 78 86 2 19 72 83 37 46 19 10 64 7 40 7 48 2 4 93 67 14 30 25 87 77 69 77 98 13 49 63 22 12 55 35 27 68 53 86 63 93 5 73 98 65 71 18 41 
24 73 25 11 26 78 54 88 96 83 54 13 2 33 23 58 55 64 37 79 30 18 88 13 69 93 97 98 89 44 48 85 60 3 60 60 67 38 57 1 5 23 9 76 85 57 86 97 61 89 
96 97 29 98 86 28 61 45 63 43 40 48 7 37 10 84 53 51 14 4 26 32 58 81 39 89 47 8 48 98 8 84 80 95 87 54 64 83 78 60 34 91 92 21 98 81 75 32 37 92 
73 77 92 39 85 1 7 87 79 83 33 94 42 32 59 74 79 43 39 25 10 9 38 59 11 58 90 41 82 12 45 23 87 39 27 87 18 94 62 98 30 70 14 50 52 8 18 58 94 55 
3 30 21 39 6 18 57 28 2 9 24 49 84 14 12 32 30 73 96 66 25 26 41 31 63 35 56 73 58 37 27 52 88 55 39 68 11 82 58 7 74 90 46 5 32 57 71 41 94 25 
54 4 40 97 35 77 57 88 27 46 13 17 94 92 19 70 52 94 43 80 66 55 99 81 96 34 70 76 71 69 57 24 10 66 56 56 6 66 20 96 77 61 13 73 91 71 2 83 82 83 
28 25 62 85 21 2 3 63 63 47 28 39 48 85 22 72 55 16 76 28 77 31 83 70 63 59 66 22 98 31 35 1 33 98 87 43 20 31 40 49 16 78 58 24 44 2 50 67 21 73 
13 72 51 5 89 9 9 36 14 14 2 10 95 54 63 87 63 92 69 23 63 26 7 12 36 95 20 50 7 97 68 28 9 17 44 91 93 12 52 39 64 87 66 93 61 87 53 3 63 67 
17 59 76 23 67 40 31 52 42 10 18 55 13 62 4 94 3 14 89 96 7 59 79 22 65 7 34 2 12 50 8 72 62 96 46 71 1 88 53 6 89 61 45 15 7 42 61 6 82 28 
32 20 15 82 90 91 15 68 41 59 99 27 3 8 41 86 52 34 24 67 76 73 38 73 71 2 56 76 59 2 67 73 74 94 20 35 94 53 3 36 2 5 28 22 31 12 69 66 28 65 
23 54 77 85 6 80 52 16 37 6 84 66 72 18 40 23 15 11 34 25 95 4 47 48 46 48 60 92 79 16 67 1 33 8 96 57 8 2 29 84 5 33 81 60 70 67 47 14 23 38 
6 26 17 57 48 62 11 28 12 33 42 95 28 90 34 96 93 51 9 93 88 59 41 65 85 81 5 59 2 82 59 79 54 7 7 15 63 59 95 84 32 36 73 49 5 14 15 97 66 6 
99 30 49 14 71 44 96 92 16 83 69 2 41 95 79 1 33 1 16 27 77 94 59 68 35 25 53 32 91 65 2 50 1 94 63 21 3 84 92 46 77 51 51 27 16 8 99 40 66 66 
96 94 56 8 80 70 14 60 89 43 94 12 77 3 60 38 41 39 23 27 88 62 45 41 63 39 50 16 42 88 32 82 15 30 82 18 54 35 2 40 38 25 17 41 19 32 76 35 37 33 
3 19 12 3 57 88 70 81 45 14 59 35 7 47 81 97 27 8 53 14 49 51 91 50 75 49 79 43 90 78 34 24 17 32 62 65 93 85 15 11 58 23 9 51 56 27 68 77 3 30 
10 49 79 69 83 55 59 95 31 42 60 75 66 60 33 12 7 91 35 12 20 9 7 82 4 55 39 4 71 53 11 44 43 29 84 57 83 32 47 59 4 3 97 56 94 80 58 77 57 16 
92 5 76 54 55 72 81 46 14 89 1 17 90 36 99 44 55 32 37 12 76 2 49 53 99 25 12 43 70 27 38 62 68 84 19 88 37 64 68 87 38 7 87 61 22 68 71 17 43 60 
17 36 14 35 3 25 23 23 9 30 61 57 3 33 93 11 54 93 3 3 67 1 21 23 37 49 81 96 83 78 58 8 11 98 21 12 26 94 55 93 49 59 20 30 20 17 62 53 72 6 
87 70 36 5 21 29 67 1 26 26 13 85 90 34 14 84 51 65 42 41 65 41 22 97 41 25 87 93 31 81 19 15 76 80 66 15 6 96 75 69 75 34 74 73 71 59 99 29 5 11 
27 64 59 78 8 3 84 87 96 9 92 54 52 17 89 16 76 70 54 89 87 73 48 84 58 98 34 82 16 39 77 69 71 48 38 85 40 96 7 95 16 17 86 77 41 5 33 83 49 18 
73 2 97 53 28 28 61 61 47 30 93 26 66 29 28 91 9 58 26 64 36 18 29 14 6 70 19 26 84 50 56 47 95 51 65 1 86 82 7 92 60 60 99 56 42 25 49 99 10 22 
94 65 83 31 56 32 30 58 63 82 69 19 25 4 40 51 85 92 67 27 81 85 30 50 1 24 36 55 52 23 71 82 82 96 43 27 82 12 40 54 52 78 61 65 56 83 63 63 78 88 
79 64 72 20 8 82 64 67 4 16 31 8 79 98 58 28 96 73 11 92 35 54 55 76 1 57 35 4 23 72 20 12 22 5 21 89 88 47 94 14 24 62 5 6 30 84 63 62 87 60 
46 7 28 31 95 3 22 62 34 52 28 41 31 87 35 95 95 91 69 95 60 26 97 79 98 4 11 52 8 82 32 91 89 68 65 14 18 98 29 35 96 49 51 46 11 63 16 42 7 5 
60 36 1 39 59 38 24 94 57 5 50 64 95 33 18 71 66 13 41 98 68 27 83 30 69 91 76 27 91 47 7 8 49 29 22 10 61 82 71 79 50 91 99 87 92 73 7 26 29 4 
68 30 2 46 60 44 71 65 82 18 41 72 37 2 88 41 50 78 72 34 16 24 93 70 19 35 48 69 38 59 82 17 88 68 46 91 77 57 8 6 13 54 39 53 25 60 24 69 57 74 
93 22 39 82 97 46 9 16 42 61 90 62 39 94 4 96 50 77 47 56 44 9 60 43 81 25 56 7 71 2 29 10 9 61 14 68 74 19 66 5 65 13 34 75 22 79 44 82 16 36 
62 63 22 40 15 59 25 44 95 31 58 5 63 77 5 68 81 40 28 88 43 23 34 86 3 73 84 37 4 63 79 21 70 15 17 83 49 42 35 13 81 36 59 82 7 49 84 31 9 21 
2 44 83 85 34 51 63 74 62 67 61 63 52 4 25 36 20 99 47 31 13 54 62 25 88 66 33 26 4 44 76 24 81 56 95 88 31 86 52 47 6 55 42 49 14 43 87 88 11 18 
23 85 69 23 44 96 37 8 42 22 67 58 21 12 2 58 91 74 30 74 91 63 64 8 21 69 30 79 45 3 98 98 27 29 58 58 92 38 50 85 81 24 53 83 2 52 37 52 18 5 
22 1 76 67 4 91 79 3 77 90 70 48 20 60 52 98 90 85 17 48 80 51 84 98 24 71 55 80 30 23 80 92 84 48 67 13 69 15 71 44 22 73 10 66 65 76 86 63 18 1 
26 29 88 72 17 22 60 83 32 4 63 46 38 81 99 32 52 21 88 90 4 32 47 70 24 9 86 27 62 82 37 41 22 62 51 17 15 26 84 88 59 4 95 92 98 43 14 53 23 31 
15 96 3 50 15 35 52 98 19 35 36 28 47 15 70 95 16 32 63 91 68 59 14 32 26 67 89 49 98 34 80 28 8 17 69 81 30 98 72 44 74 34 8 22 7 92 12 10 79 77 
86 2 87 46 24 64 71 53 36 53 57 79 17 1 38 51 63 21 50 90 61 77 68 86 17 58 77 34 92 9 61 67 79 98 79 63 23 3 61 91 16 61 25 53 95 55 41 45 45 7 
44 25 58 34 92 87 32 58 55 81 46 20 11 69 94 45 41 63 89 84 43 43 34 3 25 22 32 55 77 53 8 99 26 40 7 63 11 83 91 8 49 44 79 97 96 43 89 80 77 11 
73 87 26 45 49 4 97 35 11 84 70 31 73 84 46 33 1 49 24 32 1 14 45 69 65 92 97 71 90 37 57 17 56 18 54 78 58 87 53 97 6 4 27 8 69 2 25 22 74 55 
39 9 43 29 55 24 73 55 87 69 76 90 64 26 19 99 11 7 57 88 89 27 74 49 51 14 80 20 86 44 93 9 75 52 90 4 77 58 3 2 90 78 12 38 14 63 1 21 8 9 
16 13 99 6 55 9 74 30 77 36 65 70 82 69 12 19 25 27 92 21 56 7 32 94 59 34 29 51 67 77 47 64 61 22 35 87 5 23 66 77 26 86 98 10 27 7 19 51 82 44 
90 5 57 24 91 44 43 46 49 8 96 7 5 93 35 91 37 64 30 18 24 92 11 80 69 21 24 83 59 90 6 2 73 6 16 62 29 50 68 14 45 62 14 70 49 5 53 48 99 40 
93 77 32 83 10 68 96 74 7 78 39 19 22 27 32 68 90 41 87 31 56 12 53 16 48 8 69 21 43 35 48 39 7 20 30 10 93 90 8 98 37 41 60 32 1 75 84 55 99 69 
37 99 95 49 62 29 3 17 44 60 77 95 81 61 87 39 24 46 97 2 92 49 17 99 41 35 89 28 56 35 12 83 25 89 89 37 30 86 12 62 45 54 84 96 41 64 63 19 61 13 
36 44 44 50 52 6 15 56 95 88 13 91 4 73 20 87 76 20 38 64 53 67 84 54 79 81 58 92 60 17 83 66 37 71 11 98 34 71 48 86 82 26 69 1 53 53 31 58 69 7 
55 86 2 51 57 80 22 14 18 47 61 42 41 58 13 47 32 77 97 49 68 36 45 57 87 55 83 18 97 65 52 95 68 88 51 29 2 24 4 8 63 21 15 14 80 88 90 9 20 32 
56 37 28 3 27 93 79 30 64 88 91 95 66 49 41 59 52 8 71 55 68 73 28 3 67 41 79 6 63 6 5 4 96 95 33 13 66 76 91 86 84 73 9 25 31 81 4 50 32 36 
63 75 41 8 86 86 41 48 3 52 22 38 8 1 59 60 64 69 65 20 4 95 94 24 18 60 94 75 18 6 90 67 42 85 61 13 92 98 16 89 7 14 93 50 19 77 14 85 93 89 
86 49 71 70 7 64 73 11 80 17 98 2 49 9 22 65 69 28 18 68 99 86 48 40 71 46 5 30 30 46 99 57 27 33 74 45 1 95 98 8 97 28 30 88 51 29 62 27 34 4 
89 57 87 99 12 82 81 12 68 57 90 50 47 12 69 1 48 22 50 68 25 6 35 88 44 48 71 73 94 72 75 88 54 40 44 17 24 94 67 58 63 53 87 11 57 45 2 65 63 4 
43 34 22 43 28 38 38 38 62 97 39 19 86 63 30 38 43 98 73 18 2 58 26 19 24 14 14 39 2 26 4 67 23 87 20 86 59 68 32 78 59 8 50 2 28 76 2 95 33 92 
14 80 40 35 70 45 52 11 22 40 96 56 96 13 79 29 31 58 65 35 15 25 49 20 62 20 34 44 20 66 80 78 34 94 57 97 7 13 55 81 1 65 73 29 19 25 53 78 57 43 
59 59 57 92 75 91 59 9 13 3 1 41 85 93 46 5 55 90 45 78 97 75 98 13 29 65 24 39 30 46 29 91 65 79 96 43 66 18 95 78 44 42 14 38 33 66 2 83 58 76 
32 2 87 54 85 20 8 12 10 24 93 24 9 9 42 72 77 55 2 76 43 74 11 80 24 88 53 79 74 64 68 47 37 69 71 14 1 55 85 98 29 57 32 22 11 51 19 57 83 23 
73 67 15 9 8 84 61 16 21 67 36 98 67 5 20 29 99 1 26 40 78 59 20 64 18 74 38 42 20 74 70 95 18 85 62 55 88 6 71 7 46 77 26 57 24 96 29 54 99 30 
49 32 14 15 29 50 17 53 12 48 46 92 7 88 56 34 56 68 29 99 9 56 69 39 83 89 23 70 58 39 80 60 20 81 88 86 2 27 48 88 61 13 26 70 90 63 23 54 61 27 
50 64 13 13 71 18 97 47 22 43 65 48 10 23 53 71 4 37 65 98 48 10 18 90 40 58 87 39 92 61 38 67 32 25 32 39 51 62 18 73 32 21 55 12 87 95 18 53 36 54 
74 54 95 77 70 81 92 63 41 23 28 60 96 94 90 68 3 81 37 12 6 18 7 90 81 48 5 30 49 52 88 11 22 95 22 83 83 23 75 82 5 84 70 35 61 39 95 70 62 81 
33 31 95 27 62 50 6 94 63 77 5 76 99 10 19 4 24 61 2 87 38 46 16 85 61 81 79 19 16 3 69 24 19 70 59 17 55 64 69 52 22 24 5 56 34 17 75 38 68 87 
15 90 80 69 80 95 98 27 2 96 71 59 55 57 72 9 70 60 63 92 99 22 18 64 27 33 14 63 51 73 94 39 34 76 31 29 56 17 16 98 11 1 81 41 51 64 26 35 58 75 
19 88 86 61 86 65 80 32 36 53 55 66 69 94 26 13 70 83 71 24 54 44 87 64 36 72 14 82 6 13 65 35 4 50 21 14 67 61 96 99 83 90 28 91 27 99 63 20 44 99 
44 35 50 39 66 95 90 34 43 69 17 94 95 77 37 48 9 4 97 49 61 52 3 95 54 60 90 28 19 69 15 31 22 39 28 36 41 38 28 45 57 96 10 69 18 78 99 99 97 25 
21 14 2 89 90 3 69 84 35 85 53 20 5 31 57 48 2 65 26 78 36 77 14 60 36 93 8 84 15 1 15 25 83 81 91 33 21 10 79 60 64 23 62 89 88 91 24 89 88 92 
88 49 23 66 50 39 37 16 65 84 79 5 44 34 69 31 55 15 90 67 67 38 83 80 40 70 59 76 93 87 40 58 67 17 6 7 70 98 60 92 98 52 75 20 52 29 7 93 24 94 
71 85 59 88 42 99 29 60 37 79 61 38 58 52 25 3 95 6 11 12 18 28 71 96 84 23 53 41 52 71 96 83 19 8 36 28 77 26 20 75 32 53 93 63 89 88 17 16 67 23 
6 2 35 60 55 60 37 30 32 18 97 67 29 49 23 34 74 68 28 4 57 57 8 58 2 14 21 48 39 64 44 39 99 29 19 75 72 87 13 51 20 19 35 11 26 68 84 38 97 3 
9 80 63 38 57 94 75 86 85 29 34 38 23 19 85 14 71 32 44 81 78 17 32 63 19 89 65 89 53 66 29 66 71 80 98 32 63 93 57 65 9 69 29 33 18 64 93 17 44 10 
43 71 54 63 36 7 61 51 47 44 99 73 43 58 33 32 33 96 8 10 9 61 71 32 73 16 3 83 77 53 17 13 98 66 90 85 40 79 87 13 28 99 24 78 64 18 54 39 94 70 
44 51 87 49 38 91 78 57 17 93 66 9 79 29 21 7 60 82 53 59 88 99 16 58 31 45 93 38 98 99 36 88 96 86 85 19 9 58 33 76 58 44 56 70 49 34 60 92 22 32 
39 60 67 52 75 96 70 44 84 74 12 89 38 58 34 3 14 60 57 18 66 22 36 4 57 66 67 33 89 9 40 63 32 19 39 6 6 52 5 28 64 87 47 62 21 86 33 27 68 39 
14 91 28 48 95 14 66 41 19 20 25 55 43 64 1 62 1 67 93 3 79 48 71 25 53 24 96 59 90 16 27 48 42 27 84 63 69 81 37 1 79 1 54 9 99 78 65 21 76 5 
15 97 49 67 84 7 14 13 16 30 3 42 89 26 3 42 68 62 30 21 21 1 97 84 44 30 86 53 79 6 4 42 82 99 39 59 52 8 73 37 91 6 81 92 2 17 5 86 69 78 
63 57 33 91 76 87 23 29 31 74 71 8 45 85 15 57 64 89 57 57 2 12 81 18 13 4 54 38 38 93 89 26 32 95 30 86 9 27 15 6 12 42 45 94 15 71 9 49 9 67 
82 27 89 45 44 79 8 86 22 50 48 33 20 4 12 85 98 60 88 13 7 72 63 11 78 67 23 80 84 86 59 66 28 76 86 19 50 5 44 34 5 24 16 27 45 64 7 48 16 79 
91 29 81 79 80 1 96 13 12 85 35 42 93 70 48 30 48 91 67 14 37 5 7 73 58 23 53 26 91 15 69 76 26 96 38 60 71 36 10 13 60 63 57 10 65 63 80 60 87 17 
5 50 97 13 37 81 88 70 51 21 26 88 35 94 87 3 24 62 30 93 21 56 79 78 5 92 69 3 28 13 64 70 4 3 86 48 43 97 46 81 42 97 23 63 63 29 16 17 23 32 
48 33 81 85 75 25 72 27 70 53 42 90 54 80 53 55 28 78 2 34 37 93 53 8 79 77 98 76 74 4 30 36 21 30 74 41 25 73 13 1 99 88 91 31 40 82 48 21 81 11 
96 27 60 77 63 39 75 26 62 33 63 96 76 12 39 26 35 11 36 97 14 62 62 4 82 15 40 73 57 18 82 15 19 68 82 87 80 82 14 10 29 40 21 74 96 23 75 87 49 72 
32 1 48 32 82 5 10 23 72 77 32 15 34 36 40 61 43 87 78 39 60 5 40 27 4 40 28 36 56 52 33 48 9 87 25 11 20 72 73 83 40 76 41 87 66 82 23 61 30 3 
21 99 85 93 21 29 31 67 46 13 51 76 67 40 18 93 89 1 17 90 23 85 21 65 87 2 23 92 25 66 16 87 33 49 17 67 84 80 53 14 59 90 25 37 33 10 37 95 9 43 
18 88 30 15 51 75 18 41 67 20 71 10 4 64 7 41 40 76 75 52 84 72 84 92 67 79 43 4 72 84 94 61 75 46 41 13 32 18 46 66 51 73 2 92 30 13 94 82 6 54 
39 92 37 71 63 73 27 17 75 32 38 2 85 98 49 81 92 25 23 76 43 95 57 13 42 76 51 93 5 94 97 40 94 2 40 81 80 36 42 86 35 19 97 93 23 25 15 44 35 69 
92 38 88 27 48 84 28 30 1 76 72 79 78 19 5 18 55 19 35 34 39 80 73 82 91 11 49 91 51 98 68 16 22 59 27 69 56 6 74 67 73 26 83 82 23 62 22 78 31 85 
79 2 59 17 10 18 57 9 47 54 69 78 46 2 72 13 38 4 99 55 16 32 62 86 21 59 69 89 81 37 56 50 49 56 63 13 46 47 54 39 36 43 97 13 7 43 88 31 58 30 
61 10 24 29 80 94 33 48 70 1 51 26 85 72 7 25 45 54 55 69 16 17 89 69 46 50 58 90 33 69 39 34 12 30 45 50 41 67 89 13 79 55 92 31 65 37 25 12 44 97 
27 13 59 7 81 16 41 44 42 24 71 33 72 81 83 80 13 7 79 51 51 60 71 38 28 41 80 39 97 84 74 80 24 33 87 87 88 58 87 6 56 78 12 1 62 31 80 56 63 25 
48 11 34 87 47 99 66 68 54 73 37 59 20 51 53 33 51 60 66 68 53 99 41 35 79 85 14 89 56 61 11 6 6 15 12 24 14 48 64 44 39 61 97 61 68 22 86 55 74 73 
80 50 38 57 19 74 14 96 5 45 7 53 58 56 7 97 36 93 24 62 24 93 70 24 49 25 5 57 64 93 16 34 77 37 5 7 56 69 38 24 4 42 63 20 39 60 36 2 17 11 
60 15 50 3 28 98 87 19 79 95 16 45 65 15 83 76 27 56 20 64 76 59 9 49 23 70 77 74 24 24 25 13 26 97 60 31 41 72 19 96 69 67 21 89 8 61 68 32 70 41 
4 87 68 81 45 69 52 30 61 7 89 30 70 61 28 63 92 59 76 16 69 21 53 87 28 62 54 88 87 90 79 53 70 15 28 4 6 10 56 12 2 68 81 71 30 63 66 7 9 3 
3 21 19 46 30 24 63 99 83 67 29 57 68 36 95 45 5 61 33 87 97 95 32 36 80 42 39 82 96 61 33 81 13 68 72 62 19 29 82 53 10 29 85 50 4 42 47 91 2 9 
55 23 36 93 65 82 49 60 76 11 28 55 23 27 80 80 64 53 13 14 6 51 15 6 35 67 57 46 98 4 4 83 29 59 95 90 77 69 95 22 37 94 13 94 18 91 86 22 44 70 
19 12 85 28 21 68 39 17 87 45 49 34 13 24 14 14 5 68 23 72 43 34 30 19 10 2 95 12 8 40 57 27 64 38 67 29 60 28 35 28 20 51 32 73 69 23 21 41 63 61 
37 45 98 79 47 74 37 9 35 69 94 14 37 92 54 68 3 61 91 92 53 46 12 42 24 44 87 93 67 55 9 88 1 67 15 82 98 87 26 39 61 93 60 69 45 90 53 65 74 29 
61 69 84 75 84 25 14 14 76 30 65 53 44 9 89 76 52 49 39 78 1 46 36 43 2 91 55 35 87 33 15 74 60 63 73 70 95 52 41 83 81 77 39 66 87 27 88 89 51 17 
67 8 43 7 4 65 86 34 8 93 90 4 12 23 98 22 72 84 95 20 4 70 3 98 9 65 50 3 24 99 53 32 10 23 65 6 63 54 32 30 17 51 60 41 99 95 25 39 2 5 
96 5 86 27 94 31 61 28 13 76 9 59 39 44 36 17 4 81 25 75 46 66 23 18 31 59 79 59 73 76 91 25 10 94 5 18 32 30 14 39 58 19 90 31 77 58 12 95 52 95 
30 70 99 91 73 98 12 52 96 16 50 93 2 57 41 35 98 34 70 9 21 5 30 96 32 22 22 60 17 66 76 98 42 29 40 75 99 77 13 19 80 90 46 7 46 7 18 29 8 2 
47 27 46 1 75 35 26 85 40 71 32 62 24 57 79 59 12 6 86 95 27 15 17 26 29 37 83 37 68 61 71 33 96 94 68 16 41 71 44 44 4 84 98 25 1 77 33 17 95 49 
20 36 39 72 1 2 13 41 9 17 67 50 15 46 35 29 97 42 68 32 38 69 56 62 4 11 22 2 87 90 28 54 84 84 69 68 42 61 67 50 19 61 87 35 70 23 8 83 46 14 
23 23 14 53 24 36 25 51 47 62 1 94 54 24 24 71 53 57 91 62 22 99 22 79 84 73 52 45 26 43 70 88 6 8 7 72 83 78 69 9 73 31 19 39 18 14 45 70 31 2 
96 86 50 19 8 45 52 93 11 32 21 46 79 98 62 91 3 85 87 45 3 19 89 83 73 34 83 69 81 51 34 89 43 7 83 1 88 95 37 18 32 49 99 58 24 2 64 48 5 32 
16 81 10 51 6 26 16 44 7 90 26 34 47 86 15 72 9 83 88 44 23 54 4 13 82 38 65 19 69 41 96 32 26 22 93 3 40 47 49 40 8 6 75 77 57 63 60 1 88 8 
43 49 32 93 15 82 29 97 59 34 50 36 38 34 16 85 98 12 90 7 77 94 45 11 59 23 94 42 61 85 62 5 34 77 4 4 62 69 8 51 78 11 52 67 78 34 88 31 16 45 
88 6 52 92 67 42 8 69 8 6 47 75 64 34 61 77 84 91 47 29 86 86 80 89 45 25 90 65 27 24 7 10 90 17 12 75 87 3 9 99 81 35 91 31 32 86 96 29 89 42 
37 10 90 46 52 66 6 46 45 32 73 54 55 88 60 53 22 85 78 71 59 51 2 89 90 51 60 74 4 73 20 69 13 5 4 28 47 94 24 11 30 44 7 25 8 33 69 28 32 45 
20 93 50 59 38 28 68 72 16 14 99 13 55 64 85 10 9 69 31 96 1 45 18 11 62 16 16 46 26 45 13 92 10 93 67 16 7 28 90 41 33 10 93 25 68 9 20 21 48 8 
8 29 49 71 3 67 77 12 45 11 44 19 75 16 39 51 91 51 92 87 11 92 17 73 60 68 56 49 43 43 21 10 64 42 37 55 66 3 23 68 57 17 10 27 79 40 16 46 3 61 
26 23 63 10 38 2 56 59 2 51 1 89 61 68 18 89 77 10 3 67 70 76 92 24 97 93 11 66 7 41 76 1 78 60 93 15 93 4 94 41 3 46 70 39 17 45 98 89 83 8 
17 81 60 37 83 95 98 30 91 47 53 21 30 76 10 61 77 70 37 74 86 22 46 81 97 84 55 72 33 93 48 53 64 81 74 67 93 47 16 40 22 26 21 18 21 83 37 10 52 9 
52 62 32 82 70 81 77 36 72 28 44 69 22 3 46 97 42 72 6 2 39 46 77 14 96 87 20 44 70 38 72 6 44 91 25 22 99 50 23 14 71 41 82 34 98 9 90 99 58 13 
15 4 9 75 37 79 56 41 2 79 81 87 61 2 90 85 58 70 75 65 37 59 85 42 70 45 83 32 14 39 51 78 60 86 67 89 54 11 55 76 82 73 10 7 51 64 64 57 18 32 
44 42 54 58 30 64 5 84 53 79 30 23 34 46 84 38 2 24 59 8 61 61 99 18 63 46 98 11 14 38 58 36 54 86 44 52 2 70 57 29 63 49 94 90 25 67 84 9 35 2 
14 37 44 49 42 99 28 24 32 83 21 83 94 60 95 42 13 14 75 96 45 26 85 86 4 90 59 71 10 80 61 17 57 90 20 79 86 94 7 22 84 65 53 3 64 89 36 85 1 80 
70 57 74 10 82 61 12 99 64 54 87 85 86 32 65 66 53 31 22 90 76 74 39 77 47 70 92 68 40 39 97 66 3 31 86 94 26 4 77 89 60 26 43 83 48 49 15 82 8 38 
24 30 56 83 7 98 65 96 31 23 91 79 87 74 77 32 29 3 90 74 13 2 32 24 69 9 53 64 22 87 1 12 78 7 76 38 52 45 1 51 86 57 54 1 7 77 3 7 74 33 
55 17 49 26 84 26 25 64 6 40 64 74 60 36 76 51 57 7 52 86 12 18 6 77 21 84 73 2 1 50 18 15 81 45 47 67 84 79 75 85 18 20 74 87 16 93 25 79 42 49 
79 61 78 54 15 22 50 55 5 20 97 24 36 21 88 3 5 71 35 56 65 93 19 76 6 18 89 3 88 65 25 54 77 52 90 56 11 49 74 85 96 60 27 39 48 21 60 42 73 72 
58 53 88 83 34 67 77 85 64 47 85 23 73 61 68 57 94 16 52 60 68 56 48 58 3 71 3 24 86 71 9 71 77 55 7 61 6 9 79 15 95 64 51 55 42 69 34 99 74 52 
79 4 66 31 16 22 12 58 77 63 83 96 88 70 5 54 21 88 44 62 72 39 28 17 10 52 46 20 74 75 88 70 79 21 87 72 40 92 66 41 15 50 82 35 72 68 20 72 19 41 
5 34 76 29 48 41 52 13 44 5 92 36 70 90 87 7 23 87 33 37 72 3 2 54 95 93 13 93 36 28 12 47 61 36 53 93 46 53 46 26 9 96 29 34 20 79 21 70 37 58 
35 56 90 75 44 47 27 76 13 33 38 1 99 4 28 18 49 44 31 87 62 13 78 59 98 6 97 35 54 31 36 19 45 28 69 84 85 95 31 53 61 50 66 69 33 52 18 28 76 59 
21 47 88 5 44 7 84 90 41 70 26 97 32 4 49 6 91 86 15 23 54 98 74 94 26 10 66 76 90 22 14 75 83 90 29 38 35 20 67 59 48 36 3 46 84 63 30 50 25 87 
63 41 47 58 95 69 87 79 42 23 91 3 84 92 57 96 5 67 91 78 16 19 9 29 85 65 36 85 2 44 65 37 36 5 1 60 48 69 67 28 96 1 52 16 66 28 64 15 78 80 
69 36 90 37 81 99 27 55 45 35 83 66 88 89 87 85 15 57 33 20 74 50 26 70 13 89 17 83 18 67 20 87 9 96 68 70 86 17 99 27 15 60 7 34 21 85 98 44 7 2 
32 10 22 14 53 96 72 45 95 15 59 37 73 41 81 19 97 98 62 92 38 61 29 21 49 76 76 8 75 33 53 50 11 32 50 58 62 34 75 99 10 68 68 27 55 97 68 11 75 91 
88 52 27 2 18 20 84 93 87 80 19 39 27 28 77 85 24 29 56 41 21 36 19 53 23 17 12 38 8 57 24 43 7 65 20 47 59 58 8 39 30 37 38 62 23 65 46 5 73 9 
89 91 5 57 25 88 58 87 52 81 80 70 39 86 5 6 74 29 17 48 27 57 68 54 98 62 56 86 24 15 23 89 52 46 10 48 34 60 86 63 57 19 9 73 16 25 10 78 10 17 
63 72 66 79 49 14 28 70 30 15 72 39 2 42 53 64 2 66 48 52 8 23 31 25 86 95 58 27 97 71 14 77 39 73 67 69 76 81 29 31 73 44 10 4 18 3 30 21 22 99 
21 83 3 47 64 52 17 6 61 10 46 37 63 81 16 34 94 95 96 34 21 17 12 4 95 24 71 56 7 5 21 1 74 8 4 16 40 66 88 90 99 26 16 53 6 51 1 15 91 41 
71 22 21 25 46 52 85 1 17 72 49 26 35 66 60 15 87 59 99 80 30 88 37 36 79 88 53 72 94 68 45 95 28 57 75 28 24 56 63 87 73 91 14 9 35 24 45 41 94 97 
87 60 93 27 88 25 20 33 40 77 40 55 89 80 98 82 99 4 88 77 51 30 63 91 43 59 5 27 66 81 86 83 29 78 46 88 13 72 43 30 88 42 60 70 58 22 52 6 62 11 
76 22 93 72 80 5 13 30 28 44 88 67 97 3 44 38 78 90 22 61 26 51 80 17 20 15 27 91 46 26 54 19 46 69 18 48 99 8 8 16 38 26 33 41 20 71 37 88 75 80 
53 63 17 39 99 57 43 14 79 89 96 5 3 34 79 63 68 82 32 65 48 66 33 54 44 13 49 17 10 3 84 39 30 1 76 57 13 11 70 46 97 14 91 65 52 88 47 76 61 95 
23 91 32 61 7 4 1 63 20 94 75 62 8 7 15 78 9 77 13 44 96 68 67 82 41 42 78 55 84 15 19 17 41 46 8 47 90 88 36 93 61 72 68 90 59 5 14 89 73 21 
13 20 37 83 50 35 29 54 44 45 49 98 36 53 80 58 59 64 26 48 95 30 76 74 31 19 3 16 68 85 83 12 64 97 21 88 99 64 4 62 85 39 59 2 92 97 74 39 97 87 
64 89 53 71 25 58 87 98 84 11 50 55 92 94 7 96 63 60 40 83 53 56 17 13 27 12 43 43 58 2 14 33 54 60 83 11 44 23 41 23 20 61 56 33 1 68 59 60 28 28 
2 59 10 40 94 60 85 88 13 92 84 96 87 39 39 28 34 8 19 27 9 4 17 15 20 80 94 81 31 14 3 52 98 99 1 40 28 36 37 34 19 15 28 68 39 18 25 39 30 77 
17 89 29 55 55 29 88 18 57 51 2 8 13 7 19 1 62 90 39 38 83 24 72 21 13 67 58 49 72 8 63 24 10 63 99 97 72 70 14 26 74 80 85 85 99 44 18 54 84 64 
12 81 93 53 84 60 35 31 21 17 58 17 82 44 21 9 35 13 97 49 99 8 46 71 32 41 41 75 99 75 84 28 10 84 3 65 3 98 25 60 47 59 88 61 89 1 17 11 71 65 
20 16 12 35 86 17 67 84 50 21 51 66 21 52 31 17 12 10 71 63 16 56 87 3 59 67 24 80 12 26 76 8 60 52 89 98 79 10 81 87 26 75 19 7 29 68 36 70 21 39 
99 10 49 13 23 67 89 10 24 2 93 82 18 24 16 42 4 19 94 60 92 71 39 6 47 5 89 77 52 97 22 34 68 37 35 14 25 42 41 90 44 47 99 99 65 23 38 77 4 88 
47 66 57 68 78 23 30 1 37 69 97 61 17 65 90 2 68 55 57 9 27 63 38 62 16 70 70 59 49 27 68 37 60 70 56 48 82 16 32 4 83 52 57 58 17 5 24 92 21 90 
17 78 8 18 53 34 11 66 11 20 23 5 19 40 81 90 86 37 75 67 22 17 60 25 40 82 71 61 73 65 96 77 65 12 10 50 83 77 28 80 5 4 81 78 96 93 40 86 75 32 
29 28 53 64 6 40 34 45 65 31 74 42 8 54 42 22 17 75 31 85 70 53 65 61 45 16 46 2 9 31 57 34 36 54 66 96 39 69 58 98 74 45 23 39 32 7 44 87 77 6 
91 42 13 68 15 32 59 71 24 82 25 6 24 80 66 27 5 43 21 46 74 68 1 44 1 11 30 80 25 77 4 97 80 57 16 58 4 45 72 23 32 4 86 2 2 20 50 2 71 44 
4 55 32 35 90 41 9 91 96 82 55 40 28 58 95 73 97 23 48 46 87 62 40 56 55 90 44 73 39 83 76 10 56 35 60 63 67 11 43 6 27 99 73 17 40 97 50 7 88 87 
76 57 84 11 16 45 33 7 82 39 32 46 68 47 6 74 21 50 55 37 72 7 44 76 3 26 28 11 96 70 32 38 52 51 70 91 21 57 66 32 49 39 82 35 98 88 82 13 4 13 
31 9 80 87 57 3 26 51 94 34 8 25 88 99 27 26 73 58 1 80 80 42 74 80 32 99 42 9 17 4 70 13 94 74 25 35 8 83 51 85 64 98 86 11 37 12 57 63 84 62 
45 98 75 39 28 24 74 48 83 67 95 79 24 1 24 30 28 25 30 53 86 73 93 1 33 54 35 94 24 82 46 64 88 52 42 73 22 55 63 63 32 25 94 37 49 27 42 26 62 21 
74 88 15 1 94 59 69 25 89 73 26 37 91 19 68 48 19 53 2 89 95 3 44 92 46 84 27 72 3 39 37 8 86 13 6 18 7 50 46 94 42 29 21 56 22 28 42 76 54 32 
61 15 8 40 31 40 44 96 29 95 19 54 8 2 32 49 1 29 29 40 11 21 16 71 92 42 21 12 33 91 87 90 48 24 65 11 17 57 86 63 80 23 44 83 31 42 96 35 77 59 
10 77 85 8 13 66 85 20 51 90 73 17 24 94 5 74 62 13 12 5 84 66 76 32 52 1 20 69 78 46 43 62 46 40 98 5 66 40 25 37 13 41 4 45 47 84 95 65 47 1 
96 95 65 4 3 4 74 99 94 73 48 32 78 79 45 80 99 36 51 65 11 87 35 28 42 4 47 18 99 76 46 4 27 63 93 79 41 59 36 38 40 57 80 76 91 95 80 61 97 27 
67 96 98 4 51 52 51 28 68 16 83 49 50 69 83 68 90 36 56 5 26 72 75 48 56 55 74 75 26 75 44 21 56 83 32 21 85 92 75 80 60 59 30 48 18 52 52 44 80 78 
57 31 83 15 61 80 18 17 44 40 20 28 85 84 13 32 13 8 43 97 89 62 70 2 76 24 11 71 48 88 39 16 68 28 72 8 61 52 20 65 5 68 30 75 1 4 14 40 32 77 
48 86 67 95 7 51 1 48 13 11 16 4 32 75 77 76 28 5 73 73 30 9 88 77 70 8 28 14 3 83 7 42 9 15 97 4 70 18 94 36 31 9 47 95 61 3 53 10 61 90 
11 9 64 21 18 29 80 52 86 89 54 7 72 49 75 63 80 23 69 24 19 3 62 92 38 20 87 5 52 28 98 89 75 68 96 15 47 38 62 35 79 79 43 9 56 98 16 37 76 38 
99 42 61 46 40 1 28 59 73 84 50 13 28 84 65 83 15 42 15 17 25 20 34 4 5 73 74 57 54 71 98 8 59 78 74 36 48 49 11 40 56 72 91 51 55 7 54 40 48 48 
7 93 80 26 11 4 35 95 92 6 86 77 90 5 65 40 85 27 62 64 66 33 43 17 14 57 16 61 86 52 8 88 48 75 88 64 2 62 86 98 5 69 36 96 42 14 90 18 71 98 
71 96 65 80 78 36 24 98 74 12 64 17 75 55 58 48 50 54 14 2 92 23 30 42 85 69 73 46 96 13 78 91 69 5 83 18 48 2 1 6 52 51 26 92 73 65 20 93 41 16 
70 11 93 19 27 75 80 18 72 74 44 29 99 7 30 28 13 29 93 95 65 97 87 96 43 84 94 71 81 41 92 57 84 92 22 14 23 98 4 23 10 80 95 71 8 16 98 74 78 16 
33 10 36 49 47 98 37 65 76 52 18 73 59 20 93 46 80 5 59 75 94 24 80 80 31 69 74 61 28 66 41 85 61 52 31 78 15 71 41 41 69 78 57 27 91 77 20 98 97 30 
7 54 64 21 90 74 24 94 65 58 56 29 1 90 16 48 86 97 85 77 84 10 5 21 3 4 10 89 86 26 19 90 89 1 79 12 16 21 6 84 40 28 9 55 28 94 59 40 58 17 
31 20 5 70 3 16 98 26 13 42 94 27 77 70 34 22 18 12 82 9 77 97 37 44 50 53 43 47 26 17 78 2 54 65 23 76 51 59 65 70 31 31 15 32 64 35 29 71 21 33 
59 80 24 57 26 52 45 15 64 57 81 30 81 55 17 91 4 89 28 70 99 44 53 32 20 84 72 23 58 99 4 71 24 88 60 44 26 56 3 60 9 63 5 80 93 82 8 86 39 20 
20 87 53 59 37 73 70 16 23 83 81 7 65 83 61 79 91 83 78 38 87 58 51 66 9 52 84 44 35 19 44 1 2 30 81 46 93 52 33 59 27 81 48 39 25 9 86 35 59 85 
55 88 65 54 2 96 56 55 66 11 22 1 28 14 7 29 71 3 95 94 28 21 37 31 68 30 67 72 6 88 47 86 43 87 74 55 54 76 13 3 25 30 90 43 5 15 80 27 68 74 
53 3 59 89 72 33 12 97 77 3 5 24 41 32 72 20 25 49 70 99 49 9 58 97 52 6 98 99 94 96 99 71 44 31 88 91 69 25 85 39 78 7 74 3 67 59 13 34 74 24 
57 63 34 19 15 40 91 95 84 91 42 53 36 65 73 48 43 11 59 92 67 74 64 75 14 79 81 72 18 88 26 74 84 71 66 5 15 87 72 91 42 44 65 98 98 86 3 15 84 18 
15 75 96 50 41 62 62 54 28 36 46 49 64 84 5 77 16 73 26 24 1 48 32 30 44 37 61 61 33 74 10 80 66 36 20 10 18 43 52 99 68 24 21 24 60 44 92 1 82 45 
84 2 8 61 35 65 22 98 41 87 77 86 15 69 17 32 67 76 43 53 10 2 59 63 12 29 28 68 42 77 11 72 51 65 34 78 2 49 90 25 41 39 67 59 94 35 34 54 56 26 
68 71 90 69 66 17 78 7 46 41 90 17 71 59 97 12 22 29 29 67 2 24 48 92 14 58 45 86 24 34 56 37 99 74 85 89 69 99 73 9 52 54 53 76 82 74 19 72 56 7 
84 49 84 88 38 62 55 69 86 55 99 23 6 26 93 19 53 5 65 62 67 49 6 36 5 45 56 73 29 30 48 78 19 26 15 27 87 49 38 95 78 13 33 1 1 53 21 11 30 66 
18 26 83 48 63 35 7 28 65 64 93 67 48 66 86 83 8 91 5 73 57 90 33 20 13 57 94 19 66 42 74 60 56 61 25 18 82 66 26 16 14 91 6 45 33 57 70 58 1 39 
67 41 48 2 87 62 89 12 8 2 4 26 39 5 65 7 50 79 47 65 57 87 55 80 10 83 60 26 40 5 66 97 30 70 43 92 46 61 63 21 27 2 39 13 26 47 88 29 91 95 
40 32 12 37 40 13 20 13 59 12 52 1 8 19 76 83 40 83 11 84 40 73 83 76 62 22 78 19 46 10 96 67 91 51 97 28 56 53 13 33 61 42 54 6 52 72 39 22 76 52 
88 89 58 15 28 13 37 97 83 2 77 75 39 60 52 66 46 77 43 41 29 10 97 15 29 58 50 93 52 70 96 24 52 11 39 55 77 10 50 69 85 59 25 64 49 17 70 79 17 19 
27 43 69 78 90 73 64 16 26 7 15 9 32 82 74 44 43 48 3 9 91 93 28 63 71 7 58 70 82 15 98 99 14 70 85 17 73 60 21 71 14 86 70 51 83 30 27 56 83 77 
74 58 49 54 64 79 18 5 59 73 62 99 35 31 35 86 2 67 75 94 61 29 37 59 87 74 40 14 98 79 43 63 5 91 87 25 16 21 46 75 75 43 84 28 73 86 87 73 90 68 
75 5 1 96 91 11 29 55 76 80 13 71 76 86 11 94 64 89 21 11 34 47 17 60 39 22 11 40 10 76 52 94 53 19 78 84 82 76 85 46 44 76 39 45 89 68 68 39 37 27 
35 55 98 54 18 83 30 71 15 39 54 20 94 25 7 54 12 11 96 76 92 31 12 71 83 41 62 18 78 46 54 20 71 93 54 1 6 1 33 97 62 56 63 12 96 64 54 99 25 81 
77 34 40 26 32 90 5 63 69 70 99 34 20 47 91 9 37 85 47 36 22 78 78 18 85 90 15 64 42 62 40 93 9 85 73 97 34 5 30 79 20 26 59 97 1 75 79 25 66 64 
96 94 75 89 47 36 16 58 76 96 64 18 26 62 53 59 58 77 21 6 63 25 60 38 16 9 52 88 29 76 37 9 98 3 90 86 72 90 43 5 96 99 84 57 30 90 33 17 65 96 
6 32 71 39 15 45 74 28 91 97 54 39 68 99 53 3 49 29 10 46 9 84 35 92 25 3 15 77 19 51 43 40 63 70 69 4 89 95 72 27 10 35 49 83 82 98 94 83 34 34 
46 54 22 83 50 92 38 39 22 82 24 85 57 2 37 24 64 91 84 62 87 14 11 47 43 27 31 13 71 82 28 61 55 4 98 75 54 61 49 84 99 23 17 77 10 1 94 84 14 38 
67 95 32 76 50 42 69 26 71 57 3 39 14 25 47 49 26 19 59 78 70 28 9 55 21 92 92 12 38 79 99 1 83 94 19 19 96 22 84 5 70 8 40 96 9 64 26 68 84 87 
86 61 73 61 93 75 40 21 92 33 87 52 4 90 70 81 30 24 69 69 39 22 33 56 20 44 39 69 24 36 57 59 71 89 20 62 55 33 14 12 70 62 59 97 65 10 54 65 39 28 
3 78 20 21 81 84 95 98 5 50 92 78 81 43 46 91 95 64 1 98 3 39 12 26 97 2 53 16 17 38 28 27 27 96 90 18 23 67 90 24 89 13 62 98 98 1 93 6 68 77 
96 93 17 30 27 97 85 15 62 64 31 53 40 55 11 1 18 41 55 23 19 6 63 60 78 56 63 81 87 51 67 89 38 55 83 17 70 57 84 3 47 90 36 26 53 58 74 3 9 28 
46 29 81 12 26 28 71 44 71 78 60 28 86 21 21 65 41 13 44 99 68 65 90 55 92 80 11 12 40 60 66 14 20 55 97 81 80 6 76 57 51 5 26 76 99 5 1 86 78 96 
28 96 22 43 81 83 58 21 10 4 70 41 88 18 72 14 35 73 24 20 13 40 5 2 60 22 5 21 79 13 70 58 66 43 7 70 8 74 69 64 96 46 33 65 62 23 65 44 95 84 
49 53 63 71 67 20 20 94 49 59 36 25 91 28 27 40 60 58 41 90 82 19 66 52 64 15 41 46 65 3 45 42 98 46 44 98 43 60 73 66 5 88 13 92 89 78 37 54 59 6 
30 36 66 5 89 11 30 30 75 87 7 72 99 61 71 96 83 94 55 75 22 96 46 11 79 37 87 97 59 54 1 72 37 44 81 70 62 76 35 19 28 85 47 18 50 13 15 42 88 82 
3 2 48 11 86 11 66 92 91 46 46 13 66 40 56 72 41 34 29 21 94 73 19 52 45 88 71 25 60 92 88 8 17 30 88 70 32 7 16 12 60 80 66 66 68 26 89 39 56 94 
77 57 3 71 10 52 85 85 11 51 71 33 63 14 7 70 70 27 84 47 90 39 56 78 64 93 24 34 82 67 31 2 65 19 7 63 13 15 94 4 53 82 13 54 35 4 68 93 71 38 
2 98 92 31 67 43 89 75 83 52 85 73 72 49 7 80 93 8 73 66 41 74 29 27 25 53 2 38 7 64 43 23 60 49 3 19 42 11 52 39 65 83 70 3 86 72 22 73 83 38 
92 28 97 47 19 6 57 33 28 17 16 26 20 48 27 58 69 71 79 71 57 68 18 52 11 30 76 60 90 24 3 77 24 73 73 53 70 87 35 38 81 35 61 73 69 10 51 8 24 5 
2 7 80 45 8 28 68 8 70 10 3 75 15 56 75 16 89 96 46 98 60 43 52 70 62 77 16 35 21 38 18 57 87 10 79 67 56 88 28 88 42 6 34 43 43 72 24 33 27 32 
60 9 88 69 4 95 54 48 82 39 60 91 27 33 24 67 12 67 66 60 76 34 62 64 31 64 70 8 79 42 80 87 51 47 74 80 92 34 32 1 57 40 85 57 7 97 54 22 4 87 
22 97 9 38 16 48 26 2 24 18 27 59 76 13 99 72 76 99 17 62 10 48 27 76 41 67 5 78 2 66 5 88 94 3 33 36 78 58 90 26 44 12 4 82 73 64 42 44 11 42 
80 24 69 5 98 67 51 34 92 43 51 15 63 11 6 99 30 5 30 40 54 7 34 99 84 90 89 90 45 21 76 3 26 62 19 7 28 42 54 44 37 63 66 35 83 57 27 99 59 94 
45 22 30 88 81 40 63 4 11 73 71 83 35 41 87 7 75 81 72 82 17 59 86 39 68 25 52 61 50 59 71 47 18 35 3 85 1 33 67 98 88 23 16 22 73 32 4 74 73 96 
31 89 88 23 80 34 42 83 47 19 84 1 71 26 27 44 77 41 39 71 43 19 54 48 18 29 33 92 2 27 35 22 19 86 24 65 55 32 64 24 23 1 55 13 24 31 97 12 44 23 
22 23 85 1 36 24 43 37 4 65 53 44 84 5 78 96 71 51 73 97 69 89 69 60 63 20 96 54 5 6 45 46 96 78 57 53 17 81 47 93 72 5 16 13 84 41 43 7 27 43 
20 46 73 79 12 54 55 29 44 62 46 35 97 7 22 25 67 19 78 39 65 9 63 96 82 60 96 45 18 94 23 42 98 93 22 9 25 71 56 28 10 89 91 55 91 20 70 71 77 16 
81 13 46 73 94 42 88 13 1 21 7 80 29 68 31 76 52 31 21 13 30 29 74 79 13 45 28 68 11 24 99 83 42 22 30 84 89 43 63 44 71 16 46 67 49 12 27 15 52 16 
33 68 77 72 28 14 22 21 43 86 1 14 55 49 96 46 94 58 66 47 1 74 8 57 24 59 89 80 58 39 92 42 93 16 3 70 61 50 61 83 78 18 22 17 40 2 26 78 95 42 
81 79 93 91 2 58 58 23 47 40 97 31 29 65 51 18 10 88 18 24 94 84 70 83 44 19 25 82 75 38 80 47 32 36 49 49 63 66 38 99 52 31 11 76 47 58 55 50 73 78 
35 9 91 8 75 36 12 5 51 66 92 39 95 40 91 13 59 48 3 35 41 27 90 69 24 39 94 76 88 70 78 56 42 29 44 98 46 12 31 77 61 11 61 72 56 31 95 31 8 79 
29 80 22 33 6 38 72 68 79 7 35 8 86 70 3 16 39 9 66 84 26 1 43 67 90 90 98 39 11 88 78 21 75 70 78 64 47 53 47 28 99 79 18 8 10 19 22 54 18 64 
3 98 7 7 6 11 79 76 38 24 18 7 35 98 31 17 77 80 17 16 62 52 77 26 33 70 50 21 22 89 99 88 73 44 44 77 36 37 45 92 2 86 69 42 55 54 87 4 12 74 
16 86 93 48 88 47 39 34 17 54 97 13 97 63 54 92 40 21 25 4 20 15 64 90 92 10 89 33 27 25 63 47 89 46 69 56 53 7 13 71 25 90 91 39 20 37 39 7 57 53 
23 55 10 93 92 51 1 97 66 70 60 72 14 5 53 68 51 12 23 80 54 7 88 87 57 36 5 20 87 51 89 13 13 87 44 42 94 80 66 38 49 2 53 32 38 42 25 65 80 43 
36 51 3 39 42 7 71 15 29 75 21 36 38 85 44 70 15 85 80 84 64 12 65 84 4 72 44 72 59 41 71 82 90 41 25 81 72 58 46 16 75 42 60 2 28 55 5 51 10 31 
74 36 66 54 48 77 27 16 30 19 14 70 17 26 84 39 83 47 64 66 63 17 94 59 58 32 21 16 16 41 90 70 64 25 28 23 92 17 3 31 90 43 54 83 92 70 96 19 12 79 
16 41 18 8 44 29 67 58 62 15 67 63 40 50 63 56 80 27 74 60 59 16 56 75 43 74 51 1 9 80 86 18 27 18 32 29 56 32 33 19 69 38 67 92 64 74 54 79 27 97 
92 59 60 33 60 85 33 48 84 57 4 49 70 92 59 72 74 88 28 47 75 82 88 60 97 12 33 50 28 90 92 42 40 61 2 59 64 39 91 29 19 50 70 75 37 91 81 61 25 37 
74 79 85 73 82 33 21 66 58 86 78 3 61 8 64 86 43 25 24 41 27 62 7 57 21 4 13 40 97 52 66 70 65 39 12 46 26 91 11 65 36 48 15 87 84 95 75 28 50 5 
2 40 58 66 40 4 89 75 49 43 79 6 64 87 49 91 15 48 39 2 13 67 82 75 82 91 98 93 76 46 22 32 56 38 18 18 53 63 14 20 93 98 57 24 63 7 50 49 66 47 
97 35 79 8 25 8 9 50 48 76 78 76 16 32 75 46 13 62 57 84 36 27 73 84 91 19 46 99 49 80 15 49 37 97 87 93 78 88 34 49 38 3 36 4 56 81 79 79 10 62 
60 97 54 64 92 21 1 69 27 42 26 46 1 96 64 3 38 29 76 36 33 31 34 37 45 66 68 49 36 16 25 73 78 42 36 36 97 93 40 21 60 32 79 13 70 31 67 15 10 48 
75 28 52 20 3 68 8 76 27 94 71 27 12 97 54 48 40 84 31 92 80 52 14 44 33 4 67 11 46 30 77 33 4 97 10 62 10 69 25 61 82 52 5 38 83 16 98 65 21 33 
34 39 75 10 23 20 72 6 69 56 50 20 97 14 89 75 64 98 57 95 82 39 15 30 90 40 6 37 36 26 94 50 2 51 69 9 65 18 21 14 20 23 47 17 5 58 77 55 30 38 
95 93 61 40 37 14 75 34 27 86 7 28 26 9 79 43 20 98 77 32 42 33 41 11 92 76 6 97 8 13 55 96 73 87 32 7 77 38 9 82 3 13 75 4 86 24 60 5 51 37 
54 14 7 67 4 24 65 93 54 75 64 3 73 53 11 16 97 15 5 58 73 39 22 9 33 91 84 50 47 71 64 79 26 97 82 89 20 91 5 40 54 90 50 13 17 15 57 32 64 35 
93 63 38 62 17 67 53 58 23 84 26 31 29 67 80 9 47 35 31 81 8 79 73 52 31 6 48 52 39 78 59 90 58 26 10 53 73 40 41 23 47 62 94 2 75 30 63 87 12 47 
90 52 67 34 15 6 93 42 54 87 23 27 78 23 70 25 69 15 63 52 52 11 57 53 42 93 91 28 79 63 91 36 8 44 46 6 41 30 50 68 28 58 51 54 86 18 75 23 65 13 
1 3 8 58 65 51 65 19 32 96 16 34 59 34 32 10 46 94 5 7 34 2 33 11 49 3 53 4 26 23 59 47 63 86 83 10 70 45 88 8 38 3 12 21 77 83 7 75 90 52 
29 1 35 86 18 90 9 6 83 25 34 82 57 87 78 16 33 86 13 37 27 85 29 12 38 23 70 66 15 17 41 65 89 50 55 27 31 9 97 80 88 93 33 43 7 52 30 55 18 46 
49 68 51 29 85 30 83 92 33 54 19 23 10 58 10 11 5 5 37 41 84 21 17 72 87 93 69 83 60 42 72 83 43 4 21 94 29 26 87 39 41 99 82 63 43 8 79 43 49 16 
80 77 42 17 30 81 6 46 79 52 80 23 89 22 6 15 83 20 43 97 84 24 50 9 52 85 8 29 45 76 77 72 64 59 61 34 27 5 44 74 37 52 42 35 33 69 26 8 44 63 
33 72 93 75 33 99 91 75 2 26 62 71 83 90 74 81 21 51 89 27 26 18 90 37 57 16 52 68 96 22 80 19 84 67 10 25 78 12 34 42 35 68 80 81 90 32 90 40 97 50 
70 34 42 41 27 71 1 41 31 24 31 24 43 88 76 1 50 45 26 31 91 8 28 91 96 22 23 76 24 85 61 18 86 69 10 40 39 64 60 55 17 34 48 11 42 91 45 72 79 11 
54 75 38 55 14 67 11 11 17 65 83 32 1 90 38 5 23 82 25 43 91 24 95 83 84 90 85 3 7 32 55 32 24 53 20 35 89 14 6 94 4 94 17 36 44 35 72 32 41 73 
90 28 75 75 10 53 79 56 70 43 13 51 85 9 90 58 21 56 3 80 44 23 88 4 91 31 45 87 22 55 63 85 61 16 85 1 67 68 12 67 12 92 92 47 83 83 52 80 78 53 
19 64 94 13 73 11 23 55 2 99 6 50 67 49 80 44 30 38 61 28 9 47 62 19 2 9 43 48 25 66 79 56 25 6 2 69 91 3 26 66 41 86 79 18 55 62 25 64 20 53 
57 39 43 54 30 8 19 48 66 49 33 21 47 20 11 63 95 62 27 20 37 56 46 72 25 18 46 92 34 50 28 8 51 93 17 71 5 56 6 1 54 88 92 37 83 43 2 25 67 37 
8 65 94 58 72 28 37 91 66 49 31 78 81 98 73 43 62 29 95 98 40 73 52 66 37 32 2 2 48 26 93 66 15 60 82 61 14 10 96 78 4 75 65 21 44 27 22 98 51 32 
39 35 42 40 83 70 66 77 60 41 38 90 48 87 24 17 88 4 73 67 34 36 60 93 20 86 98 85 54 26 13 42 52 30 30 57 64 71 83 37 53 67 87 49 59 95 43 50 5 48 
24 76 86 43 32 62 81 49 49 84 26 8 77 2 55 77 83 82 42 64 13 11 91 10 89 43 44 11 72 35 16 94 21 8 58 65 7 5 2 14 66 43 69 31 49 92 62 36 34 79 
25 69 80 50 11 67 72 19 41 80 51 88 31 61 98 13 58 24 49 1 5 27 35 90 97 23 38 5 79 88 84 32 43 88 36 82 24 8 76 40 50 27 95 12 80 12 54 75 6 30 
51 52 81 54 99 23 23 6 81 41 96 39 60 29 56 67 30 71 95 50 29 88 60 64 55 73 47 48 98 84 1 30 58 33 56 89 56 56 48 96 28 26 19 10 55 27 77 47 63 55 
29 50 4 36 16 70 22 59 17 96 44 86 98 46 72 8 91 18 20 20 57 95 95 30 56 84 61 23 50 30 63 77 50 64 63 78 24 72 3 11 81 47 3 31 2 48 19 73 41 10 
75 91 92 12 76 82 32 82 42 37 84 78 89 79 60 38 6 61 31 53 71 33 66 31 82 61 45 73 42 31 33 47 85 5 86 96 1 59 18 71 7 79 86 63 45 26 59 41 83 44 
40 33 46 44 95 58 55 31 73 16 23 14 70 41 20 15 12 6 24 80 33 68 11 43 63 98 42 13 84 80 76 48 77 67 63 60 28 56 85 90 45 28 40 43 18 15 67 76 77 29 
68 92 92 34 18 78 3 18 23 32 15 65 66 71 85 54 98 91 55 66 2 92 34 79 93 47 41 71 25 69 27 10 67 78 70 3 27 57 6 64 39 2 27 71 99 61 44 13 2 62 
57 98 10 83 74 81 82 52 92 21 43 72 75 11 9 50 32 55 91 92 29 42 1 8 66 44 88 80 7 22 15 49 18 93 43 17 51 62 47 10 4 59 57 74 44 20 93 16 87 99 
42 59 33 94 84 78 85 13 23 87 94 32 67 53 89 13 53 80 11 9 88 37 95 46 15 44 71 33 56 22 86 99 62 97 76 59 29 18 66 8 10 88 4 36 50 86 79 54 94 31 
38 81 88 6 19 95 65 25 37 64 95 47 93 18 81 32 57 59 45 38 74 92 16 88 39 53 7 3 1 5 6 34 78 50 34 31 77 37 74 2 98 87 39 31 90 92 24 33 98 56 
14 16 80 38 73 10 62 8 92 45 66 95 30 61 84 14 68 46 51 93 57 83 46 45 31 86 90 78 75 82 40 29 24 17 86 66 24 59 78 40 77 44 7 52 78 91 88 61 38 90 
38 87 44 15 76 42 58 69 55 50 98 81 6 6 80 56 23 58 72 96 98 65 45 98 41 65 93 73 13 82 63 86 33 58 21 44 5 60 79 83 98 64 43 28 67 38 87 36 5 81 
48 70 67 18 89 37 29 94 65 84 69 68 79 66 4 98 10 43 25 69 7 51 3 82 80 7 29 99 64 4 86 95 75 27 89 18 94 17 48 45 48 16 51 27 46 54 73 51 36 97 
16 63 48 93 62 96 97 42 89 7 88 88 49 66 76 96 20 4 55 87 15 61 99 43 18 12 82 11 6 66 25 79 96 95 54 64 22 36 83 27 10 57 20 79 77 67 77 80 22 14 
34 31 80 70 48 36 21 26 43 82 10 48 93 37 92 39 3 44 17 55 97 30 88 40 47 30 41 67 94 62 65 65 87 31 89 51 30 52 26 14 73 91 84 38 70 3 60 64 61 12 
84 60 14 32 81 80 53 63 48 57 61 63 19 4 2 42 45 3 89 84 7 34 18 2 61 71 53 59 20 53 19 10 11 69 12 46 75 26 38 86 70 87 85 26 68 6 38 29 43 10 
4 19 63 50 2 47 91 54 8 45 19 81 51 54 78 18 65 96 18 52 22 33 42 97 93 61 76 60 40 32 22 19 4 79 60 94 93 6 83 99 14 54 63 7 24 86 26 63 19 88 
38 4 62 35 93 82 66 46 82 31 31 81 62 82 38 24 69 67 86 32 84 66 19 95 45 32 2 84 78 77 25 65 76 39 87 81 79 38 52 28 18 34 86 71 67 73 44 25 64 56 
12 86 69 41 10 23 45 83 21 55 47 89 6 14 67 64 79 15 14 35 73 62 66 40 80 55 82 29 45 78 46 30 28 75 25 18 54 74 52 69 74 59 21 96 62 40 54 99 16 73 
8 20 35 27 88 46 42 24 82 49 25 41 45 98 86 62 29 38 14 18 98 13 67 57 24 6 90 74 24 17 34 9 8 83 4 37 60 29 55 90 43 64 60 6 31 96 55 65 66 18 
26 90 41 3 22 90 23 75 67 3 23 92 77 1 68 18 71 35 70 21 13 31 58 35 62 19 69 83 87 28 82 19 3 7 39 95 95 63 65 27 40 18 58 18 31 95 44 11 19 19 
19 24 17 24 31 21 12 23 50 56 35 74 45 59 78 39 22 13 7 8 26 13 43 90 38 29 75 1 72 11 38 78 16 40 85 62 42 68 74 99 28 10 82 61 81 38 75 52 89 92 
65 26 52 3 23 43 45 9 86 25 67 29 51 5 52 65 27 16 29 14 36 32 80 33 25 49 59 64 71 76 84 73 66 94 8 65 26 46 33 34 85 56 57 73 31 73 90 42 2 89 
62 44 91 8 25 1 8 73 71 6 83 43 16 28 90 37 60 99 90 98 84 74 60 57 5 28 5 35 8 83 12 94 48 34 55 9 74 41 1 60 5 79 81 20 68 57 75 95 93 46 
19 85 76 36 56 24 78 58 65 69 42 94 65 6 73 45 89 76 30 72 55 88 8 91 10 77 74 92 97 66 53 24 67 34 67 99 11 56 34 83 13 25 68 61 35 33 81 82 35 17 
16 13 1 73 14 27 9 78 98 32 33 72 51 77 25 58 64 51 40 74 45 6 92 87 66 61 21 65 88 94 98 82 85 87 89 72 18 35 97 18 74 97 93 51 24 31 83 89 59 48 
90 2 45 44 35 84 59 85 60 5 86 40 6 58 54 4 24 33 68 49 20 3 31 59 64 5 70 23 24 41 36 60 98 91 38 36 77 73 15 94 70 42 46 46 40 98 65 92 28 23 
49 47 7 8 3 70 98 68 76 92 30 88 8 83 30 28 24 40 79 90 12 72 82 81 19 96 20 39 52 49 30 64 34 16 13 37 23 54 83 41 57 84 21 79 35 76 8 59 60 10 
21 19 31 6 8 78 44 81 12 2 86 33 54 58 57 5 21 47 39 42 3 80 3 63 86 94 44 61 74 48 70 53 16 58 29 40 19 87 17 88 62 90 95 15 73 45 22 15 94 5 
89 95 22 26 86 11 11 47 63 79 61 59 31 8 53 61 16 76 10 52 33 71 46 99 63 99 35 43 47 53 26 10 63 28 77 8 27 10 43 91 29 10 81 74 95 8 9 96 45 88 
58 78 97 42 63 15 85 95 97 40 83 41 94 39 3 55 87 15 2 24 46 26 7 72 3 8 55 31 70 35 3 98 84 78 66 93 11 69 75 73 43 55 78 53 1 70 79 74 57 5 
56 52 63 93 40 76 65 74 34 40 95 73 31 30 58 29 67 83 91 13 8 14 14 22 18 53 19 3 41 65 34 1 24 41 62 95 26 45 18 21 53 36 99 27 99 69 18 50 82 40 
19 33 40 97 91 72 57 73 5 27 93 50 90 23 63 23 78 45 24 83 93 4 93 39 57 78 68 11 73 23 1 54 36 6 9 16 94 45 73 88 65 50 25 37 93 10 19 91 48 57 
27 91 93 13 8 79 15 19 85 16 84 27 56 70 23 93 26 43 58 40 55 54 82 63 36 30 60 20 12 79 13 90 1 45 6 68 87 30 72 36 83 10 29 51 42 6 89 29 64 59 
54 18 91 29 61 38 68 30 67 27 19 51 10 46 60 28 54 20 47 35 63 65 90 59 36 72 42 55 18 41 96 30 14 33 79 88 83 25 4 83 22 48 97 62 14 55 48 18 23 54 
58 94 31 79 46 69 51 28 86 4 14 71 66 78 93 47 98 41 88 62 52 87 59 77 1 5 73 79 22 43 23 52 55 15 44 90 8 70 44 90 41 44 87 26 33 59 33 36 19 97 
55 42 29 53 7 26 88 36 7 22 4 19 7 33 75 63 97 68 38 22 16 96 92 19 3 91 17 21 40 70 30 77 34 71 57 79 75 91 43 16 79 10 67 16 42 44 28 70 88 48 
92 43 32 59 6 97 17 15 58 19 20 49 38 17 56 35 87 8 99 14 58 6 23 11 78 84 98 23 5 15 33 70 26 34 69 75 16 53 56 67 5 99 23 31 74 50 67 44 99 28 
40 7 86 2 91 5 18 45 39 80 85 70 82 28 42 82 84 67 45 96 31 21 88 14 12 21 68 74 4 6 33 15 93 5 26 92 96 1 98 10 90 34 32 58 65 18 18 16 28 26 
17 29 49 17 54 58 52 54 59 91 12 1 42 53 46 92 9 74 67 58 23 96 65 3 72 27 33 94 23 42 66 60 40 67 46 10 92 46 68 24 92 3 7 8 42 47 40 18 74 17 
63 50 89 2 15 47 32 6 19 30 15 27 69 63 41 40 27 8 3 88 24 84 94 72 79 59 16 37 60 23 53 11 14 45 65 26 31 97 73 38 82 33 98 75 62 16 85 67 79 96 
21 7 26 80 10 37 49 96 89 22 47 56 98 71 28 45 81 31 5 33 49 31 9 91 74 2 19 38 54 29 21 59 2 1 58 16 42 99 56 86 36 47 68 71 30 95 54 83 88 20 
82 70 7 86 41 62 25 91 23 20 76 81 83 63 63 47 72 89 44 92 29 69 50 29 34 41 86 78 6 36 93 88 89 19 94 19 89 23 25 15 20 54 1 41 6 55 33 2 75 9 
92 56 23 34 63 35 40 40 45 73 38 43 80 64 82 23 10 75 6 20 38 63 16 76 97 24 97 31 30 8 73 16 53 66 14 53 56 30 54 66 79 86 61 89 65 75 39 98 1 65 
2 53 25 48 21 1 29 87 79 79 57 86 40 15 78 66 31 40 47 57 89 18 9 48 11 92 40 5 81 21 47 99 55 33 88 48 66 60 27 8 61 26 3 35 2 65 29 93 81 10 
71 99 42 82 79 71 70 13 57 47 15 38 41 70 71 47 21 60 24 66 40 42 59 96 24 34 9 92 43 24 10 93 33 3 29 37 26 62 52 40 93 10 76 61 32 1 47 45 33 87 
83 50 99 96 32 93 56 74 25 45 72 58 73 29 51 38 22 90 23 38 65 82 48 5 94 4 41 36 32 17 33 66 59 97 58 45 64 70 53 60 52 28 24 24 10 72 5 81 68 39 
48 46 65 84 22 42 47 73 19 40 7 41 12 32 3 91 60 96 42 95 49 74 13 87 17 55 50 33 11 3 43 11 60 86 33 95 39 10 2 94 39 65 31 62 61 75 82 10 44 8 
45 79 30 9 69 97 26 89 17 40 38 51 30 89 64 26 88 90 40 37 10 36 19 91 45 68 83 89 90 41 55 61 5 17 73 39 32 19 68 65 66 98 91 72 37 2 22 92 8 92 
10 40 22 75 66 59 75 87 60 40 95 83 56 60 32 7 36 88 93 53 23 87 14 41 76 89 55 32 52 68 78 84 6 35 37 13 87 25 43 13 16 88 28 47 79 30 48 75 98 64 
53 31 40 28 98 27 35 78 56 54 17 67 90 14 74 54 53 6 87 88 99 1 9 43 15 88 30 94 24 63 62 16 69 63 3 87 70 77 61 17 87 84 7 13 94 4 53 23 30 69 
38 6 10 21 63 70 52 78 46 73 41 34 46 63 54 64 64 70 71 89 48 90 17 25 54 87 76 81 41 3 90 52 38 53 36 72 16 40 18 24 5 67 59 7 87 3 65 13 34 84 
53 94 55 17 5 17 17 12 65 41 66 60 65 76 92 18 79 77 40 77 10 76 4 48 30 42 44 27 82 73 11 74 15 39 77 68 90 5 22 66 20 48 83 11 65 78 89 37 8 98 
98 96 87 84 90 77 73 53 30 93 82 34 5 22 71 54 52 49 11 4 53 38 87 15 51 68 10 94 31 22 6 71 36 68 49 68 45 82 18 87 46 88 87 7 26 79 17 96 95 59 
12 77 63 56 92 61 2 23 23 78 49 96 54 11 90 26 66 43 36 30 47 63 72 48 29 59 82 17 91 53 24 70 81 98 36 11 73 95 26 66 11 54 56 41 22 45 64 36 37 54 
94 67 89 14 52 73 50 48 68 27 20 2 35 63 23 74 35 73 46 72 73 82 47 82 1 92 34 73 20 89 56 37 13 14 52 48 95 68 43 51 10 38 70 88 9 74 3 48 11 76 
65 47 12 94 97 44 79 74 41 55 46 64 35 61 28 56 94 30 38 98 70 1 39 12 83 90 25 65 10 73 43 37 28 98 6 66 99 32 91 92 69 52 23 43 15 42 64 24 70 15 
72 88 49 94 75 25 10 87 18 78 88 1 39 8 67 89 89 14 11 68 34 5 94 82 65 25 5 99 70 73 28 57 43 8 22 47 95 89 17 63 25 40 89 99 43 10 70 94 5 99 
98 48 60 39 29 78 33 82 74 45 24 53 94 26 73 65 45 10 23 43 83 93 28 58 35 12 70 19 88 88 17 54 56 75 14 30 52 79 28 54 49 18 82 37 77 64 83 41 35 1 