50 476
19 31 8 69 63 39 1 94 72 27 48 99 83 52 82 64 54 49 60 15 65 95 24 17 77 2 55 57 14 34 87 80 50 47 98 81 87 50 18 53 82 52 37 89 62 14 68 58 41 32 
91 95 59 5 85 93 24 61 84 10 5 63 50 52 98 72 65 5 61 69 24 92 60 70 61 10 33 21 33 64 23 89 78 44 35 78 84 21 47 74 73 89 1 4 71 66 76 91 30 21 
90 68 26 67 51 19 61 4 79 3 98 47 2 11 35 35 86 11 2 47 76 81 61 46 89 20 10 73 51 31 11 65 60 30 4 4 26 41 15 34 69 93 44 72 70 75 47 16 98 78 
51 69 8 83 95 61 7 77 28 74 85 65 33 11 25 81 15 30 28 18 54 2 61 50 67 12 96 83 51 69 28 44 19 51 54 32 75 39 68 17 70 86 36 28 85 59 22 57 1 89 
15 23 63 14 52 60 36 46 35 67 8 71 11 33 79 85 67 40 17 39 94 42 71 4 36 15 93 83 51 24 89 55 62 54 76 23 45 32 42 86 47 64 49 18 74 46 24 60 35 61 
25 60 96 73 17 53 71 42 44 94 75 18 34 18 81 26 72 92 53 37 26 74 63 40 79 79 57 57 8 27 92 84 98 59 48 82 36 58 39 23 80 36 82 47 74 74 89 66 11 50 
47 32 76 77 26 16 60 96 56 98 19 80 18 4 32 83 60 90 48 35 23 66 61 87 48 23 32 29 26 38 83 80 69 71 61 73 66 90 96 67 13 27 70 90 87 79 35 75 42 59 
56 80 7 69 20 2 10 10 9 89 75 82 71 13 84 30 57 88 80 85 15 97 91 70 38 83 45 92 3 22 14 96 60 62 59 97 70 46 10 96 77 54 51 95 23 87 13 3 38 5 
93 91 86 30 47 52 83 44 20 38 18 13 25 83 43 39 56 33 9 30 51 25 83 95 21 98 66 61 74 69 90 24 44 32 60 97 94 83 71 56 45 96 56 8 82 43 81 52 74 23 
40 72 13 82 40 85 94 19 40 85 90 2 51 52 71 91 29 46 15 68 28 63 68 98 71 41 46 30 20 9 30 70 8 31 22 18 62 34 43 91 84 2 30 4 24 87 72 90 37 85 
28 52 59 52 55 46 61 23 67 41 4 17 14 97 63 52 94 26 55 93 96 81 51 28 32 78 67 69 24 2 90 69 68 31 66 47 77 35 87 56 2 98 7 65 46 69 20 76 74 9 
47 20 64 90 89 31 63 85 79 73 96 17 48 37 18 3 27 41 12 48 17 92 63 76 59 94 42 12 77 78 20 75 18 19 6 70 80 8 90 65 2 78 86 77 60 80 21 99 90 56 
73 72 30 37 58 20 41 35 36 52 67 21 12 37 32 27 94 13 19 28 65 23 54 75 19 30 66 56 48 29 74 4 84 67 39 47 90 57 97 80 77 65 7 6 72 46 89 19 36 46 
49 26 68 7 62 40 70 27 56 28 54 87 1 69 37 51 62 95 48 78 86 36 69 47 23 87 67 36 62 34 46 70 85 18 28 74 14 68 38 23 13 78 66 12 62 36 82 63 84 11 
45 14 84 69 72 56 48 39 98 74 18 81 30 97 23 53 12 85 21 16 99 34 59 77 83 75 94 41 33 19 12 68 47 33 93 75 27 51 19 90 95 86 89 36 46 28 66 51 36 52 
4 7 75 67 46 19 20 86 13 91 13 49 66 36 69 8 92 69 65 9 40 40 59 35 33 41 71 18 49 47 74 19 75 87 17 40 99 10 45 68 93 53 47 5 52 78 4 95 66 16 
97 48 53 14 2 98 38 38 19 32 92 89 42 22 10 85 44 98 74 51 95 76 96 32 16 41 65 78 30 56 54 5 40 69 71 16 62 84 45 47 6 47 29 55 12 62 10 38 8 83 
30 92 61 90 82 30 29 48 1 25 78 17 66 72 14 19 82 59 86 75 61 90 78 55 94 34 52 46 27 55 86 15 89 27 38 3 42 28 8 20 56 93 28 54 27 79 16 96 15 96 
77 33 5 29 94 43 36 75 52 27 39 76 82 98 55 50 94 21 62 59 19 34 20 83 30 68 20 64 44 5 67 83 87 8 16 81 21 17 54 27 96 61 41 16 29 68 25 61 96 39 
98 68 6 80 80 44 23 4 28 42 9 8 10 99 46 47 54 80 19 15 80 86 21 33 46 41 16 83 11 22 55 40 88 84 24 64 19 78 32 58 80 8 26 34 78 99 98 94 49 43 
2 22 36 87 78 16 66 98 44 59 44 94 2 35 18 49 50 4 65 93 87 75 98 69 72 78 21 65 26 55 10 5 21 96 71 4 94 65 34 49 94 62 28 55 28 81 17 93 39 70 
25 94 52 5 7 47 50 88 61 18 18 60 69 95 10 54 78 12 91 74 57 9 7 64 80 25 93 33 72 10 32 95 53 4 78 39 9 47 34 88 94 54 21 17 43 47 15 86 37 54 
99 4 74 64 81 94 21 58 60 24 51 45 98 79 7 86 27 3 4 7 19 33 80 50 13 10 84 20 25 18 24 95 74 19 7 72 52 77 85 82 38 78 28 81 68 43 70 28 27 61 
99 68 80 74 11 94 16 31 36 71 31 42 42 27 94 64 86 57 48 96 31 70 21 22 34 11 40 47 78 58 88 22 21 63 57 4 70 61 62 70 30 39 86 22 66 54 54 64 86 99 
97 71 9 54 94 47 24 16 79 34 32 28 10 95 82 72 85 38 95 94 58 43 21 95 23 14 30 93 46 93 29 31 26 40 68 89 40 88 82 69 34 17 11 89 7 70 25 88 16 88 
33 24 43 88 64 24 98 44 69 92 62 26 64 15 50 21 27 98 88 48 81 42 9 82 48 48 75 36 96 71 12 73 30 66 45 67 56 3 38 27 60 49 48 31 44 92 29 30 49 21 
9 56 22 33 25 85 71 62 53 86 44 22 74 13 63 7 1 86 2 15 33 27 9 58 30 4 96 68 16 97 39 64 20 54 36 24 5 51 72 39 87 52 3 77 22 21 83 58 64 48 
26 14 84 26 3 68 31 60 61 85 74 80 47 30 90 47 2 90 73 83 8 73 4 60 19 84 76 61 72 45 82 40 42 70 89 5 34 5 77 56 17 81 62 56 50 9 2 20 39 86 
82 80 20 50 64 24 97 56 21 46 48 79 57 56 91 54 19 79 7 83 80 1 74 73 26 65 81 44 67 91 26 84 14 26 86 46 17 11 72 34 89 87 44 9 24 65 79 2 81 86 
40 1 40 89 80 31 70 37 45 75 87 30 87 52 41 44 77 96 68 30 20 61 67 18 25 72 48 91 76 24 12 95 19 85 5 75 87 7 50 9 18 91 2 25 48 56 24 71 87 31 
75 54 13 81 77 80 55 39 30 92 97 33 42 86 13 81 21 36 13 24 48 30 61 7 86 73 87 38 53 5 61 98 9 38 82 46 62 46 78 78 69 63 94 58 70 89 63 95 33 38 
29 16 70 93 19 34 61 20 5 92 34 59 60 17 76 61 53 29 55 25 37 15 65 13 38 22 49 79 34 16 98 19 79 77 74 83 80 61 51 29 32 52 60 73 38 6 62 58 39 10 
63 90 92 41 83 59 12 68 58 3 72 29 39 88 33 53 86 49 61 18 32 62 37 62 90 48 87 88 93 3 42 87 72 75 55 87 30 62 76 28 3 37 78 81 24 66 20 79 20 54 
24 9 21 89 64 61 20 66 53 99 71 74 23 50 33 95 82 39 38 80 53 60 24 71 46 22 29 99 87 3 18 25 1 20 29 10 60 15 63 92 89 93 59 55 49 46 11 10 61 78 
92 5 75 68 46 50 23 8 99 32 89 74 30 21 85 94 56 4 70 68 91 85 10 39 5 90 60 2 29 95 3 79 31 92 16 60 82 60 28 27 18 20 15 44 99 1 82 56 24 42 
57 29 4 86 52 36 55 43 11 83 35 34 19 12 34 59 39 87 92 10 17 53 39 92 17 29 19 3 59 17 19 6 16 39 5 82 35 6 72 78 62 75 68 42 53 41 74 32 18 54 
18 15 24 42 50 10 52 51 68 95 84 55 87 92 31 64 35 96 23 31 22 57 90 83 34 18 40 68 88 34 39 8 36 90 93 66 39 94 2 82 12 61 57 8 93 68 42 18 3 96 
12 76 26 80 37 35 82 88 2 47 76 5 87 34 58 64 38 91 18 54 86 72 81 89 63 88 86 99 67 24 65 29 14 90 14 5 16 71 49 59 63 55 85 81 67 62 80 70 67 37 
22 25 30 72 29 95 51 6 43 68 96 32 56 23 33 93 30 55 54 56 23 75 6 87 95 66 74 9 82 82 86 96 9 57 21 87 52 26 36 59 89 30 64 79 26 50 53 30 9 76 
43 73 73 87 52 21 33 2 84 20 87 57 19 63 92 78 82 2 51 66 93 83 27 50 47 51 16 34 49 73 30 4 28 3 87 80 74 45 25 15 48 18 82 96 68 59 33 10 21 3 
45 51 86 86 16 97 80 92 50 82 61 78 52 13 18 46 8 24 38 62 54 76 29 19 37 15 39 47 33 69 4 47 4 32 41 72 2 41 67 70 45 6 5 74 63 37 95 53 3 84 
22 20 18 93 89 68 26 67 98 21 59 87 5 14 29 44 34 54 90 88 86 87 67 69 74 32 98 15 30 34 6 44 88 50 54 76 74 82 39 7 17 94 29 42 49 91 69 14 82 34 
2 32 83 25 91 93 7 45 56 13 14 95 91 31 10 61 87 28 96 2 64 90 7 63 95 46 65 17 63 56 61 21 36 37 8 68 44 27 6 85 79 45 98 1 95 17 75 94 85 68 
54 78 28 36 38 35 16 92 53 7 12 32 69 26 80 37 30 77 46 46 46 5 58 93 49 72 35 99 49 78 4 46 18 87 33 20 65 77 70 42 9 64 98 45 49 63 89 85 17 20 
16 68 49 57 79 60 34 46 99 54 17 48 96 81 46 90 31 40 91 99 36 12 52 34 40 52 39 8 3 88 74 86 97 5 11 87 32 13 89 53 93 72 14 25 36 96 86 85 70 33 
67 12 88 13 61 27 35 74 53 7 28 31 54 8 61 12 19 20 63 33 67 68 64 29 34 93 6 38 69 88 35 66 6 62 84 78 1 69 97 36 4 35 35 30 30 90 1 89 65 88 
79 2 11 35 95 19 91 47 78 76 47 24 72 43 38 7 59 7 4 40 75 46 86 10 29 50 85 35 10 94 40 58 46 37 35 50 27 17 68 50 10 92 20 34 22 33 82 21 79 63 
98 48 40 91 87 10 62 65 43 39 35 81 10 60 4 87 92 44 59 28 26 52 34 45 60 39 12 74 18 98 85 92 59 50 11 83 98 97 83 56 41 92 28 67 90 25 95 42 45 25 
15 7 75 58 63 56 57 40 50 55 59 17 89 88 49 87 31 20 57 96 87 62 57 54 69 84 38 57 68 54 81 92 55 88 83 32 26 78 68 56 48 58 40 56 1 15 38 26 52 40 
1 88 86 59 89 34 19 46 15 59 69 68 52 45 41 31 30 46 90 12 85 62 90 58 31 38 1 20 34 61 22 98 42 46 90 38 69 82 16 92 94 49 62 86 58 27 20 91 64 65 
80 75 60 17 45 46 85 47 15 57 74 4 82 64 99 76 25 8 64 28 42 98 20 52 63 56 13 20 12 66 81 45 52 82 77 83 43 39 67 83 65 38 3 9 4 72 55 13 98 89 
25 69 95 52 30 65 25 91 76 2 2 85 10 21 87 89 42 21 71 75 13 82 93 41 5 98 51 80 22 96 83 15 53 77 92 67 98 9 77 72 1 72 34 6 48 60 97 16 27 34 
47 62 91 45 6 94 21 34 32 27 3 8 6 11 30 45 4 28 21 25 10 84 82 27 33 68 93 67 58 96 4 18 26 60 4 48 16 12 48 97 82 91 47 3 14 71 88 4 77 36 
75 47 36 93 28 20 82 44 88 71 16 42 39 25 23 64 93 62 97 60 93 44 11 84 16 82 10 78 92 41 1 59 31 69 38 97 75 41 7 98 86 48 55 46 8 51 79 3 30 4 
89 78 9 43 32 92 6 15 12 29 94 45 74 69 32 76 67 74 16 69 64 47 7 20 69 9 77 53 78 32 59 36 14 49 46 57 80 73 8 90 60 58 15 88 20 40 5 71 86 74 
70 21 6 26 11 98 79 99 72 77 27 63 27 46 19 31 34 63 52 54 14 83 94 23 3 44 83 72 26 44 73 31 88 23 84 4 61 5 37 33 68 90 38 16 46 33 59 65 24 92 
68 60 58 58 75 33 79 18 41 70 75 1 32 3 17 46 49 55 54 48 28 71 88 43 73 33 50 56 8 74 58 63 93 25 21 92 48 79 76 46 18 65 77 87 92 45 42 80 35 22 
29 26 94 24 75 10 95 45 2 97 64 49 11 97 66 8 18 92 6 7 4 28 54 10 81 51 31 26 98 90 62 34 23 5 65 98 77 41 40 57 89 51 1 84 90 71 77 88 58 30 
20 30 88 27 37 97 63 5 42 25 7 24 14 99 91 18 11 8 35 42 93 6 43 50 78 22 52 43 5 32 36 64 10 89 91 21 71 43 42 36 84 58 89 79 77 52 21 89 56 93 
37 1 42 11 56 13 67 86 70 1 72 77 12 77 84 14 34 45 69 87 82 72 38 42 9 10 7 43 62 1 80 14 76 67 44 60 95 54 64 78 43 5 85 55 42 8 64 11 1 97 
2 30 76 43 32 86 11 36 89 15 2 99 97 44 26 47 56 84 6 58 90 14 13 37 15 82 63 95 2 12 21 82 85 43 48 16 55 42 6 77 17 7 77 91 96 60 9 90 40 55 
2 16 32 59 91 5 60 62 9 70 66 70 68 38 2 37 33 22 77 9 49 94 82 92 69 33 70 89 61 89 76 54 53 33 56 52 81 11 77 63 27 68 21 88 92 15 90 21 92 8 
93 21 65 82 79 28 34 67 27 71 32 75 48 78 37 91 77 13 2 50 2 46 93 83 23 12 4 45 48 59 41 34 12 36 17 81 48 25 6 39 6 56 80 81 30 42 99 8 20 60 
87 54 84 81 2 84 65 90 69 42 23 88 88 10 98 74 79 35 63 65 76 49 14 21 31 84 3 81 4 58 16 59 21 92 70 14 55 38 22 80 22 41 71 41 9 62 77 17 35 66 
98 37 98 11 83 59 67 32 13 87 96 72 27 86 65 46 40 60 17 42 90 47 84 14 30 54 67 37 26 90 32 33 28 68 18 70 72 5 24 38 13 38 66 99 57 99 74 24 38 28 
35 22 23 70 5 44 28 7 2 40 60 71 9 71 33 84 2 80 89 10 84 4 18 31 97 72 15 94 79 84 5 11 32 16 92 99 39 42 11 27 52 54 18 68 33 57 90 9 83 22 
19 72 68 85 10 9 68 83 86 60 28 89 86 68 74 8 68 8 26 11 45 23 29 41 29 59 61 60 66 92 53 17 64 84 49 63 69 78 3 11 96 45 15 16 98 7 89 85 18 47 
34 60 8 9 63 97 19 21 90 36 60 74 94 45 90 35 71 92 10 49 66 11 61 61 32 11 2 40 78 13 64 80 43 24 69 17 28 58 1 28 59 15 80 43 2 38 49 83 31 2 
75 46 6 24 17 12 70 12 55 2 8 31 67 38 27 31 19 83 62 43 82 43 38 20 36 44 20 19 31 94 70 29 28 2 93 72 13 75 82 33 33 99 26 97 68 8 70 31 42 62 
77 27 85 56 54 45 22 80 22 4 43 69 55 53 40 85 18 73 40 14 98 85 1 42 31 57 82 30 87 60 52 80 15 1 89 98 68 1 24 85 7 17 4 78 86 91 79 5 45 85 
24 98 63 52 68 46 34 88 44 81 63 11 77 32 33 17 58 61 40 62 13 33 7 84 66 30 25 26 52 3 73 67 8 94 98 33 59 98 46 66 87 82 12 74 91 16 37 10 72 46 
82 15 87 26 56 7 11 12 83 65 30 74 47 63 56 12 95 6 44 74 85 38 38 60 48 29 58 75 57 95 17 22 32 11 10 86 3 24 57 94 63 7 37 61 79 65 61 23 6 75 
68 39 59 47 67 3 90 46 50 70 85 72 38 66 54 29 90 69 67 8 54 70 64 26 44 67 2 21 55 63 71 62 28 25 64 22 98 33 30 6 64 95 38 57 74 58 15 54 5 96 
28 67 9 21 89 28 35 90 80 74 31 21 78 56 99 66 31 54 13 72 65 10 71 77 54 49 65 6 55 57 66 60 73 30 32 53 7 72 45 6 27 54 1 35 14 34 11 32 10 4 
59 14 1 64 2 54 38 85 92 49 39 74 37 60 91 18 84 40 51 17 70 27 31 62 60 89 10 62 86 59 37 35 53 25 82 25 8 42 24 23 17 62 37 85 37 63 53 42 55 43 
72 72 65 30 76 29 55 32 19 54 56 9 6 99 35 13 90 84 95 25 9 86 1 96 86 10 89 15 37 35 55 39 79 13 18 17 49 88 91 66 74 84 40 45 83 45 59 56 33 3 
69 3 4 36 20 12 8 96 49 27 6 18 82 53 74 38 18 65 20 39 86 16 99 85 95 41 30 74 32 2 78 80 13 76 89 82 5 83 69 62 47 29 29 33 42 19 12 89 11 75 
51 60 58 54 42 83 34 91 85 43 40 68 91 8 64 75 62 90 32 43 84 18 67 97 60 84 57 24 82 44 9 7 69 70 23 31 20 7 90 81 37 9 38 77 65 13 91 80 11 70 
83 27 41 45 71 54 49 82 50 1 14 42 40 72 33 41 75 56 34 83 29 19 83 92 70 48 19 39 61 91 62 19 33 33 91 6 63 49 61 47 50 66 72 61 86 90 67 96 79 51 
75 19 29 44 49 70 12 61 81 91 67 39 32 5 39 9 73 82 49 44 95 67 47 94 89 44 75 10 1 48 34 39 14 86 71 96 60 86 82 33 17 86 70 87 87 29 78 44 52 34 
28 75 62 7 93 52 11 73 33 61 6 61 70 21 89 52 49 80 47 21 78 17 78 48 92 9 64 56 54 13 26 21 72 19 63 52 14 16 69 9 66 90 36 24 13 14 45 6 11 62 
28 69 75 50 29 97 59 5 42 99 95 64 1 31 81 93 9 29 13 59 29 11 19 30 96 4 45 50 81 47 61 29 68 91 83 22 8 37 87 14 93 62 14 29 94 45 80 57 27 84 
13 46 35 15 24 41 41 60 95 31 75 99 25 55 16 94 86 18 64 94 21 33 2 32 19 81 13 97 35 81 28 35 64 22 71 83 36 73 50 64 17 79 62 29 20 72 7 53 43 49 
1 32 92 61 37 1 96 44 42 90 91 98 44 5 29 7 83 31 48 70 98 29 69 62 72 91 36 17 32 68 70 15 15 18 61 35 32 63 84 6 1 81 22 84 35 66 83 47 46 75 
47 35 43 89 89 27 83 90 75 9 52 34 39 91 37 46 44 59 94 71 98 95 94 88 69 27 56 87 7 88 94 64 40 30 81 47 72 6 15 69 93 77 71 18 13 93 44 64 13 92 
16 83 76 73 76 29 40 87 97 93 58 97 24 45 49 38 5 56 22 29 81 1 29 96 81 54 94 33 18 57 91 88 13 13 89 95 39 99 94 75 68 84 46 4 20 53 64 50 26 48 
31 45 17 41 60 38 72 34 52 66 37 54 63 44 97 50 8 98 56 6 47 45 44 1 11 35 49 53 27 30 40 23 76 85 64 55 98 59 38 45 50 95 36 23 79 92 89 41 25 94 
32 70 5 54 77 19 16 69 29 12 76 47 96 27 98 2 37 80 72 3 34 81 85 12 60 25 15 29 53 47 74 17 65 96 91 24 5 22 91 48 48 3 84 76 61 61 27 44 32 16 
40 97 54 10 9 67 41 25 55 24 13 33 72 77 90 65 45 13 67 30 6 88 73 17 21 69 22 53 14 6 86 64 60 54 65 32 28 14 37 77 21 77 55 8 59 4 15 5 91 52 
19 48 70 61 41 96 85 24 69 61 97 59 72 58 17 40 5 3 30 50 85 98 59 57 8 91 78 30 6 26 94 93 56 48 96 54 17 38 17 68 5 27 33 83 1 95 85 18 21 81 
8 73 33 94 48 64 21 10 90 34 30 61 6 86 15 33 26 34 25 50 49 56 11 85 37 14 58 79 25 42 59 8 67 39 1 66 69 12 25 10 67 95 74 11 89 67 64 95 93 23 
85 78 68 32 8 31 17 46 64 64 98 5 33 70 53 40 81 58 10 23 68 71 78 71 35 45 42 12 98 31 64 56 48 79 27 87 64 32 32 24 61 42 39 63 19 62 22 48 36 61 
4 32 96 39 15 80 92 34 36 33 37 28 81 32 9 7 12 35 7 31 71 1 72 71 30 58 73 79 89 1 21 60 42 56 79 37 56 22 84 22 24 6 90 37 69 54 14 99 80 62 
11 61 9 55 38 18 13 60 10 62 54 24 27 79 62 78 55 68 40 7 20 70 17 28 64 74 4 31 3 61 69 78 70 87 96 70 38 63 40 63 40 86 48 70 5 3 11 16 49 4 
5 98 63 13 73 61 62 90 44 80 36 62 80 55 97 79 42 8 17 2 39 62 4 19 33 97 33 77 46 6 98 75 81 65 37 77 66 86 82 88 99 48 7 1 94 82 73 75 65 70 
28 81 1 73 62 94 27 64 35 52 9 77 70 94 51 24 20 51 15 43 83 50 25 86 30 59 94 18 10 16 46 41 76 68 77 79 54 73 96 89 69 34 85 78 3 57 28 13 79 89 
78 10 88 64 1 85 26 23 34 50 28 7 31 90 51 75 69 91 78 76 91 56 38 23 90 92 94 81 99 49 35 20 70 98 69 43 25 92 82 71 30 70 37 73 81 92 89 58 20 31 
23 23 81 24 54 87 14 76 39 99 28 75 29 21 53 84 46 40 13 84 82 11 42 68 75 6 4 58 86 90 81 85 44 6 17 22 75 73 20 29 82 5 39 61 83 12 91 86 31 49 
48 2 33 19 3 71 61 97 72 23 80 67 81 71 61 13 8 12 34 32 26 65 90 30 39 87 46 94 69 3 48 23 89 20 99 36 62 70 61 86 61 27 72 72 85 93 21 54 5 43 
30 85 95 69 15 11 4 13 19 90 81 95 25 50 94 71 22 52 32 70 42 55 65 88 68 90 57 57 94 66 75 78 40 68 93 31 58 54 86 63 1 45 39 64 67 18 59 45 77 28 
87 37 33 71 78 28 54 4 47 42 53 21 35 92 62 53 4 51 81 95 26 61 73 2 73 25 1 43 7 46 36 30 96 30 33 4 22 28 27 33 29 45 14 63 14 88 64 96 43 92 
32 12 58 38 86 88 74 42 55 74 54 45 75 42 49 34 81 80 9 18 31 62 39 90 38 17 74 2 82 72 92 42 13 17 6 85 10 42 14 36 73 18 74 45 14 17 24 26 90 93 
5 93 5 43 63 46 40 90 87 51 65 22 48 2 40 20 34 39 45 14 82 74 43 51 34 23 63 64 30 15 68 24 55 10 47 5 87 93 71 7 21 16 48 6 47 49 99 73 88 78 
99 10 50 97 70 9 86 23 82 84 48 64 3 12 31 11 6 96 64 58 86 25 45 83 90 64 25 64 89 49 56 25 29 64 60 28 31 46 52 76 44 65 46 4 93 79 98 47 46 96 
36 96 80 92 79 57 22 64 4 39 99 66 41 80 94 20 79 62 24 23 86 62 11 88 70 58 30 3 38 51 55 75 80 71 6 63 63 93 34 54 90 46 75 46 77 50 14 49 32 87 
33 81 15 2 76 63 73 8 53 18 16 14 65 26 2 92 76 71 45 59 88 40 91 71 42 65 75 42 7 87 66 71 94 20 33 51 1 69 62 48 66 19 24 21 86 98 20 30 3 79 
24 86 73 34 70 14 63 33 73 29 54 9 91 62 48 27 68 50 80 39 75 27 7 23 16 4 51 98 29 36 28 64 39 62 93 36 86 57 71 11 64 56 94 80 42 93 6 39 88 18 
43 38 47 23 43 6 83 95 34 60 37 90 97 93 35 18 74 83 43 7 57 60 75 29 34 49 6 13 82 28 36 1 77 63 52 5 17 83 90 13 42 6 52 46 31 5 38 76 26 30 
33 97 61 55 97 98 64 10 82 49 64 15 28 96 18 20 73 96 13 24 71 23 87 44 99 88 97 34 68 5 23 36 50 46 64 99 22 87 74 17 54 30 67 81 72 31 17 71 52 23 
35 90 92 43 64 86 36 52 60 79 6 53 34 71 80 41 52 42 18 43 8 37 34 93 48 4 73 12 69 47 92 84 78 73 58 15 33 38 83 62 94 26 26 10 49 15 15 74 51 92 
41 15 14 6 33 51 16 41 96 80 93 47 92 59 86 39 27 55 10 36 26 45 7 45 21 8 76 57 32 92 67 59 46 89 75 66 85 74 9 31 89 74 83 65 21 70 35 82 21 17 
37 15 66 90 87 83 87 41 20 8 72 37 73 86 44 93 25 86 5 8 19 2 55 92 27 78 89 63 93 93 70 47 94 95 60 46 23 86 23 62 74 84 39 6 29 89 33 50 95 81 
51 31 96 96 62 59 45 99 6 90 70 74 28 96 39 52 32 91 32 96 47 90 92 56 46 27 48 73 48 53 85 4 99 42 78 66 25 24 46 72 27 60 62 19 32 40 15 25 26 67 
65 77 81 22 58 94 53 19 54 30 85 92 46 24 29 35 10 39 40 17 96 82 13 70 8 20 76 54 79 49 37 90 75 24 24 79 3 28 41 93 47 84 68 33 91 99 43 56 9 80 
70 38 8 16 52 77 39 33 42 26 6 10 63 13 21 47 8 87 80 76 27 19 61 1 4 58 85 51 71 93 35 87 9 56 98 98 17 32 92 79 62 5 86 10 44 89 73 8 63 91 
99 11 48 11 4 29 3 83 98 45 66 70 55 70 20 13 3 19 30 23 43 40 41 52 77 30 81 78 13 85 21 35 52 89 67 9 77 81 68 76 11 18 83 70 6 60 60 84 46 88 
62 31 41 86 17 59 78 83 7 22 53 86 48 27 82 81 72 13 34 10 45 28 21 32 14 75 46 33 78 12 15 97 95 83 79 23 61 54 95 70 68 27 61 10 43 79 16 36 27 18 
17 92 28 23 28 91 82 96 19 67 21 24 27 78 80 38 57 74 80 18 87 50 5 57 41 98 38 20 60 27 6 91 95 27 70 63 93 4 94 31 41 62 58 67 93 48 78 11 70 79 
11 4 50 98 52 99 55 93 74 8 9 91 49 77 23 49 86 7 45 14 5 79 6 85 77 9 26 66 26 90 40 11 23 32 44 19 33 65 61 57 88 82 44 56 79 45 29 40 46 67 
73 59 84 96 98 76 85 46 12 88 18 67 65 45 65 69 96 32 72 19 68 62 6 93 29 80 52 17 22 95 70 75 39 84 65 62 48 7 39 40 91 67 51 85 78 46 38 97 62 9 
81 37 2 20 88 80 17 81 33 5 12 79 78 41 64 46 2 12 67 55 54 82 44 53 4 98 11 92 54 63 46 99 35 22 51 44 62 12 94 31 94 37 43 21 83 89 88 91 30 64 
42 48 96 47 75 7 78 69 70 88 65 88 57 66 41 26 96 27 66 52 96 19 16 72 9 28 6 86 61 10 88 48 68 27 52 78 67 49 44 30 11 95 46 20 6 29 1 4 66 43 
83 85 83 12 45 78 55 56 44 6 35 97 25 72 4 15 92 81 40 77 95 41 49 66 65 80 75 4 81 35 89 20 58 65 94 91 82 70 75 31 39 45 60 96 38 82 13 25 30 86 
25 76 87 81 12 20 65 1 50 96 7 37 82 93 58 14 9 58 28 6 63 72 59 20 15 62 33 75 86 59 89 50 35 60 72 93 10 1 85 6 26 49 78 8 68 24 76 30 26 42 
17 46 69 71 11 55 94 65 79 7 58 8 22 91 46 80 62 28 78 9 37 14 76 50 78 13 55 93 70 53 59 68 62 65 90 18 80 76 17 33 41 3 65 60 86 72 74 73 98 90 
95 91 81 93 4 98 6 90 53 40 8 68 58 65 35 20 95 38 73 29 75 79 53 34 82 3 34 81 64 17 29 51 89 64 82 13 74 87 52 82 78 86 28 34 94 11 71 10 28 35 
78 6 38 77 15 50 86 24 90 11 14 48 58 66 39 91 83 37 53 28 91 20 52 19 98 68 22 63 15 62 27 45 53 43 90 78 8 15 99 66 36 68 68 45 45 26 93 68 27 82 
2 42 51 29 31 16 55 73 86 26 80 40 34 61 61 59 62 99 18 78 89 25 94 68 54 70 97 19 66 40 99 19 28 74 49 23 87 72 78 17 53 83 4 12 36 14 10 10 52 55 
50 81 90 30 17 14 95 62 32 36 23 39 77 78 42 96 38 46 2 28 29 95 88 87 83 82 49 15 73 17 92 62 58 96 14 46 95 21 38 17 51 11 6 93 15 16 76 56 46 22 
87 8 51 2 86 72 36 19 98 77 43 47 64 28 49 14 40 28 74 96 74 57 92 7 89 9 17 34 58 11 69 93 35 32 14 95 58 28 81 62 40 20 9 49 61 35 4 36 3 87 
49 94 23 19 41 62 50 18 31 99 64 18 42 11 13 46 65 6 44 37 25 48 92 93 17 11 1 34 64 56 21 94 61 71 53 28 32 6 99 3 64 45 61 14 88 99 83 44 25 35 
98 59 99 84 71 37 99 10 71 43 15 10 12 33 36 93 99 70 7 6 53 80 39 36 49 50 27 90 92 31 72 83 74 72 31 24 75 56 40 91 82 14 21 35 57 69 70 49 48 64 
99 16 87 70 75 76 29 90 84 77 12 1 64 1 54 91 68 86 49 89 2 61 33 22 60 76 30 8 50 25 94 84 96 29 46 61 20 45 76 29 31 62 7 24 71 67 9 88 60 80 
82 21 56 53 10 2 88 74 82 22 84 46 68 42 37 97 48 71 9 54 74 61 22 49 4 13 21 11 89 73 14 19 43 59 12 28 12 50 49 11 34 14 94 35 7 88 15 39 41 77 
55 33 3 48 51 47 65 92 69 54 15 88 83 12 87 44 74 28 5 40 31 71 56 30 46 66 38 4 64 77 82 3 29 75 12 6 84 68 98 72 87 91 7 40 54 44 2 49 94 44 
37 19 54 31 98 16 77 68 50 9 48 8 6 93 30 93 84 51 87 51 92 40 24 14 46 17 64 66 49 22 47 39 66 70 90 35 43 88 59 16 80 14 89 21 41 29 77 60 41 69 
29 55 55 16 95 10 42 81 62 1 41 72 79 17 31 17 59 29 80 89 89 73 3 96 85 4 56 94 38 35 73 10 17 6 66 31 90 60 20 41 75 32 96 1 11 11 62 31 69 15 
37 54 72 30 49 25 95 94 70 98 92 11 4 82 94 34 6 82 7 5 11 99 28 97 63 74 5 84 72 60 56 91 47 74 68 36 12 37 17 97 92 9 61 28 62 11 81 63 93 40 
8 95 68 90 53 88 30 64 74 4 50 4 73 86 70 84 69 25 53 69 32 59 59 73 24 79 84 36 69 34 90 47 18 27 65 33 1 96 48 63 27 72 34 99 51 85 19 88 29 15 
25 56 87 70 73 25 93 57 20 86 97 25 87 19 59 88 53 73 85 18 57 72 96 74 79 32 56 48 73 14 29 53 67 58 94 47 37 81 68 56 97 29 87 36 79 17 7 72 1 97 
40 55 81 22 73 99 54 90 76 12 16 37 77 68 11 11 58 30 54 33 73 62 56 39 50 43 16 44 41 15 89 74 77 42 26 96 93 54 50 19 76 4 63 75 90 73 93 42 60 42 
20 90 72 32 6 36 75 24 42 99 99 83 18 62 29 84 79 69 47 26 79 2 77 96 91 67 45 89 98 4 28 82 65 82 70 55 73 21 81 11 15 88 68 31 36 59 99 96 7 90 
35 91 49 60 82 97 76 13 90 47 18 88 27 6 10 49 56 9 66 51 51 85 5 78 70 50 36 25 65 93 58 92 28 38 55 21 79 67 85 5 39 62 52 79 36 42 37 58 33 18 
35 44 24 51 3 30 44 67 70 4 43 82 64 36 60 58 55 34 52 58 75 71 47 43 25 88 52 15 12 63 9 99 10 46 15 88 75 17 81 92 8 42 60 90 18 21 36 93 21 48 
27 24 91 50 14 27 16 87 5 17 18 20 68 57 1 62 79 91 1 93 41 7 16 27 17 97 39 53 6 96 16 90 52 43 22 24 81 66 38 51 47 49 1 11 39 20 27 56 47 79 
97 19 9 86 93 50 33 73 15 17 49 33 12 11 23 93 71 24 34 12 19 40 31 2 88 73 67 93 92 33 74 43 68 56 66 71 3 64 20 74 55 50 94 60 94 65 4 64 69 6 
21 19 71 48 35 60 85 97 88 6 74 60 25 50 80 31 16 41 64 15 90 27 13 84 96 25 44 4 41 89 12 99 59 74 61 49 68 36 24 57 35 48 83 6 85 94 24 14 46 80 
21 10 65 9 80 61 58 78 79 78 97 3 12 68 62 24 29 63 38 37 91 60 52 2 23 37 88 88 13 10 36 37 4 36 15 48 62 51 16 81 74 89 28 28 73 82 17 52 81 65 
45 78 41 96 71 30 57 88 63 11 16 36 89 90 39 70 73 32 60 56 75 83 6 5 50 55 63 34 98 43 70 53 60 97 33 23 71 5 77 57 21 86 94 58 62 1 35 86 73 66 
47 74 54 90 98 82 30 90 45 1 26 99 62 91 74 36 6 87 78 30 95 14 62 36 40 62 7 80 29 2 45 95 6 86 52 86 68 42 30 6 97 95 57 75 94 86 6 14 24 83 
23 87 60 32 76 55 39 20 26 63 68 8 70 96 58 43 1 77 4 50 51 69 53 61 99 77 26 67 99 68 15 70 3 23 93 75 99 47 93 84 51 21 86 88 69 56 57 54 52 22 
3 43 93 54 67 85 63 3 15 73 61 57 67 53 10 59 93 43 30 4 50 37 43 12 49 79 24 44 76 24 43 78 99 70 46 18 48 89 43 24 36 56 95 14 17 75 87 96 35 4 
33 54 69 3 39 94 72 7 38 22 57 90 76 75 16 13 68 11 25 53 56 8 75 52 24 32 21 31 72 1 4 77 15 64 74 3 11 70 98 41 32 13 52 38 52 97 91 3 8 41 
92 25 93 33 49 58 82 71 9 5 21 32 10 57 49 21 98 5 49 29 61 62 68 27 82 85 45 92 30 7 10 78 16 83 46 7 8 66 1 48 58 16 96 58 65 62 85 70 77 63 
5 91 16 67 62 32 48 17 36 60 51 78 15 74 56 60 99 11 26 48 97 37 33 5 82 96 12 6 62 25 28 86 90 3 67 66 66 11 66 37 14 17 19 67 21 37 96 64 20 91 
58 15 22 22 67 75 29 63 71 48 79 72 93 28 88 20 38 86 65 15 6 87 78 11 82 52 99 86 68 87 1 16 30 72 21 8 41 14 75 62 5 36 94 4 38 84 33 97 21 1 
33 42 34 17 71 64 57 73 64 11 19 99 78 79 87 23 57 33 43 32 80 62 71 17 90 38 42 34 51 96 57 27 67 17 2 23 65 6 26 39 47 21 63 64 25 34 33 76 93 89 
97 77 71 60 72 33 1 50 5 24 31 68 88 47 25 8 13 66 73 96 63 33 24 93 93 69 16 23 10 47 1 56 6 53 44 82 58 37 72 92 19 74 41 30 2 12 87 69 17 36 
88 22 76 18 14 90 5 25 58 50 19 4 33 7 95 87 22 76 94 59 35 29 62 95 24 22 34 4 40 36 46 80 5 88 6 80 4 73 29 80 79 82 35 25 28 58 74 60 1 33 
7 22 90 11 62 99 63 81 76 53 75 18 44 6 11 25 46 51 75 86 55 80 30 80 24 19 12 57 66 75 15 81 24 76 32 99 63 50 93 17 82 67 64 20 87 70 53 13 99 19 
64 59 27 75 45 31 70 96 16 66 82 86 53 51 63 43 99 33 23 24 19 28 93 26 82 95 26 38 46 38 43 55 10 17 41 88 40 77 4 26 60 77 9 22 44 98 60 32 36 52 
41 84 71 21 92 9 6 19 26 47 60 74 7 15 21 17 81 54 23 59 1 70 56 94 95 61 98 14 1 23 29 78 93 26 23 61 77 18 52 44 98 38 28 23 8 65 28 9 28 65 
18 87 93 77 30 68 72 59 69 81 38 68 63 16 45 29 88 59 53 87 85 42 83 72 29 79 48 8 84 70 87 88 87 86 34 70 50 33 4 40 39 9 77 38 40 41 46 73 20 43 
82 23 1 7 88 46 22 78 37 13 17 38 87 5 44 10 8 21 29 88 13 1 17 64 2 45 32 51 25 74 81 66 54 7 97 87 23 47 31 86 79 50 53 56 28 9 38 43 5 58 
70 43 56 29 43 18 45 57 19 76 71 82 73 91 98 48 9 17 31 6 58 64 88 2 76 81 46 15 6 97 30 92 33 53 16 50 28 59 30 17 25 4 5 25 79 7 96 57 48 90 
1 63 34 36 24 15 48 29 91 98 76 72 57 12 84 57 75 2 52 36 37 3 51 6 77 89 80 18 34 18 64 40 71 96 54 74 87 41 66 34 27 52 17 41 9 28 86 44 50 85 
56 17 93 27 36 38 52 26 79 6 5 12 65 88 58 55 97 4 36 58 14 43 63 22 88 51 52 41 41 1 5 23 52 38 97 75 38 96 19 24 11 96 89 15 62 39 38 87 89 25 
21 99 93 62 12 25 14 26 73 60 84 77 57 50 75 33 26 74 51 4 69 9 45 57 17 81 44 58 53 97 41 94 97 40 80 45 3 76 25 46 25 14 20 30 39 58 18 88 33 79 
10 42 53 82 71 27 37 52 2 98 91 83 94 32 45 54 34 51 75 94 77 63 76 93 31 69 62 80 91 41 12 72 74 28 99 96 49 96 44 4 4 35 80 86 62 98 90 54 42 44 
42 83 53 86 81 10 59 18 12 94 26 84 48 79 55 40 49 62 8 43 68 24 83 35 75 90 9 95 61 21 70 49 12 43 2 20 70 48 21 10 40 1 95 91 72 8 29 73 4 55 
48 54 54 55 38 41 90 82 29 36 34 78 29 30 46 39 34 64 59 5 45 2 1 78 22 8 25 30 88 43 21 23 52 10 29 77 75 93 8 6 29 97 90 81 73 1 75 85 75 51 
18 15 67 28 14 60 9 51 30 47 8 28 68 46 8 50 56 76 87 17 48 94 38 14 76 54 27 57 7 24 27 64 61 17 47 17 13 16 68 61 48 59 64 56 73 58 16 36 79 68 
66 30 75 61 1 57 39 34 34 50 2 49 22 9 11 55 71 8 50 63 41 2 42 19 19 65 83 47 38 77 43 54 11 40 26 33 58 40 60 90 21 44 81 51 90 32 93 30 57 20 
66 5 61 47 96 95 15 69 39 35 14 42 99 86 43 40 83 28 21 78 75 53 59 40 58 8 22 78 42 80 53 67 80 54 96 53 83 64 21 50 38 4 53 57 89 77 28 48 43 49 
69 59 75 58 25 42 26 88 13 67 8 16 37 28 99 40 33 34 69 24 7 84 14 7 53 96 29 91 61 19 54 82 28 45 89 90 71 40 46 18 52 41 93 89 95 19 84 97 90 41 
55 87 10 68 16 33 92 70 67 31 89 67 37 92 6 97 32 24 74 34 77 96 38 42 77 32 69 47 90 1 44 51 84 37 61 90 43 67 41 57 8 31 37 29 51 51 37 82 39 56 
49 83 94 30 85 32 33 23 94 57 11 21 32 83 64 8 86 53 38 5 52 99 46 17 43 89 60 4 61 68 6 35 13 86 50 72 86 29 12 30 28 64 2 85 77 77 28 85 53 27 
32 60 63 46 41 70 82 40 20 68 7 5 5 28 73 21 76 57 89 85 95 10 50 73 94 35 9 65 16 93 47 74 90 17 41 8 98 40 57 75 74 93 59 53 55 72 10 86 22 56 
5 76 71 94 5 49 12 2 11 44 61 34 7 82 60 79 61 47 50 54 24 27 8 25 85 4 79 54 5 74 97 5 23 95 42 76 77 8 36 41 45 24 12 15 57 96 7 75 29 84 
65 75 10 75 97 11 14 87 48 94 13 92 37 56 21 64 80 15 80 20 57 68 62 89 76 93 54 31 53 87 11 99 40 70 8 54 23 62 53 19 70 17 49 10 94 19 33 51 35 95 
27 62 22 67 80 17 84 92 93 81 78 45 71 3 73 24 37 20 64 4 30 92 84 95 66 69 72 8 33 31 57 17 41 22 85 91 6 74 74 21 87 72 45 59 46 82 48 12 38 49 
18 10 82 76 55 54 32 12 39 44 72 61 65 33 15 79 35 6 56 36 79 95 7 97 59 13 48 69 55 62 1 41 17 18 23 61 50 75 69 35 85 69 36 40 23 67 27 38 87 58 
18 37 84 80 29 64 51 83 95 38 7 38 83 88 7 25 42 80 18 27 30 89 22 4 50 24 76 90 36 51 83 55 21 97 55 57 16 16 25 89 66 35 63 90 26 37 72 19 25 25 
78 24 40 25 2 37 47 69 47 66 76 33 70 17 61 47 82 82 28 77 65 80 12 96 97 39 30 19 24 41 54 37 15 11 34 82 11 64 60 98 51 8 95 43 43 73 26 69 46 9 
37 85 76 50 58 42 10 21 67 17 98 38 6 12 51 83 59 4 94 19 12 31 96 10 40 82 57 21 80 49 55 63 31 66 5 21 7 37 21 22 41 74 6 67 18 88 80 67 27 82 
60 6 97 97 6 81 56 70 28 10 10 19 49 32 96 52 62 4 17 3 33 61 94 99 77 9 77 35 58 50 75 92 40 18 24 41 29 4 3 45 28 59 48 73 26 38 1 80 58 79 
80 51 83 42 74 49 71 72 45 52 62 25 24 24 23 41 42 6 96 32 68 84 72 79 74 66 3 29 49 46 89 64 9 54 49 26 29 57 19 92 68 85 16 37 99 35 68 13 72 69 
27 39 31 84 10 21 9 41 17 17 50 67 25 10 18 1 11 62 42 11 57 3 25 19 84 39 44 20 10 95 75 54 66 18 77 11 14 99 22 87 1 44 77 7 14 13 26 86 2 22 
22 15 41 22 43 12 78 60 38 30 42 3 60 62 30 72 66 95 36 45 10 97 32 37 6 91 34 25 2 30 54 38 97 72 77 1 5 88 77 10 38 19 45 21 54 9 59 23 51 21 
85 53 32 59 69 82 17 14 23 54 70 48 71 35 69 97 5 30 47 30 89 29 90 63 32 20 34 98 39 88 86 40 92 80 93 52 2 79 86 89 19 92 80 17 9 89 87 78 42 69 
30 54 33 35 69 6 23 84 30 85 27 97 18 28 17 25 43 65 29 21 75 65 9 8 53 19 17 19 1 79 39 72 12 24 24 67 74 72 20 49 30 51 98 3 95 85 74 9 24 84 
53 54 96 34 17 3 2 8 93 2 40 61 34 17 41 54 88 41 17 64 85 13 88 39 33 25 25 82 23 36 37 92 9 39 42 38 63 56 75 90 9 89 97 53 21 72 19 16 2 99 
24 19 64 19 29 18 22 13 11 55 22 5 59 30 24 19 80 33 53 50 73 89 24 70 72 63 96 49 71 94 44 25 12 53 22 3 15 51 55 22 6 38 88 52 25 36 74 95 94 78 
96 20 38 50 46 52 5 29 90 84 88 71 52 31 26 97 42 71 13 68 81 47 8 99 42 9 70 66 20 65 67 78 23 20 83 82 22 59 65 90 50 47 39 50 26 83 11 83 39 6 
17 50 53 19 94 60 30 81 12 55 80 9 74 29 80 58 38 23 37 65 50 51 82 55 6 21 41 61 26 35 28 32 24 97 43 57 48 70 82 15 22 96 31 86 30 65 65 98 23 76 
10 53 35 46 46 51 28 54 49 58 13 61 70 30 49 76 45 65 13 84 66 89 62 74 37 85 83 30 73 41 42 53 84 96 33 97 36 21 96 98 96 25 93 77 9 72 8 8 34 89 
20 16 36 53 97 85 21 63 45 38 32 6 36 96 33 35 69 82 11 71 38 37 73 70 80 53 93 75 40 83 73 99 87 88 39 97 15 1 34 41 93 40 74 6 63 58 55 24 43 39 
29 97 65 56 38 65 21 29 10 38 24 62 50 71 6 57 11 98 13 71 41 7 5 60 52 48 36 70 58 10 33 66 3 13 99 16 48 89 22 30 91 23 26 77 30 53 13 24 10 92 
49 87 11 56 43 91 2 74 6 57 5 1 53 66 25 99 81 32 81 85 48 56 70 99 49 48 28 86 99 86 86 78 92 32 12 83 84 86 64 81 20 66 33 89 49 7 53 12 6 63 
16 8 48 57 17 18 28 31 70 20 53 21 60 44 73 94 5 94 12 33 30 54 46 45 69 42 57 6 71 56 3 64 73 47 36 67 4 18 73 97 3 20 61 3 33 48 82 24 28 20 
55 31 87 38 81 99 97 11 26 26 10 17 99 30 68 78 21 56 90 46 21 84 20 61 74 57 14 48 18 55 63 66 5 13 81 25 3 13 78 92 48 24 7 97 21 64 94 55 97 75 
83 50 90 92 39 61 88 93 48 29 26 48 15 69 51 80 91 36 95 9 52 50 52 2 62 26 21 89 48 93 3 74 25 68 87 96 92 3 79 60 97 81 70 76 47 60 55 70 57 65 
17 47 74 63 69 44 61 83 92 57 76 20 18 3 91 72 17 47 24 78 91 80 74 25 86 26 3 98 55 40 29 12 27 21 9 67 31 71 44 6 44 84 17 77 24 65 34 21 82 94 
58 18 89 59 73 55 90 9 67 3 43 82 84 42 51 48 36 43 60 55 69 37 71 96 12 54 14 99 9 70 74 69 50 98 2 19 65 33 59 62 2 49 25 46 5 79 34 6 94 87 
45 87 23 89 84 79 43 83 55 68 59 80 29 20 22 84 1 37 18 3 20 13 7 4 7 92 27 4 86 3 66 1 14 62 73 88 42 23 65 87 75 83 25 54 62 16 45 63 49 6 
35 91 5 60 86 10 84 71 64 75 57 6 88 12 26 22 15 30 49 72 9 37 35 6 21 54 11 59 11 12 35 77 13 62 32 98 98 27 12 10 48 18 65 29 35 98 41 74 34 89 
25 44 74 48 27 32 89 61 54 33 93 44 7 13 90 35 18 33 70 1 20 10 43 14 92 73 4 37 50 73 43 84 65 98 64 81 15 78 93 40 7 56 98 65 72 26 96 90 62 98 
52 52 73 22 35 37 92 7 18 7 1 70 5 52 37 37 47 12 53 79 6 2 1 69 29 19 31 14 73 46 42 47 83 41 97 20 69 77 49 71 42 60 93 63 21 98 29 93 93 99 
90 63 41 24 80 77 61 30 11 25 39 94 72 28 89 69 85 25 91 71 57 48 87 98 11 28 38 23 15 26 77 52 36 55 40 38 57 82 30 1 61 97 11 11 48 40 73 40 8 74 
79 50 70 83 9 60 15 16 42 61 20 83 8 60 51 44 75 51 19 2 86 31 22 62 44 61 1 22 89 73 9 66 16 60 56 7 81 80 4 57 37 47 77 73 87 80 74 46 89 71 
5 27 24 94 53 41 25 3 36 89 50 41 42 90 94 28 93 98 19 87 89 52 43 28 13 25 19 68 79 5 17 99 31 60 32 64 39 1 29 91 38 14 75 36 57 95 69 15 59 94 
82 1 1 66 71 94 73 99 55 53 60 58 6 69 6 80 17 80 34 10 64 85 84 69 42 75 4 79 28 23 83 57 54 39 37 26 37 1 34 40 32 38 65 27 82 45 77 22 96 63 
32 70 70 1 23 78 33 22 46 73 19 83 37 61 27 83 65 43 95 87 66 11 90 65 90 29 13 54 18 7 62 76 62 76 58 34 31 19 95 39 46 43 88 38 7 14 12 83 91 61 
67 66 92 2 52 95 71 73 11 15 39 11 21 94 28 15 55 91 73 36 39 24 31 31 81 36 84 24 62 53 51 87 64 3 7 58 92 44 75 50 43 6 66 60 66 59 97 77 85 26 
61 94 41 85 91 64 93 49 5 11 30 54 41 87 45 66 3 22 48 26 97 35 35 46 61 8 57 31 37 57 70 77 74 10 5 42 83 97 62 65 4 3 7 8 39 50 23 38 52 37 
19 80 24 55 59 66 89 20 52 74 44 53 14 21 27 61 93 96 10 82 89 40 36 59 90 4 71 7 52 1 96 80 89 21 54 79 49 61 47 49 26 43 34 47 22 73 67 80 34 12 
67 88 72 76 28 1 89 57 34 12 20 68 47 44 3 28 37 80 23 14 57 83 72 3 18 83 71 72 54 77 82 70 92 91 86 39 27 9 17 63 81 91 42 83 79 94 74 29 21 63 
67 33 4 73 69 34 85 76 9 66 96 17 32 27 39 55 82 86 17 96 17 29 52 77 12 35 22 17 62 65 91 25 81 10 45 85 88 19 55 82 59 45 32 92 75 37 86 85 75 74 
30 23 52 58 89 48 39 40 2 2 98 97 78 50 65 97 72 25 19 38 45 59 43 93 47 82 18 24 24 63 77 40 20 40 37 86 42 61 56 79 75 12 13 65 75 5 7 57 78 84 
33 48 96 79 17 54 15 14 34 58 36 92 45 16 64 26 89 82 45 3 3 55 9 64 87 53 60 73 13 56 79 54 59 76 79 5 89 62 25 1 96 80 32 80 6 88 83 77 23 23 
3 7 69 28 56 82 42 99 43 93 23 26 43 30 93 39 71 53 40 79 22 97 92 71 9 51 75 30 56 63 44 70 99 17 41 54 68 69 23 71 54 58 48 96 90 73 49 85 97 45 
70 41 3 66 93 93 46 12 30 21 48 92 43 86 51 21 22 49 48 19 30 45 16 80 48 51 11 72 26 78 5 43 56 56 60 50 85 96 18 20 52 55 1 38 26 51 59 97 45 33 
2 67 10 73 77 57 10 79 26 19 4 37 71 35 49 34 59 93 97 12 30 58 1 49 64 63 20 26 98 84 79 93 9 23 2 92 73 86 90 29 38 22 68 76 16 68 52 44 35 89 
97 19 30 77 32 88 47 81 70 45 56 56 36 6 6 63 87 55 51 9 87 61 75 34 50 84 11 82 10 18 30 70 91 39 91 81 11 4 38 34 78 2 18 84 18 83 81 7 60 57 
73 18 32 40 43 61 12 26 62 69 12 74 31 25 52 27 54 7 29 74 92 85 98 14 41 45 62 50 13 52 52 76 11 12 43 68 61 20 57 86 24 64 81 53 98 60 6 67 35 59 
32 99 14 27 39 23 89 2 82 56 44 8 45 26 51 75 20 79 86 54 39 54 77 95 50 13 37 67 97 66 89 42 86 87 50 41 49 59 61 27 35 28 13 39 32 61 83 64 88 42 
79 62 46 36 33 38 56 23 35 2 71 91 18 12 20 58 46 93 82 64 89 15 84 58 29 77 90 95 76 92 57 1 51 54 64 84 88 90 40 70 7 6 37 64 98 61 31 89 83 42 
89 51 38 54 37 91 25 6 94 63 16 49 77 5 70 2 90 48 33 64 33 82 97 3 19 86 12 58 38 74 27 25 57 56 42 26 85 9 35 48 6 49 76 30 95 63 50 29 68 58 
35 39 29 72 4 17 13 99 9 24 65 11 84 79 64 46 61 91 44 96 14 1 71 38 10 42 84 95 83 57 45 21 31 6 96 56 20 90 89 14 74 64 1 44 12 68 5 30 34 96 
27 54 39 63 37 49 36 97 21 2 94 2 74 46 12 91 49 6 34 37 86 43 55 13 65 73 19 56 59 90 61 11 38 28 12 71 75 25 6 34 41 14 82 53 11 12 3 93 91 67 
38 50 36 13 45 66 36 17 35 10 44 94 94 5 98 51 86 21 2 73 76 94 41 69 40 31 82 69 8 83 62 73 84 81 30 83 48 37 47 35 27 93 32 56 61 63 1 30 31 59 
94 32 68 81 57 80 1 74 78 16 38 82 77 33 22 51 87 54 39 44 97 31 22 3 47 38 32 74 50 47 97 18 88 9 96 35 65 35 39 78 99 20 35 55 98 91 93 60 36 41 
17 59 29 4 25 40 89 9 28 70 5 9 58 8 47 26 6 33 5 53 41 15 67 83 76 67 72 44 10 72 32 21 49 95 93 97 30 54 89 45 26 97 26 8 23 66 45 39 61 78 
11 8 83 26 60 80 5 80 55 99 44 74 81 8 63 69 51 16 46 79 30 23 78 21 81 31 8 51 30 49 95 17 13 96 84 65 76 30 91 5 95 74 94 89 37 63 27 61 92 90 
98 21 26 30 96 87 31 75 19 3 35 18 32 68 71 77 49 19 80 64 63 49 30 85 67 28 10 80 88 9 9 18 73 72 29 29 8 3 79 88 97 99 25 27 76 65 99 7 55 41 
55 89 92 59 64 66 55 86 67 50 26 42 58 94 74 78 96 23 46 71 65 58 98 39 70 59 50 17 11 48 17 3 66 97 66 51 26 50 8 26 46 78 37 26 29 65 52 31 7 22 
7 12 55 69 31 95 52 24 12 39 17 21 27 88 25 92 34 96 59 48 87 60 33 38 59 26 9 7 72 21 55 54 51 4 98 40 78 86 49 84 77 57 1 80 56 79 1 23 43 77 
3 66 25 17 74 3 56 66 35 6 40 66 94 33 97 48 13 98 50 5 69 97 19 57 42 31 6 61 63 31 37 90 86 74 66 43 78 74 69 33 49 20 68 49 17 98 75 63 34 8 
11 53 7 14 51 84 49 73 59 19 17 84 80 28 32 55 60 27 55 46 97 92 73 74 61 67 44 56 64 6 97 99 49 62 91 10 18 86 43 43 61 67 55 19 50 29 11 95 69 33 
30 6 86 34 12 87 25 71 95 78 72 29 55 37 76 60 38 51 94 28 8 4 43 48 65 40 57 87 11 83 49 12 61 43 35 84 21 42 84 46 91 28 28 44 22 52 51 34 54 22 
97 48 78 75 12 15 91 16 43 25 70 65 67 60 86 32 94 57 54 58 78 24 50 4 11 53 6 93 22 63 39 40 94 32 92 17 68 52 66 60 75 87 5 30 5 54 99 7 76 81 
17 69 38 90 75 12 13 46 16 98 58 40 51 59 56 12 22 87 58 10 14 26 41 68 10 78 6 20 1 97 40 88 75 15 70 83 65 43 23 30 87 85 72 72 21 98 4 67 86 14 
33 79 80 87 53 28 69 17 61 36 76 3 49 73 79 67 65 72 9 12 16 24 47 70 1 91 36 85 65 54 20 64 76 21 8 46 75 69 83 43 90 88 41 51 40 40 12 2 24 19 
44 63 86 84 68 69 39 1 89 36 61 81 88 75 21 26 25 18 22 61 88 28 36 21 6 38 48 76 94 93 75 61 79 42 84 36 24 66 84 21 13 83 48 71 28 9 41 83 33 40 
12 35 19 51 83 94 33 85 59 43 75 50 87 21 32 13 83 82 42 54 11 19 80 50 78 41 13 56 54 24 83 73 90 75 54 56 74 4 1 99 83 30 70 6 22 66 54 10 61 11 
53 88 56 62 13 2 94 44 17 10 9 30 99 68 38 66 52 69 89 88 65 44 1 56 15 44 97 22 70 30 88 47 71 94 76 65 24 31 71 90 32 75 31 66 20 3 42 71 67 44 
72 77 87 46 92 6 90 16 11 15 39 59 7 73 37 74 95 60 26 40 26 54 12 28 97 4 79 16 8 53 64 37 10 87 36 66 83 46 89 84 24 42 67 79 94 13 33 17 47 1 
53 12 23 70 80 28 78 21 75 66 99 9 96 90 43 18 81 82 20 14 67 82 82 3 21 61 2 23 12 30 20 6 58 68 38 55 56 48 53 67 73 69 72 52 85 89 5 33 29 3 
6 1 26 68 67 60 1 13 18 96 53 17 16 74 40 97 39 11 1 2 67 42 28 31 85 75 35 76 88 36 69 67 2 74 84 76 69 88 19 49 76 78 41 44 75 60 42 77 36 58 
83 52 89 65 99 81 43 17 41 65 72 7 70 64 43 68 6 53 69 82 43 12 18 54 85 29 7 96 85 66 47 24 62 83 81 19 86 19 48 84 31 65 85 51 11 1 13 27 60 11 
60 98 67 22 70 41 12 24 99 50 24 69 38 44 25 92 28 4 6 26 14 85 96 6 26 79 94 52 20 54 85 27 65 44 5 34 18 15 64 70 82 28 78 25 33 57 52 87 77 33 
9 68 61 16 1 93 77 14 95 75 47 71 18 54 19 57 24 45 39 87 99 28 53 5 81 19 8 67 64 1 76 39 50 54 42 85 74 14 69 78 20 30 26 80 47 16 7 18 52 71 
43 77 41 76 21 22 18 62 90 39 77 92 74 27 33 91 90 74 45 77 38 7 5 5 76 4 3 76 64 70 56 69 66 58 48 85 58 79 2 64 85 96 84 78 80 1 53 49 11 75 
75 62 24 77 23 37 59 80 93 5 13 34 70 52 13 44 35 82 29 13 29 91 88 89 36 78 7 21 13 58 85 63 54 75 53 4 41 2 81 87 35 30 93 13 80 36 13 83 23 74 
60 94 94 73 24 97 60 38 85 98 56 94 88 24 26 95 87 2 33 16 43 94 73 42 66 3 29 20 48 14 58 51 59 4 11 88 77 81 24 97 2 54 94 42 59 74 55 32 54 47 
94 40 70 48 89 80 20 37 33 29 40 37 93 61 8 72 31 15 17 30 10 23 64 87 79 64 21 86 1 77 67 52 63 96 69 90 6 61 68 86 78 1 97 46 5 41 10 8 86 82 
5 19 58 62 77 93 85 19 71 15 53 82 20 87 38 76 89 49 89 71 66 86 72 89 18 57 75 58 61 53 78 67 93 94 11 45 96 30 92 25 54 26 2 31 52 88 60 19 19 61 
84 65 56 97 95 72 88 49 51 89 42 9 17 44 77 33 4 64 34 57 9 53 29 56 61 54 91 86 22 12 46 74 72 93 10 5 72 65 49 80 16 28 47 33 98 7 78 56 66 3 
52 38 40 1 29 79 6 17 86 64 92 25 1 17 78 57 59 73 36 99 41 21 25 30 48 43 18 88 60 37 10 52 90 70 30 45 87 93 92 83 49 91 41 14 90 45 62 67 31 39 
74 50 95 48 45 65 71 84 72 61 99 8 30 16 11 84 38 29 58 62 50 6 38 82 13 17 53 25 96 93 13 70 12 28 76 25 7 60 99 55 9 67 86 7 12 25 9 76 81 11 
1 60 64 3 32 3 14 97 2 73 87 9 85 23 1 38 56 83 47 6 35 86 16 50 70 47 34 1 81 84 57 22 17 37 22 20 94 24 3 53 19 19 20 22 62 43 60 13 14 35 
5 47 91 19 58 57 56 48 27 2 80 79 24 19 83 52 87 27 1 44 49 16 42 33 1 21 59 32 92 59 33 48 99 99 35 20 71 40 66 73 12 42 5 66 11 1 82 75 45 9 
71 16 73 54 59 11 34 20 59 92 87 44 81 13 25 12 62 50 50 82 66 29 35 25 60 21 76 29 92 82 23 38 77 63 14 97 15 38 57 4 91 43 60 27 97 9 76 50 67 96 
39 76 88 13 52 93 47 98 95 95 89 29 68 50 55 64 60 67 21 4 83 76 6 5 55 93 82 34 95 13 20 6 60 50 54 9 99 50 66 97 3 34 72 23 81 44 78 15 22 69 
65 65 18 7 68 26 87 95 42 4 61 79 27 56 54 66 68 85 38 58 54 88 34 48 42 9 58 4 31 98 6 29 8 32 19 28 45 44 1 23 5 46 78 18 89 55 8 28 11 4 
25 55 83 42 84 88 66 88 16 76 61 71 43 83 71 66 40 96 15 81 4 20 1 57 94 60 48 58 90 44 3 93 44 5 86 49 63 69 24 74 64 74 94 94 19 20 68 96 36 21 
53 86 35 24 11 3 66 75 30 89 79 80 91 36 18 95 58 13 84 31 92 59 74 12 59 72 51 41 90 69 21 93 27 37 88 17 16 7 90 21 13 88 19 31 60 96 12 47 69 31 
85 68 15 55 4 87 30 79 9 89 81 31 94 10 33 49 85 50 63 93 34 13 31 95 78 57 28 8 14 93 50 61 25 75 20 83 61 17 14 77 77 37 66 81 53 86 37 44 5 33 
20 92 13 68 26 24 84 20 77 36 74 27 25 42 28 9 8 86 89 83 27 21 34 86 29 38 48 34 36 7 53 72 37 96 9 96 85 7 38 46 93 40 10 78 18 72 60 54 88 83 
40 14 20 2 54 74 7 97 50 81 22 72 22 82 88 60 7 32 27 63 40 23 76 58 6 26 77 59 97 6 40 47 73 41 81 49 30 33 74 41 39 47 39 19 7 46 65 4 7 24 
11 81 62 29 93 66 77 42 80 92 19 73 78 20 59 44 13 8 49 49 94 3 16 45 30 46 31 84 97 22 85 18 63 98 30 52 43 93 11 67 5 54 4 95 48 29 81 62 19 1 
99 77 50 63 13 61 48 74 34 19 59 11 61 57 99 47 27 6 5 63 23 26 65 75 61 27 48 57 32 4 79 88 33 67 61 62 17 52 60 91 70 58 83 36 99 21 15 75 26 28 
6 48 76 16 57 76 63 58 13 56 80 27 89 86 36 60 94 9 75 79 68 74 70 57 15 86 5 94 8 27 36 65 83 47 12 67 95 38 56 52 91 17 59 42 86 19 2 68 64 88 
31 12 1 70 38 59 74 10 35 86 83 46 50 47 61 9 15 76 80 78 90 74 46 62 43 40 60 24 29 45 13 85 4 16 56 94 36 69 9 24 19 49 10 79 56 36 14 58 40 68 
13 2 44 14 58 97 2 50 39 40 27 75 68 34 63 88 6 33 11 79 1 61 34 9 45 57 66 53 49 31 80 68 14 69 87 27 13 82 97 27 9 17 77 63 93 44 72 54 60 38 
95 91 51 59 20 91 23 61 70 57 19 36 78 20 58 51 51 26 30 78 38 12 15 54 70 68 84 64 59 66 94 66 93 82 54 9 97 69 55 41 67 94 98 91 62 69 88 28 57 53 
60 60 70 54 41 7 69 35 94 97 71 51 42 69 17 98 77 83 36 36 10 11 72 63 4 75 19 91 94 64 69 11 27 53 16 24 3 96 5 30 41 43 21 31 99 83 41 51 22 70 
92 76 5 38 28 39 74 15 24 96 21 81 58 82 98 47 95 18 34 66 43 50 31 78 10 61 78 80 26 6 67 44 33 10 64 3 82 63 28 78 47 83 32 44 92 20 29 28 65 54 
62 76 85 23 96 42 38 5 60 9 19 83 10 14 73 35 25 96 48 82 83 52 23 8 79 73 96 74 26 68 32 41 75 35 95 12 30 41 47 29 95 47 33 23 98 69 11 47 84 28 
21 83 7 39 10 68 56 27 35 50 7 16 45 70 65 33 74 72 47 5 93 84 74 27 77 60 67 48 80 33 43 85 87 63 98 20 3 72 38 44 3 44 43 74 52 44 7 36 44 9 
60 40 39 40 96 25 55 89 1 90 63 43 97 4 36 17 53 77 84 14 17 74 62 81 34 6 81 91 45 54 4 17 7 97 30 7 44 52 87 51 74 32 14 65 16 78 50 15 36 46 
58 93 27 83 96 14 95 32 87 42 34 6 46 61 3 92 62 65 16 6 49 45 60 78 39 35 86 93 84 91 1 54 24 7 52 60 62 66 73 96 66 42 38 39 93 27 2 4 19 43 
13 60 37 56 93 18 33 36 94 88 71 75 72 44 26 31 71 22 94 7 31 13 87 87 19 73 88 47 70 23 18 33 50 57 74 98 95 94 53 87 73 17 20 26 80 61 52 5 7 8 
76 16 76 45 34 70 76 76 68 67 67 18 69 36 10 52 24 19 98 85 99 41 67 5 32 85 34 51 34 62 51 84 69 49 66 97 4 25 89 20 61 67 4 75 86 24 38 95 20 26 
83 64 6 84 58 67 32 14 25 34 60 5 45 36 69 47 18 72 48 85 59 96 47 14 17 52 57 97 96 92 16 78 42 69 79 3 80 60 85 72 63 20 41 70 75 58 33 81 9 87 
5 13 18 55 82 26 82 5 94 3 68 33 64 8 31 90 59 38 61 26 81 68 47 44 43 98 6 20 65 24 88 95 99 17 73 91 88 89 17 38 18 29 75 34 98 20 51 76 29 38 
86 8 33 16 33 4 40 83 4 64 50 6 87 93 31 94 64 10 99 58 39 12 93 25 72 17 27 59 82 68 6 20 86 44 53 78 52 96 9 24 45 81 16 62 7 98 10 28 21 79 
83 17 3 19 91 49 48 95 44 32 54 63 35 58 24 5 4 46 90 99 98 99 70 23 96 41 85 41 21 72 8 89 15 70 15 8 67 66 19 18 35 74 33 11 76 13 50 83 94 52 
91 48 48 91 82 57 32 41 74 60 43 48 35 21 30 58 82 87 65 52 94 13 7 9 41 13 91 51 14 93 38 4 20 15 90 94 21 95 47 3 28 97 61 27 65 75 56 44 62 25 
70 87 3 65 94 43 89 57 17 97 14 68 19 40 70 72 95 12 95 63 60 9 34 54 4 35 33 65 89 17 37 91 28 90 69 80 34 35 12 82 9 99 69 21 32 53 65 11 14 62 
18 46 26 84 50 36 20 53 8 42 96 69 22 77 99 56 9 64 80 8 43 72 9 82 80 45 4 43 62 81 15 30 20 87 50 20 68 68 4 62 10 39 19 55 60 83 19 10 64 12 
89 54 97 52 77 80 53 37 10 77 63 19 82 7 16 63 46 30 89 19 65 70 2 37 2 11 34 10 32 5 11 64 90 91 14 47 22 13 8 77 65 82 46 57 17 73 87 81 26 19 
85 35 6 96 26 66 36 4 77 23 58 97 28 58 4 60 27 42 73 19 13 94 56 26 92 93 73 39 41 67 34 92 61 89 56 40 16 79 12 56 91 12 50 17 37 34 21 44 61 44 
83 62 4 6 46 58 42 86 80 43 71 95 39 94 51 4 34 10 78 20 67 90 96 93 59 69 34 11 20 52 41 59 23 10 99 45 20 53 26 25 27 78 61 75 37 81 8 86 52 19 
32 61 81 75 32 1 78 58 84 78 11 86 82 43 84 9 34 75 40 60 30 85 96 55 19 36 92 96 36 74 47 47 30 49 2 74 21 66 89 1 88 16 6 44 31 66 31 42 57 14 
90 33 25 70 57 65 53 59 74 47 81 48 12 28 35 54 69 1 38 64 16 16 27 85 34 85 77 34 70 58 86 65 51 69 14 82 8 91 94 49 6 90 77 2 24 9 50 66 5 66 
33 23 46 32 64 60 83 70 4 64 48 84 85 83 45 47 80 68 67 75 76 78 97 52 35 9 30 59 80 43 38 92 25 45 94 63 91 78 39 56 84 80 78 8 49 30 72 91 79 59 
30 63 33 47 56 14 4 43 25 94 14 93 12 14 11 96 42 13 46 11 92 97 88 27 77 22 36 82 52 91 69 21 48 7 85 19 72 34 74 34 67 47 39 38 67 3 9 79 74 92 
69 37 31 79 49 82 89 21 80 7 57 44 34 26 33 47 19 90 80 5 1 22 14 47 17 74 50 27 1 18 43 91 19 48 62 3 63 27 3 34 20 13 51 28 96 75 13 45 95 62 
24 27 37 34 82 51 73 88 7 77 30 87 12 32 60 81 17 24 88 10 98 42 4 94 47 48 30 98 44 72 40 34 49 30 78 70 63 2 1 19 50 90 13 95 13 37 47 11 20 23 
75 44 72 5 75 81 29 90 81 8 62 7 80 60 91 78 33 49 49 22 20 15 81 3 39 59 80 58 30 93 20 10 35 10 12 90 97 10 41 94 48 48 43 69 3 7 79 99 31 27 
1 85 50 87 83 30 15 26 97 37 20 89 58 79 94 9 33 82 29 50 59 24 86 38 24 18 10 40 49 14 99 66 10 25 65 64 77 3 48 30 89 51 56 68 52 80 13 47 62 88 
81 80 14 99 91 60 25 71 99 70 12 44 70 34 26 89 39 45 82 23 55 69 96 74 20 45 35 58 61 30 99 34 95 25 58 90 19 47 18 65 33 4 27 84 48 22 96 25 71 21 
22 96 38 38 54 54 39 98 19 66 74 41 77 85 73 40 25 81 75 98 31 88 10 31 66 92 53 10 26 77 91 98 7 16 38 92 88 79 43 47 60 88 64 57 36 70 42 47 82 22 
44 63 14 48 27 49 60 40 20 61 52 40 52 57 93 47 9 52 48 79 85 87 19 32 97 84 21 38 99 45 4 19 91 73 54 21 41 22 85 56 88 54 25 16 65 61 43 56 87 74 
83 96 90 76 54 17 8 24 96 59 72 78 57 45 26 19 53 57 63 5 29 80 38 83 81 81 67 41 21 85 31 23 44 76 55 31 90 89 86 70 26 31 60 88 69 57 8 85 48 50 
63 95 69 16 52 56 89 99 48 38 87 1 87 45 24 89 25 14 77 73 73 26 34 26 29 57 75 76 10 22 59 39 14 94 34 71 50 6 63 96 96 50 28 82 7 13 65 12 2 44 
23 89 53 39 43 18 33 74 3 78 91 3 45 45 39 83 5 47 65 50 42 57 67 47 13 26 98 20 82 97 83 16 44 78 45 95 13 42 7 45 34 38 82 55 1 71 64 32 46 44 
75 20 45 10 55 73 27 74 37 90 52 52 99 98 79 40 21 27 87 41 54 66 7 47 14 51 7 47 3 17 36 36 5 65 75 85 27 49 16 1 98 56 29 88 45 34 88 93 7 99 
78 10 33 98 1 47 73 5 72 7 75 55 75 34 33 37 87 96 76 40 95 60 42 97 56 2 92 89 68 55 63 50 63 68 49 76 4 33 39 96 81 96 51 58 68 37 2 63 57 83 
19 84 86 14 53 18 35 81 69 10 35 41 10 28 66 55 57 48 37 82 8 55 75 55 55 55 14 24 93 76 2 83 21 23 13 25 36 25 94 19 3 89 49 85 21 62 6 26 32 4 
77 33 51 23 78 98 73 27 71 83 24 53 44 36 12 34 18 5 83 7 59 70 76 42 45 65 43 35 97 77 75 14 25 81 8 36 63 27 21 19 64 12 5 14 9 15 60 14 58 94 
94 88 42 11 40 3 81 9 2 16 19 49 30 84 86 20 48 21 75 37 72 4 70 56 48 71 91 89 27 14 90 45 87 73 2 58 56 66 21 77 83 56 34 63 42 6 7 46 90 8 
16 41 43 6 63 20 42 66 33 74 80 27 46 77 96 41 72 60 95 73 3 6 82 38 50 6 85 93 15 41 93 17 54 53 41 41 93 75 7 48 3 28 87 7 58 79 71 12 24 89 
65 30 21 81 86 54 58 84 93 53 63 23 64 43 53 17 20 93 82 31 75 7 76 53 65 31 13 15 15 80 98 12 20 3 65 73 79 97 65 59 10 53 97 20 89 15 45 37 93 7 
11 51 74 19 98 62 49 22 57 84 28 92 69 86 46 27 7 15 4 99 18 36 90 1 78 55 85 13 61 95 94 96 31 22 45 43 58 2 67 2 25 2 35 39 77 49 53 66 1 58 
63 76 49 96 38 9 17 72 39 51 27 72 26 96 52 40 1 64 42 32 77 95 85 36 63 89 93 39 72 34 95 75 65 23 66 33 28 17 62 19 29 47 69 2 20 85 30 22 37 79 
74 63 18 72 48 53 93 13 92 90 56 29 2 5 95 47 72 22 21 21 95 53 41 44 84 93 70 53 90 78 5 68 51 59 60 5 52 73 41 72 50 71 1 44 74 79 74 33 35 47 
40 55 27 17 70 9 73 64 64 63 46 98 51 50 86 83 1 69 23 76 43 58 87 70 18 63 23 50 19 69 40 46 72 16 26 23 65 47 63 18 34 74 56 20 29 65 26 40 17 25 
90 58 27 62 51 98 15 38 90 29 30 40 90 22 69 79 17 65 64 68 75 75 57 13 20 49 40 72 4 44 64 66 1 62 71 86 93 15 12 39 23 24 40 18 87 15 24 29 50 77 
38 32 21 6 66 32 41 35 17 40 35 29 62 62 90 55 43 10 24 41 36 35 4 69 38 89 70 26 35 82 88 10 1 51 6 65 36 89 39 6 61 54 83 31 97 96 23 50 90 39 
37 36 96 82 76 34 33 54 16 86 5 4 87 5 42 88 6 43 72 46 49 9 80 72 83 89 43 77 21 87 90 64 7 31 3 76 83 40 94 32 5 15 72 81 60 9 50 74 53 96 
20 72 15 42 11 42 40 44 34 54 17 46 71 58 20 30 91 80 21 94 25 54 82 90 55 94 15 67 37 47 9 90 13 48 37 85 78 44 52 28 73 92 5 39 96 7 74 29 98 73 
68 42 84 75 53 24 45 98 13 11 69 89 72 68 6 24 28 26 26 89 63 94 26 13 26 71 9 7 55 60 83 71 37 8 33 69 62 50 50 73 51 9 32 46 56 16 17 88 75 1 
62 82 93 3 81 73 55 52 85 8 91 2 45 89 49 69 75 19 35 6 40 85 36 62 66 63 29 62 77 88 90 66 69 66 38 68 34 91 8 9 42 88 83 24 96 34 3 34 62 31 
63 2 10 61 65 47 16 2 98 93 42 5 30 72 60 67 85 34 73 63 83 26 46 74 29 55 89 69 18 98 99 75 83 94 77 15 32 55 39 82 6 6 16 62 91 47 4 41 43 57 
77 71 78 96 81 57 48 90 24 38 44 43 14 67 25 29 52 60 12 34 38 59 26 5 17 65 14 27 76 97 6 70 26 84 76 15 9 37 47 77 42 46 40 70 85 52 93 4 16 41 
47 28 61 24 99 95 66 93 51 96 52 78 78 68 76 72 26 52 48 20 96 79 66 14 93 91 14 98 83 82 96 48 37 26 93 76 31 92 85 90 16 19 28 7 3 66 16 11 62 64 
15 96 34 75 83 13 65 31 17 17 31 35 11 48 67 21 38 76 99 82 68 76 26 4 67 76 36 68 67 63 71 67 17 53 91 31 57 37 26 92 81 97 89 21 81 18 63 50 80 61 
5 46 9 98 15 2 61 22 33 19 98 53 91 19 41 77 50 66 18 19 28 15 39 2 60 14 69 57 97 42 25 36 64 9 87 33 19 73 79 85 21 53 71 51 19 70 62 33 81 95 
40 15 64 77 31 34 97 64 12 96 95 64 2 49 93 36 3 96 87 32 60 11 70 39 70 74 12 22 73 88 66 85 64 7 99 10 60 79 39 11 70 5 80 5 42 51 94 17 16 77 
11 88 37 86 77 30 94 89 62 12 63 98 16 67 62 28 7 54 30 26 20 25 84 68 87 91 40 48 50 1 13 12 74 10 62 36 83 4 53 65 65 42 73 66 29 37 1 41 75 3 
64 24 71 38 43 52 89 22 32 57 69 72 77 95 5 41 47 66 10 33 49 59 1 79 66 69 36 28 72 18 81 34 28 35 77 6 52 95 65 12 97 91 70 99 79 7 43 42 41 80 
11 38 18 89 99 51 34 47 39 8 20 65 14 39 67 80 19 66 53 85 19 57 9 66 13 29 94 46 47 97 84 45 33 10 61 99 50 18 49 31 16 39 45 42 8 72 16 66 3 31 
20 58 37 26 5 29 88 76 59 98 6 55 22 48 93 22 7 46 37 7 46 13 19 98 47 10 69 81 79 87 69 43 97 71 71 11 97 75 83 43 69 77 86 77 87 31 2 99 82 39 
47 8 23 73 12 52 4 94 64 81 90 35 57 16 52 71 32 85 47 34 34 75 78 63 71 21 53 64 15 58 78 34 60 59 34 76 90 72 18 94 82 25 24 78 88 5 49 55 26 8 
42 12 41 48 85 96 23 16 86 9 60 20 63 78 2 97 32 35 57 43 78 88 22 95 30 49 19 67 60 13 23 97 48 15 44 61 95 25 18 11 27 8 17 8 91 43 36 90 24 69 
43 90 2 83 80 46 51 33 20 57 42 82 52 81 23 80 85 41 46 66 23 71 62 10 28 5 99 10 61 48 56 63 64 69 51 54 43 88 89 95 17 89 49 70 28 81 42 16 32 85 
91 91 29 33 40 91 78 6 92 16 66 63 38 71 76 53 23 19 40 71 47 81 29 17 87 19 76 41 34 74 44 13 89 89 35 19 37 74 74 84 86 6 4 25 66 38 62 75 28 98 
41 89 47 2 58 52 70 39 89 31 81 51 71 67 80 14 39 14 82 24 90 90 64 3 68 66 73 36 65 60 46 44 5 5 1 42 13 77 50 12 34 96 89 62 55 32 87 1 28 74 
81 99 57 44 57 57 99 48 82 58 25 50 11 45 1 41 64 22 56 24 7 84 16 9 55 31 44 84 36 10 26 91 58 24 58 35 36 32 60 30 75 92 70 32 18 80 74 9 60 63 
95 63 99 22 29 46 41 38 38 1 80 17 41 99 40 84 82 15 68 14 21 36 49 56 91 36 15 93 26 66 61 94 80 16 39 18 50 94 14 26 54 28 44 79 86 65 94 31 54 54 
44 62 54 30 5 85 64 7 21 69 29 78 70 72 32 13 26 15 92 22 84 84 53 60 45 9 72 97 21 85 47 32 67 87 39 19 7 63 6 99 72 19 75 31 12 29 26 22 42 60 
43 7 26 32 85 19 2 68 92 92 93 5 22 84 87 1 29 47 17 44 20 75 52 62 60 86 32 13 47 76 40 80 89 82 68 71 99 61 15 38 47 26 16 65 77 58 1 49 94 26 
16 89 57 69 63 15 75 33 40 61 35 44 23 85 95 78 52 57 77 17 39 31 31 8 13 23 81 4 73 66 46 16 11 78 29 49 61 38 63 67 53 28 18 47 63 7 35 43 97 76 
81 46 83 11 33 91 89 87 80 24 55 98 62 15 29 37 86 8 8 51 96 20 8 78 80 5 20 53 70 20 80 65 92 49 27 24 80 83 48 82 68 5 57 91 49 83 9 73 82 40 
10 14 88 23 4 76 46 63 61 77 34 17 88 96 1 71 38 14 69 73 71 16 84 68 24 98 69 46 85 91 67 75 77 22 72 77 12 86 60 65 16 28 35 70 88 97 72 66 50 15 
63 23 68 98 10 55 30 77 1 7 74 97 26 2 93 34 18 98 20 8 93 73 62 62 10 24 10 15 5 52 59 4 38 97 1 89 69 94 33 37 45 72 77 34 52 94 73 82 37 53 
38 17 86 76 46 99 34 46 9 41 38 35 76 47 47 51 20 48 40 37 85 24 11 66 39 15 74 32 87 97 15 56 97 52 29 48 43 50 1 34 7 32 43 41 20 4 1 50 41 35 
84 45 36 77 33 27 96 77 9 74 58 3 51 55 93 85 38 36 8 86 72 29 63 83 95 59 31 40 29 31 78 3 36 37 14 52 47 52 68 60 29 29 42 99 43 50 58 39 66 8 
40 26 41 90 17 69 72 76 60 8 82 16 86 13 48 56 55 25 13 36 73 48 87 73 97 24 19 69 19 45 48 85 91 52 26 57 24 6 58 14 59 23 91 58 56 97 44 57 86 56 
9 68 5 35 53 62 19 29 17 20 66 93 43 35 52 50 23 8 41 72 45 44 36 14 37 89 97 65 69 9 12 6 54 1 71 77 8 91 2 49 8 57 53 3 83 89 42 4 97 6 
40 34 82 67 49 73 13 33 51 27 70 28 18 87 22 19 18 64 16 37 50 42 99 62 19 45 79 89 29 32 73 83 75 8 20 45 36 26 54 2 61 65 74 14 25 33 83 86 99 10 
47 42 44 64 62 28 31 28 21 57 81 85 5 46 90 4 43 25 57 6 62 22 46 56 31 6 8 99 28 16 95 26 45 97 30 51 5 71 57 27 85 74 66 70 10 29 11 64 22 2 
38 73 89 91 82 13 26 23 58 17 69 21 24 60 54 5 5 69 46 72 8 53 48 95 30 37 14 46 63 98 29 26 74 63 41 28 1 56 8 99 57 51 79 43 78 46 87 30 4 31 
50 5 45 4 37 20 13 95 87 18 44 15 28 31 90 34 60 35 16 40 11 46 89 2 86 4 98 91 98 94 75 25 29 85 57 24 36 27 2 76 96 97 69 14 35 91 22 67 41 66 
8 98 94 35 76 37 50 73 51 23 34 24 45 89 23 56 1 17 68 3 57 21 41 45 50 61 95 52 64 12 46 94 39 39 26 11 3 40 75 53 63 30 35 73 22 60 40 10 40 26 
62 6 43 68 72 27 23 60 77 63 5 71 42 28 77 72 81 66 43 28 52 35 28 44 61 8 21 45 92 28 95 67 5 41 74 10 46 93 3 76 21 89 84 39 63 4 74 56 42 7 
88 63 70 91 94 93 94 13 87 98 94 74 93 40 37 1 33 60 5 7 37 16 84 37 36 94 30 22 28 9 73 10 17 8 69 26 53 55 73 17 1 85 32 10 54 27 84 28 40 95 
99 1 79 78 12 15 41 18 90 32 51 85 63 95 2 3 14 56 45 36 60 32 64 20 76 7 27 92 84 20 56 70 86 29 88 86 56 79 2 79 10 10 32 6 3 58 60 84 2 99 
61 74 65 82 36 70 25 16 88 36 71 61 98 68 69 25 94 87 7 41 60 70 96 22 50 11 4 35 73 37 81 35 13 84 40 82 27 26 23 63 76 29 68 59 36 28 47 22 68 45 
59 46 79 80 4 64 86 75 5 85 34 39 84 43 54 73 49 38 22 18 95 5 60 47 52 73 21 47 69 95 28 98 77 93 27 14 56 98 84 55 19 50 54 23 22 35 24 51 59 60 
84 45 64 94 81 18 47 67 98 5 88 18 18 98 80 63 91 86 77 71 95 90 10 46 56 71 6 59 27 52 42 55 79 69 80 28 69 14 9 73 53 41 45 53 36 31 28 63 2 51 
25 78 44 80 51 74 11 77 7 50 20 55 44 19 23 44 73 33 55 81 54 24 41 81 66 46 71 97 70 7 49 29 4 4 46 58 34 73 71 1 93 2 90 39 64 33 3 68 10 16 
19 40 55 21 62 18 24 58 69 43 34 53 80 78 19 69 59 7 50 70 50 71 69 66 6 91 3 18 93 96 11 55 47 46 16 84 50 12 32 53 13 30 43 84 61 86 15 29 68 15 
84 77 85 49 34 43 19 20 17 11 93 53 31 80 24 52 87 84 63 95 34 29 97 40 63 14 38 84 24 72 43 28 96 69 69 57 85 98 98 83 52 59 63 21 26 31 62 95 12 49 
95 20 34 18 79 88 16 81 83 6 18 41 98 62 42 37 86 15 2 59 24 49 86 43 40 2 54 91 28 86 41 46 63 54 3 96 2 40 97 18 87 37 88 23 49 32 88 65 75 8 
59 66 28 40 68 90 17 62 93 98 61 75 16 78 19 10 1 81 59 61 69 38 47 94 41 30 4 10 26 51 76 61 96 83 11 52 92 61 36 85 10 15 35 93 93 67 20 84 73 27 
38 99 99 7 40 60 16 95 16 22 58 91 21 57 10 68 5 79 22 2 31 12 9 39 5 17 92 96 74 81 71 49 64 64 14 6 1 45 13 23 76 33 91 12 66 37 76 2 17 86 
69 4 26 56 71 7 97 77 26 64 82 63 48 79 46 59 92 28 35 67 26 82 94 64 59 19 42 99 77 14 47 23 67 65 36 53 46 38 53 61 72 35 69 21 59 77 56 49 27 27 
77 31 46 7 89 13 22 79 77 98 83 93 2 12 53 28 23 46 14 84 71 79 52 24 48 69 52 43 84 70 70 71 75 11 88 15 44 31 96 74 91 15 31 8 98 22 97 48 25 67 
90 6 18 96 11 98 56 49 35 18 36 66 39 8 64 36 1 14 42 81 53 67 30 52 73 34 61 45 9 60 78 63 54 57 11 65 14 90 76 88 84 14 40 71 90 94 92 43 60 29 
84 86 93 96 76 30 21 76 15 70 74 41 42 40 96 64 17 65 87 81 5 17 62 95 51 41 53 75 50 80 23 33 84 32 31 75 41 58 78 56 6 62 71 31 66 63 82 9 70 19 
64 40 43 37 6 15 5 11 12 26 33 43 16 42 15 34 90 36 11 92 38 68 85 22 56 1 8 76 84 37 59 65 95 51 29 85 34 88 10 50 33 46 78 83 24 72 87 50 52 60 
93 75 25 20 37 15 84 19 75 96 34 71 91 66 3 47 9 75 11 57 90 13 65 45 42 47 50 83 69 31 61 89 64 23 16 9 58 61 67 29 21 25 40 74 65 8 33 13 64 49 
91 64 29 36 66 72 37 74 2 64 45 44 49 66 91 62 21 84 28 30 95 52 86 5 56 11 92 7 32 93 54 43 39 34 7 44 6 1 56 39 52 91 49 99 43 92 63 52 17 49 
83 2 72 79 48 97 3 94 62 75 75 77 10 16 23 2 15 84 17 97 88 30 58 47 93 46 21 31 59 90 73 45 4 96 77 36 56 83 30 99 49 97 98 4 96 51 49 26 46 35 
39 13 87 88 3 75 91 97 54 56 60 33 76 65 31 85 89 8 98 64 36 31 78 50 27 94 78 51 32 71 97 73 22 11 79 74 47 45 56 53 21 98 64 60 48 44 82 44 61 52 
47 16 45 88 64 36 39 40 99 37 50 70 22 51 96 75 25 29 80 12 69 14 2 51 44 52 49 88 54 64 20 91 93 8 85 65 68 84 23 74 92 30 42 50 18 76 89 1 43 75 
42 53 17 90 42 52 37 35 42 72 17 77 3 14 77 6 54 49 21 64 47 36 33 79 18 32 33 11 9 33 49 82 57 8 43 3 49 50 95 93 94 1 66 89 70 29 17 23 26 69 
90 6 15 76 31 91 61 82 19 82 90 66 84 66 5 93 97 86 55 16 79 73 62 58 70 29 82 78 17 68 75 96 1 53 84 90 11 79 73 28 76 33 31 87 90 70 26 93 91 51 
61 84 15 19 89 89 15 52 17 70 86 48 33 99 36 27 66 50 15 77 59 3 78 39 37 81 95 55 70 15 29 22 3 7 23 5 9 53 90 20 17 47 99 71 49 9 91 38 47 31 
31 48 8 38 21 74 46 68 92 79 85 14 40 90 33 23 44 6 2 12 48 16 75 28 76 37 23 58 77 75 93 8 5 52 45 36 68 31 37 91 24 42 26 20 39 54 95 23 15 93 
6 96 21 8 99 75 66 38 28 95 64 97 46 50 47 57 90 68 76 47 13 5 41 85 40 5 70 47 9 62 43 58 68 94 14 84 51 62 61 93 20 24 4 78 35 71 56 4 92 45 
90 89 22 62 6 17 74 2 63 23 62 67 73 37 29 20 53 62 71 93 31 13 43 85 95 75 25 45 40 45 32 34 75 87 8 7 40 25 30 20 3 89 2 31 36 26 78 36 8 2 
96 81 95 27 36 11 98 79 79 62 19 87 43 7 64 86 12 8 59 33 67 23 41 92 13 80 94 22 80 77 63 12 91 42 94 22 18 55 56 45 36 32 28 60 26 70 11 23 66 15 
17 65 9 55 9 89 99 97 14 33 81 75 67 85 51 56 10 83 62 67 2 4 20 9 66 25 40 13 76 85 90 88 89 61 34 88 30 61 14 58 14 50 14 59 58 54 27 58 61 30 
36 91 30 1 15 64 65 33 84 81 31 95 48 54 11 2 47 69 53 4 71 27 22 38 65 77 89 11 87 69 52 19 15 15 49 7 37 1 62 66 26 70 69 31 63 88 21 32 65 73 
82 77 30 49 62 15 51 4 49 86 62 31 21 24 61 17 34 13 5 49 48 5 96 89 43 34 56 15 95 98 11 64 4 80 93 96 50 99 35 90 1 11 99 86 85 64 89 63 10 80 
84 52 8 75 96 36 3 98 16 80 83 32 11 62 17 9 20 8 13 89 17 27 62 37 10 13 64 9 75 41 88 75 27 71 62 51 89 20 59 67 39 24 51 14 70 30 4 79 60 40 
90 52 75 73 49 87 90 62 73 67 36 62 76 86 65 64 46 1 79 89 80 5 34 74 32 57 14 19 71 77 87 23 35 83 98 87 27 5 72 25 1 17 94 85 78 40 23 87 50 75 
34 37 83 26 57 12 33 34 47 53 90 24 26 93 64 35 28 83 90 14 86 16 63 72 23 48 74 30 16 69 41 34 97 25 83 20 53 84 65 71 93 83 47 89 8 63 35 53 5 4 
83 92 98 17 91 68 73 24 81 42 14 85 89 62 3 90 64 29 59 45 16 92 34 26 52 61 95 46 49 22 27 71 69 49 16 95 51 78 91 19 13 44 56 59 60 96 15 44 16 6 
69 70 78 1 27 5 36 63 65 59 45 94 68 24 74 82 43 12 53 82 60 10 42 20 85 14 48 89 17 93 22 70 7 18 64 13 7 89 54 38 49 64 45 7 21 78 42 69 58 69 
40 81 35 28 58 11 91 2 32 13 25 72 61 23 85 37 25 45 69 12 1 20 69 97 61 75 80 92 98 29 60 66 32 48 50 84 48 99 20 23 59 67 39 26 47 97 89 9 63 85 
38 60 16 31 73 16 11 16 48 68 32 20 92 41 77 97 3 28 65 92 42 28 8 6 96 67 58 19 31 11 26 21 50 58 71 97 28 33 42 38 53 44 57 97 8 42 99 86 82 47 
73 24 89 47 7 41 35 21 41 57 70 5 9 32 66 39 79 68 97 71 29 74 20 69 63 49 53 41 2 65 44 60 9 92 19 41 82 32 36 90 41 83 34 29 60 81 87 14 82 89 
15 16 12 14 81 7 33 59 28 43 89 87 70 5 7 56 16 62 34 39 18 63 23 12 33 73 19 40 65 84 44 97 46 69 78 33 73 73 93 1 24 35 94 28 94 52 87 24 35 46 
52 3 81 15 20 28 58 65 29 83 7 84 68 94 35 60 42 40 7 9 99 7 35 99 23 7 36 1 19 49 27 62 40 55 85 73 83 11 76 39 76 90 58 98 39 54 13 86 12 40 
32 45 8 9 9 58 47 69 17 36 83 32 43 22 9 69 48 36 90 26 20 39 87 38 9 92 74 3 30 44 60 10 31 35 98 62 53 89 91 41 29 84 94 31 75 20 13 75 53 43 
4 18 10 67 34 80 83 19 74 80 63 48 22 40 50 97 73 47 65 14 22 43 35 40 63 89 18 95 54 20 73 74 88 37 94 38 23 57 71 65 41 77 40 16 60 12 97 24 20 76 
26 50 42 86 89 65 92 84 59 86 44 35 40 4 91 79 90 66 11 83 25 17 78 38 23 7 52 82 81 99 52 65 43 66 73 74 59 21 15 77 46 88 24 56 66 15 99 80 39 80 
55 65 47 58 91 49 52 1 7 26 93 3 10 70 49 37 81 9 4 31 61 50 49 41 66 83 73 65 43 97 76 31 90 97 37 25 52 1 36 78 1 90 9 85 9 70 96 57 7 52 
63 97 54 35 4 46 35 81 88 96 61 79 53 88 4 50 78 21 7 96 32 50 50 97 28 55 50 64 91 52 30 72 45 85 45 29 45 49 51 15 65 38 34 71 82 6 18 98 18 63 
82 1 60 5 33 46 1 89 81 37 76 64 12 48 15 70 85 18 20 2 62 72 9 96 53 6 92 72 2 98 62 19 61 92 28 20 19 22 88 93 77 64 52 93 36 9 71 73 63 42 
64 7 56 71 42 86 59 13 29 37 61 7 71 89 33 16 43 64 75 82 29 53 90 50 50 64 63 67 57 5 32 88 34 9 38 78 30 97 47 80 7 59 21 69 64 2 57 90 8 80 
11 57 73 3 62 51 65 30 53 18 67 40 91 54 81 7 39 80 93 94 46 77 22 99 69 18 22 37 5 40 11 13 57 24 46 30 37 89 64 52 56 25 19 15 36 93 85 28 71 22 
62 69 84 12 94 27 53 49 40 90 47 64 5 16 95 49 76 10 4 22 22 60 15 56 63 96 65 36 98 83 38 96 42 53 95 6 63 9 23 59 68 58 93 49 57 29 82 84 40 37 
49 40 12 42 47 1 58 67 31 54 82 12 27 31 67 66 29 76 4 6 83 9 64 46 71 16 60 13 57 4 21 81 88 99 48 28 56 21 4 7 20 53 77 92 23 29 87 93 96 84 
50 56 88 55 75 22 61 83 55 64 67 65 55 17 35 48 85 94 15 4 33 54 66 22 44 7 52 84 68 32 37 39 57 51 74 33 71 63 1 79 13 73 84 56 58 1 47 90 28 74 
86 14 10 68 42 87 21 8 55 64 49 30 8 52 19 37 58 49 1 7 33 37 9 18 57 29 93 29 52 32 25 34 87 80 61 49 33 31 22 16 17 38 28 98 34 41 21 66 75 93 
1 49 59 16 13 69 86 84 62 52 4 94 3 72 77 52 48 19 98 42 97 26 99 58 34 97 75 79 28 6 68 23 64 55 25 70 32 31 81 2 64 64 78 24 32 61 62 73 87 63 
78 32 47 35 78 92 39 58 95 41 70 28 86 5 11 3 37 35 25 48 20 74 87 8 78 51 3 64 78 43 47 64 90 6 13 59 78 84 75 9 95 8 76 75 66 75 46 39 76 10 
47 90 94 59 78 13 62 43 61 58 86 18 6 96 57 67 71 13 91 60 77 35 52 67 40 99 24 60 61 18 45 57 14 78 64 53 76 76 43 27 40 37 29 3 39 52 56 51 79 79 
90 8 71 70 51 36 81 98 89 44 23 38 75 93 14 24 47 96 68 85 82 77 85 75 47 80 77 14 18 17 68 53 21 30 64 54 28 6 66 53 99 41 65 18 63 41 11 58 3 93 
96 63 54 21 23 25 7 24 67 9 87 7 43 12 45 78 65 96 64 11 2 77 92 9 51 2 52 17 26 25 37 23 26 39 92 1 65 92 11 72 6 15 23 96 19 98 33 96 93 34 
10 4 3 63 51 57 22 69 52 39 35 82 2 13 3 54 9 59 74 30 98 44 56 95 75 28 96 33 13 38 23 83 20 4 64 98 65 87 91 9 79 5 66 32 29 92 81 34 36 2 
48 83 72 82 99 8 23 69 67 24 50 55 49 38 71 12 48 76 8 70 84 89 87 90 63 67 34 69 97 89 3 70 40 93 54 77 46 85 21 56 84 4 32 33 59 65 59 10 61 22 
53 61 93 7 40 37 45 84 51 4 83 51 52 1 7 64 24 25 5 14 46 43 54 67 54 55 29 93 33 87 67 16 50 63 11 1 1 50 60 95 46 64 68 6 86 94 80 44 10 91 
62 48 7 53 13 62 12 7 31 55 36 46 70 5 18 41 75 29 46 56 15 57 32 35 91 85 10 17 41 85 61 1 16 76 5 67 26 56 8 76 23 54 63 46 3 83 34 51 7 93 
27 73 36 7 69 13 74 61 43 36 76 78 96 27 54 67 8 53 89 94 60 49 50 99 29 81 92 74 70 33 18 5 71 53 19 64 16 12 30 17 57 97 42 6 65 42 1 84 17 84 
80 78 33 85 70 57 57 2 29 55 49 20 14 85 84 84 14 12 24 42 39 56 73 92 87 84 40 50 97 50 13 23 49 56 21 48 81 9 29 53 20 35 83 31 33 45 13 45 40 60 
66 75 39 52 39 10 58 68 37 5 94 48 32 7 95 35 7 58 13 88 72 56 11 15 91 2 9 36 60 43 41 97 8 28 38 89 97 99 90 33 84 33 52 54 93 79 25 3 69 84 
75 66 32 14 21 20 29 5 54 18 29 86 55 65 4 64 41 58 80 3 46 14 49 61 49 94 13 43 65 30 21 20 91 75 5 68 34 16 48 2 84 76 38 78 31 53 43 95 89 94 
54 69 23 35 57 82 5 16 33 74 20 18 58 43 10 46 19 67 35 22 66 67 21 78 77 63 16 78 25 69 33 85 42 96 89 95 57 29 53 53 93 11 88 16 87 74 91 53 13 88 
79 24 11 77 67 21 66 43 81 26 51 14 44 62 89 50 78 77 72 1 45 25 2 75 47 59 13 67 81 72 96 70 37 84 77 72 70 21 3 44 91 78 98 59 29 95 57 30 75 4 
38 15 85 96 28 33 11 48 74 6 69 74 26 93 13 98 72 35 17 20 55 86 27 59 48 15 21 70 95 94 46 46 22 44 28 40 50 79 48 5 15 53 78 32 86 21 44 51 62 83 
8 45 18 91 51 68 39 18 75 55 47 19 56 85 7 42 35 43 16 83 27 2 8 89 5 50 79 88 95 25 95 3 64 17 16 98 47 1 4 59 76 66 72 17 66 10 68 37 49 62 
83 87 30 95 41 30 35 36 65 34 94 14 34 41 2 50 18 56 68 94 88 53 5 96 47 97 85 64 44 4 90 72 23 56 5 75 56 70 17 32 77 75 54 63 6 13 12 6 90 99 
88 84 35 17 63 30 3 12 57 35 79 18 59 4 88 94 2 16 77 31 30 92 84 66 56 88 35 3 36 89 15 52 10 50 87 59 53 90 13 78 33 44 35 58 51 99 62 33 39 54 
87 74 15 66 38 91 63 51 38 4 70 24 83 95 21 88 8 42 93 16 10 51 5 6 50 2 33 27 82 5 65 26 92 45 42 95 46 82 58 80 22 61 18 74 73 81 86 43 67 22 
78 77 17 93 31 20 9 21 20 45 80 89 70 43 57 35 88 54 24 38 73 74 16 43 3 15 87 69 6 72 10 24 51 41 29 64 61 55 99 86 85 75 82 92 6 39 75 86 79 39 
49 65 44 4 97 9 47 39 82 52 43 34 25 54 45 44 74 35 54 96 79 30 87 11 96 13 47 95 72 94 54 71 30 53 94 22 90 53 44 39 85 41 42 76 3 37 34 8 60 83 
30 65 85 16 36 68 80 78 3 39 81 80 49 29 83 48 27 59 33 87 87 1 81 33 61 89 16 55 7 93 57 80 15 65 66 89 98 50 58 30 12 80 69 94 94 56 12 49 21 12 
47 91 96 66 41 71 56 57 6 34 80 12 41 99 29 94 21 45 12 10 15 42 28 43 29 90 30 98 95 46 64 49 27 17 66 97 59 39 30 61 19 61 50 78 59 99 1 58 39 41 
48 7 65 49 3 51 91 91 7 40 50 49 30 59 19 10 5 47 88 2 23 5 5 2 69 50 79 12 67 78 70 51 48 13 7 41 54 14 65 19 24 14 34 14 25 99 31 9 84 64 
4 27 38 10 70 20 19 73 2 98 38 34 1 77 97 6 76 51 63 21 63 24 84 99 33 23 86 49 57 33 82 6 35 83 47 35 13 12 44 24 99 80 71 91 20 77 15 30 73 39 
18 8 41 42 50 70 65 77 96 12 85 92 60 71 4 39 87 97 35 95 29 85 64 23 38 69 89 73 11 32 9 17 16 99 8 25 74 43 97 43 45 76 42 43 91 29 98 97 25 64 
39 19 49 65 6 54 59 47 28 64 31 9 61 50 69 12 95 42 8 54 63 32 8 77 41 68 40 14 6 31 88 68 73 86 30 93 30 49 71 84 16 41 3 72 58 29 88 59 2 96 
11 75 96 42 68 97 72 15 70 29 36 60 85 83 47 33 83 63 45 67 12 15 77 82 26 96 44 36 24 67 75 92 57 6 84 52 48 55 17 94 28 90 99 92 32 86 61 29 16 41 
72 83 3 95 16 66 93 92 60 21 22 64 64 45 83 94 90 77 14 76 81 10 1 44 4 61 2 16 81 68 7 51 23 87 99 40 39 62 13 16 3 6 84 9 63 78 30 67 55 28 
63 77 8 4 43 39 26 99 85 73 21 21 22 41 12 62 59 93 31 64 65 90 29 73 82 43 92 60 24 79 68 42 95 79 58 99 77 84 92 60 3 57 69 80 56 27 91 62 27 3 
89 91 83 43 88 27 32 12 22 98 49 83 88 70 57 78 10 71 72 16 32 5 4 5 7 72 96 65 32 74 74 67 12 42 28 50 35 12 80 19 75 80 66 92 2 84 89 53 70 12 
90 3 80 42 40 46 86 15 63 22 67 14 27 46 47 55 1 37 11 23 44 34 40 11 5 74 22 50 63 46 20 42 2 72 49 61 81 94 81 40 38 18 45 28 98 34 92 86 18 38 
38 27 11 33 72 56 70 14 82 92 11 6 22 70 1 41 64 26 54 13 2 91 26 44 7 11 54 31 62 6 92 27 17 78 74 83 29 72 95 44 74 81 61 87 63 47 90 36 28 95 
27 94 23 18 83 67 84 37 84 2 2 64 73 9 15 75 4 89 49 5 40 54 88 65 46 5 41 90 56 69 31 93 52 73 48 67 57 77 56 96 35 49 88 7 75 90 34 37 33 86 
18 97 57 84 34 58 1 93 69 12 12 59 87 68 32 49 23 59 71 44 68 2 1 98 61 31 60 15 65 60 24 89 8 35 28 18 6 38 90 11 98 23 97 51 81 37 19 23 88 43 
86 21 7 26 14 17 57 12 64 14 8 62 8 53 32 7 73 25 18 4 83 70 73 74 70 16 20 70 80 18 20 63 40 47 6 59 20 77 9 15 45 86 50 60 64 11 54 98 45 37 
66 53 51 10 16 37 62 17 95 47 74 19 55 1 72 92 35 98 89 27 86 64 60 82 78 55 26 58 67 79 22 57 66 5 77 86 54 41 15 52 89 20 93 7 75 40 31 56 31 23 
27 79 7 56 90 78 77 82 25 64 44 42 41 33 53 2 40 37 62 85 88 69 36 34 96 37 67 94 28 49 58 80 96 71 93 53 34 44 21 8 98 4 56 39 49 77 67 90 9 86 
40 39 84 76 41 59 83 10 10 41 65 86 24 69 9 40 87 2 22 87 61 36 60 34 67 65 52 37 48 39 64 4 32 30 94 35 25 98 46 16 26 64 9 73 76 76 82 5 40 28 
24 81 38 79 49 88 14 39 8 88 56 27 1 17 10 93 35 51 58 90 69 85 2 74 6 43 22 36 99 35 51 36 94 13 31 35 9 93 89 86 66 85 59 20 37 56 38 56 48 39 
48 46 61 75 88 88 22 63 42 59 20 39 64 28 69 96 48 59 74 22 38 58 18 57 84 53 15 74 88 69 30 35 53 86 22 21 91 94 39 58 93 92 62 86 7 41 63 39 6 33 
59 4 20 75 86 21 70 61 12 34 8 14 47 40 92 62 42 64 88 32 77 2 86 16 13 22 63 56 75 91 8 3 28 94 97 93 71 7 17 21 66 54 8 27 1 26 2 27 66 4 
39 2 64 22 57 96 48 62 53 55 67 33 42 78 45 7 97 71 19 1 17 57 41 10 51 51 18 7 91 57 33 2 92 13 3 78 62 46 64 79 96 88 76 66 46 96 86 64 52 45 
17 49 39 99 77 18 71 32 30 15 91 97 35 59 98 45 30 4 72 98 79 58 85 71 44 65 12 38 68 92 92 14 73 52 50 26 92 78 25 34 52 28 70 83 57 7 52 11 57 33 
66 38 3 44 12 33 40 96 42 50 15 40 61 23 33 27 19 98 21 70 6 48 36 44 1 36 24 54 26 54 5 84 79 29 68 50 65 52 79 80 73 25 79 89 63 47 85 44 85 47 
77 96 97 51 53 33 87 96 40 35 48 31 27 93 6 80 9 35 19 46 71 51 32 53 97 24 78 13 57 1 98 14 44 87 21 19 81 60 7 34 26 92 14 62 74 87 2 54 91 72 
23 53 80 22 33 13 60 22 11 89 78 71 57 88 87 17 51 54 21 37 46 90 22 5 48 44 69 7 93 25 48 63 32 18 19 48 83 50 96 22 6 41 67 22 45 90 94 96 78 50 
95 65 23 51 4 23 1 62 61 24 59 25 73 21 46 73 13 67 98 80 95 69 68 51 92 58 39 84 51 19 50 46 38 4 35 39 21 98 28 29 39 91 34 62 21 35 38 57 75 87 
35 83 36 60 2 30 32 78 27 3 85 61 60 22 8 54 56 84 58 17 45 26 40 32 7 39 17 94 61 33 22 52 80 22 8 56 97 46 57 14 5 36 71 4 48 86 77 69 99 6 
46 15 12 93 82 68 45 82 72 51 73 45 10 7 74 59 80 1 63 11 73 82 2 7 44 61 62 8 61 38 29 58 47 78 73 76 16 26 55 49 59 47 42 80 69 54 95 37 1 69 
53 29 88 63 15 61 36 91 84 73 57 24 64 95 23 93 78 51 82 3 77 16 54 72 3 29 95 44 59 74 11 95 72 66 24 62 3 86 31 86 65 92 31 59 60 65 68 45 49 76 
50 67 49 87 67 61 69 24 91 82 59 49 3 58 43 60 12 72 31 17 58 18 85 18 26 31 62 69 9 68 93 56 60 12 6 91 48 40 34 68 81 67 10 54 22 76 71 57 11 95 
21 58 99 31 85 54 80 91 4 4 62 39 20 73 96 93 51 43 87 16 93 60 10 46 51 46 30 32 9 81 77 74 76 47 1 78 64 56 32 69 95 86 73 29 57 41 77 9 85 94 
25 57 32 52 86 42 42 66 76 86 85 13 26 91 75 3 44 78 19 68 92 41 14 57 96 3 43 4 78 99 33 40 85 68 82 53 88 59 99 48 95 69 90 53 9 81 68 73 9 7 
93 77 17 51 97 79 81 24 16 51 34 93 6 15 27 78 76 79 89 87 50 53 72 97 99 67 22 19 49 30 48 61 35 58 63 72 52 85 26 5 57 73 38 66 85 54 88 60 26 47 
73 44 97 32 83 3 92 46 13 44 7 80 66 46 29 55 57 1 98 27 25 38 15 95 54 28 9 23 42 17 29 98 99 36 12 74 34 58 19 11 23 50 53 13 19 85 96 6 37 31 
65 18 12 99 17 21 77 85 75 49 1 5 75 76 57 4 66 75 17 40 92 16 21 57 40 94 48 60 36 34 60 25 52 61 62 28 39 73 3 87 66 1 33 14 36 81 56 6 13 86 
19 80 71 29 19 18 40 63 94 94 51 80 63 1 51 93 62 73 48 21 84 85 1 53 11 2 92 1 65 95 52 39 98 36 39 75 13 54 98 8 58 45 74 50 3 68 84 57 28 87 
18 77 48 37 93 35 49 71 97 48 95 23 21 12 96 58 38 90 6 25 97 70 85 28 35 32 61 29 51 44 12 6 49 43 78 18 2 22 77 71 97 39 7 96 19 11 87 8 21 97 
89 85 23 33 87 58 81 37 38 52 34 95 45 53 41 16 39 76 57 12 97 98 39 15 66 79 44 42 97 9 43 31 47 98 29 16 16 21 2 22 15 22 7 61 93 99 53 9 21 48 
19 65 85 85 37 56 21 98 29 88 95 41 73 67 79 81 54 90 12 17 17 26 66 42 26 14 12 60 13 74 70 39 59 67 99 56 61 10 88 18 38 55 44 80 10 88 69 43 67 61 
47 71 72 93 97 42 12 58 25 81 41 46 73 58 14 19 39 15 19 54 49 80 16 99 57 35 76 61 26 59 20 4 98 67 81 6 29 52 96 40 53 88 3 54 68 40 59 98 85 19 
75 12 33 15 93 77 52 35 66 20 43 59 13 41 15 36 18 12 15 44 64 94 23 92 26 96 46 8 38 64 5 20 70 81 2 55 5 14 22 87 5 83 66 57 20 94 56 31 33 1 
89 67 82 42 24 53 7 7 37 52 72 78 96 1 82 40 9 70 34 44 21 26 46 11 37 85 3 74 12 50 42 41 12 48 48 39 93 40 25 78 1 34 49 86 79 94 35 50 70 85 