40 129
58 57 47 11 46 65 92 93 38 59 73 8 47 55 65 22 49 34 6 15 85 21 17 71 72 28 9 4 64 89 35 42 30 89 8 71 7 53 2 54 
56 97 28 18 39 25 82 25 1 72 72 21 29 64 90 77 22 57 34 42 84 34 37 43 2 26 96 79 55 74 39 64 51 5 74 50 30 36 1 59 
6 85 72 51 22 64 85 38 40 22 63 17 97 99 8 99 96 93 28 52 61 74 16 95 85 3 46 8 90 55 12 63 58 98 79 46 82 16 66 47 
39 88 10 49 51 93 47 46 99 94 52 99 39 81 81 88 41 69 56 50 68 53 85 55 84 20 55 28 10 54 92 30 31 20 7 53 44 6 98 43 
50 36 40 21 15 70 15 70 14 16 19 31 69 13 70 88 60 2 60 58 25 62 29 18 86 29 5 98 41 40 6 5 99 66 36 74 86 49 84 2 
13 16 57 13 68 1 34 94 87 6 56 99 80 12 28 24 11 50 64 45 70 29 74 54 63 2 77 19 38 72 3 21 4 53 62 40 89 15 16 28 
77 33 58 65 33 52 62 97 2 87 5 80 45 14 35 39 82 85 42 55 99 23 79 97 58 78 81 58 29 76 42 72 3 86 19 92 68 70 47 66 
18 91 48 29 72 68 63 76 23 75 2 68 53 89 24 15 60 66 7 12 87 9 11 18 98 62 7 99 60 77 85 74 15 61 42 62 51 5 38 48 
76 14 63 62 29 50 23 80 35 24 14 9 69 87 61 64 71 61 39 83 32 84 49 63 25 92 58 42 97 93 24 80 8 47 88 17 21 64 92 80 
1 8 71 60 20 62 69 4 82 28 17 2 91 93 32 86 59 88 52 12 23 39 98 95 6 71 68 87 72 46 81 13 81 66 46 35 71 57 13 22 
68 79 28 10 88 26 92 74 45 90 30 58 66 86 1 60 17 49 79 14 46 38 8 99 38 54 42 89 37 84 20 75 26 89 76 83 37 62 25 75 
40 6 6 28 95 14 29 28 61 99 64 15 54 55 61 68 76 33 25 93 38 86 50 52 97 13 35 74 4 97 57 93 4 69 78 22 36 39 97 73 
99 72 94 29 40 27 37 61 50 25 15 45 91 66 3 71 65 90 49 49 83 48 28 66 30 20 95 29 89 8 97 68 9 14 57 31 99 26 31 8 
75 53 69 66 99 23 61 12 1 34 49 86 22 97 31 35 41 58 38 49 51 1 69 11 51 78 11 66 19 95 67 82 96 45 71 50 90 43 17 60 
37 7 54 30 50 79 59 48 36 1 6 40 29 41 99 94 11 48 31 29 91 65 16 38 94 40 90 36 9 81 22 38 81 53 14 20 77 66 22 33 
1 10 67 9 33 7 38 98 46 76 89 58 14 12 98 89 93 66 19 48 38 80 11 61 84 37 73 29 55 25 92 48 23 82 96 36 20 51 24 86 
26 44 85 53 57 82 75 37 55 31 68 37 52 94 35 26 40 10 77 85 49 12 60 36 91 4 19 69 2 57 86 78 63 54 91 1 47 78 50 23 
84 33 33 35 64 62 56 48 54 58 38 6 14 30 24 55 98 83 64 64 38 1 47 26 90 5 46 95 54 18 13 28 36 67 28 65 28 48 11 74 
48 1 96 56 8 56 48 30 89 80 67 35 9 42 39 30 74 17 12 55 16 91 63 1 29 5 12 42 36 58 83 42 1 42 46 14 90 47 5 55 
1 92 6 28 5 66 68 8 94 8 7 67 28 25 44 56 57 98 22 56 41 2 9 20 84 81 70 87 34 91 47 49 33 25 45 14 89 25 84 31 
28 8 28 29 53 9 85 78 53 2 15 19 37 44 42 40 25 52 91 46 35 9 98 6 48 65 55 41 29 45 43 60 64 2 95 54 95 40 91 88 
52 12 75 22 79 30 80 62 49 80 49 28 77 33 70 73 99 25 68 45 68 14 40 10 67 6 78 1 22 66 70 58 40 99 60 48 4 7 75 82 
35 97 36 66 4 25 4 87 6 50 49 44 40 27 50 72 63 88 31 45 48 13 9 44 36 85 21 32 60 27 3 59 47 53 38 44 40 4 2 98 
34 40 95 87 47 55 98 12 53 22 59 6 11 63 40 94 86 26 48 32 14 93 55 3 65 77 36 55 72 56 98 8 6 52 76 97 51 62 81 46 
3 79 52 25 81 10 72 10 98 9 20 63 18 28 71 24 32 99 95 2 46 16 55 45 58 91 67 75 94 30 9 11 9 81 12 66 21 56 35 23 
42 64 54 47 43 51 24 9 39 60 3 17 85 86 92 99 77 99 85 66 45 65 8 17 7 63 46 96 18 47 63 34 55 22 20 34 98 31 55 49 
32 89 8 77 91 93 30 82 63 8 80 23 7 69 30 53 21 26 74 50 35 57 99 82 6 7 26 16 58 56 43 75 81 14 81 49 85 79 72 46 
60 96 8 22 50 47 73 53 43 18 85 75 46 98 58 21 89 45 43 19 25 51 91 7 12 57 77 52 50 16 90 12 91 67 13 31 16 26 40 55 
43 61 31 39 50 21 30 4 85 28 57 11 16 59 40 33 44 39 1 65 6 48 58 40 77 1 98 39 13 99 97 81 1 79 63 83 58 9 53 5 
1 89 41 41 65 56 7 95 32 10 15 75 48 72 94 97 8 6 57 52 33 40 18 46 24 82 25 21 82 53 24 52 27 84 18 92 65 41 19 27 
9 87 85 7 60 61 63 55 58 62 50 27 41 14 47 48 84 30 36 90 41 91 64 1 13 89 27 65 59 32 78 97 38 53 75 73 72 87 92 46 
38 28 31 44 7 18 95 26 13 98 51 13 40 43 62 97 69 16 78 64 72 32 20 87 3 34 21 75 61 32 49 82 74 16 9 98 99 97 52 30 
43 29 11 62 16 67 75 57 93 50 54 99 40 46 93 86 41 24 77 28 37 38 14 94 21 94 28 77 42 49 60 30 28 76 57 66 75 65 75 76 
88 8 25 63 95 2 98 36 3 63 26 32 22 67 34 92 25 94 70 98 78 96 3 67 92 65 94 85 21 8 23 62 32 67 47 66 13 70 63 3 
47 93 74 35 40 43 93 69 53 58 99 48 78 92 82 49 85 96 25 95 24 16 80 62 66 60 15 84 75 93 93 83 1 76 49 81 16 53 82 25 
36 83 5 66 96 46 3 67 27 78 69 1 43 84 77 15 91 85 63 39 23 44 45 26 99 38 87 96 9 49 84 71 11 71 91 29 40 28 70 99 
15 67 90 3 47 24 33 2 32 56 28 10 50 98 76 72 14 58 80 5 80 79 42 87 98 5 22 21 35 19 99 23 38 26 99 68 34 52 46 48 
3 94 27 78 18 1 28 71 23 63 7 57 17 18 26 28 38 69 11 73 12 20 26 82 78 58 48 15 5 21 94 65 95 95 88 50 72 48 9 26 
51 75 94 40 33 57 83 99 80 97 1 21 15 61 13 17 22 11 84 5 29 36 41 58 14 27 59 21 4 79 87 24 99 85 99 86 43 54 73 48 
54 92 17 45 53 1 13 65 86 15 7 82 89 21 67 98 27 16 15 66 10 57 57 50 16 57 44 71 14 59 30 25 98 84 85 55 48 71 72 51 
74 10 44 78 6 4 63 59 23 53 41 28 82 12 82 48 62 55 11 1 12 23 37 53 52 54 92 99 52 88 77 80 36 53 94 62 53 87 43 44 
65 71 7 34 46 49 19 21 45 54 30 99 70 97 38 25 37 66 40 2 1 18 34 33 87 43 38 22 90 16 36 99 2 29 16 3 59 48 27 72 
59 38 59 1 49 48 47 43 87 81 22 90 37 5 38 59 58 8 61 48 89 25 19 28 68 97 21 82 78 52 64 31 18 22 79 58 63 74 34 48 
48 35 68 87 12 80 73 63 8 52 86 26 90 10 90 32 62 86 95 37 53 86 36 87 99 81 1 69 86 67 22 78 89 4 26 68 21 94 60 44 
16 43 77 21 64 45 41 35 53 42 34 36 22 31 85 44 55 4 44 87 13 13 60 78 66 16 59 25 75 2 9 83 66 19 58 46 71 90 3 35 
5 95 17 15 5 7 46 99 26 81 51 94 29 1 46 52 43 35 43 9 72 69 27 79 50 21 41 85 27 67 66 26 83 54 27 43 89 45 55 11 
59 56 45 69 85 53 77 57 63 87 81 84 95 22 46 74 13 98 44 35 52 42 37 4 21 28 27 29 1 18 57 93 90 79 17 99 36 76 55 78 
26 35 26 17 15 52 30 41 32 83 70 23 67 13 16 61 36 6 42 64 74 43 80 16 26 53 18 49 10 29 12 97 61 60 92 63 81 33 8 83 
86 92 31 78 1 33 25 55 91 62 50 50 22 3 33 63 10 1 82 27 51 42 99 23 20 49 79 60 82 29 97 62 21 92 93 57 77 57 75 4 
84 79 43 34 21 4 20 73 8 49 71 10 37 91 47 85 30 25 96 88 95 87 44 12 57 86 13 3 82 82 91 15 74 98 54 70 96 59 71 86 
86 74 6 43 44 22 87 71 4 22 82 21 4 17 36 89 59 26 13 97 50 40 23 56 45 66 14 58 71 16 36 69 48 34 86 31 21 15 13 74 
5 26 54 38 1 70 2 3 53 17 22 51 97 65 26 11 96 55 97 57 68 6 83 49 49 43 16 29 40 43 50 23 72 11 35 3 71 19 47 75 
9 76 77 93 49 81 39 54 93 57 11 52 60 50 90 27 65 57 12 25 83 48 94 66 78 48 21 61 97 51 14 58 21 44 54 27 47 35 23 15 
42 28 4 28 90 32 76 56 15 84 70 5 51 72 96 86 14 72 45 10 38 38 26 25 34 29 30 98 90 84 12 80 76 47 24 14 90 3 44 83 
31 95 75 44 3 87 72 84 8 86 78 57 44 34 45 73 86 16 17 45 67 39 93 18 23 99 66 36 40 4 27 27 98 47 32 31 11 42 73 2 
30 9 7 83 38 89 17 84 38 27 85 24 19 7 55 48 78 48 89 9 10 71 36 16 84 84 12 22 59 39 66 62 49 42 68 52 47 54 57 49 
63 98 16 6 55 42 56 75 16 36 9 75 57 4 6 98 32 21 35 79 55 78 20 57 32 7 82 70 95 62 43 37 43 57 37 57 88 38 46 46 
85 76 28 6 84 78 38 15 97 68 39 33 87 31 45 20 34 10 44 9 15 19 35 18 34 36 95 3 60 52 13 95 96 44 38 83 35 70 30 54 
53 76 90 59 53 14 86 77 29 50 2 45 68 75 70 58 65 92 1 22 4 57 48 13 35 81 13 91 30 10 59 38 95 43 99 42 59 34 4 51 
64 95 13 26 31 21 39 6 7 73 71 76 14 70 38 13 60 57 66 34 82 92 33 23 82 12 76 42 65 69 39 41 31 25 51 7 14 97 24 55 
76 37 81 71 89 90 97 33 96 32 73 28 58 21 95 62 97 14 92 84 90 55 89 74 59 65 35 36 76 78 4 23 48 69 14 96 77 5 13 94 
82 72 45 20 90 45 86 84 80 5 82 91 14 77 71 85 65 32 15 32 24 92 60 32 89 15 73 43 28 48 1 19 97 42 86 53 92 2 40 9 
36 62 24 56 91 10 65 1 57 58 31 36 10 57 77 16 14 52 8 27 47 83 14 93 47 39 13 52 79 56 85 20 74 29 38 59 46 16 40 74 
24 95 37 99 69 66 38 79 7 82 56 55 63 2 24 47 12 70 91 97 51 42 66 63 51 82 87 52 89 19 61 32 33 64 70 57 96 34 45 13 
95 35 23 92 26 37 79 21 60 71 70 62 51 87 97 58 57 96 8 72 80 94 12 26 19 2 98 67 51 26 57 4 86 48 2 57 3 28 57 93 
8 27 82 20 60 14 96 85 96 86 89 14 77 47 44 94 87 3 23 53 92 97 13 92 86 38 97 66 79 72 9 92 32 58 55 8 59 86 67 32 
18 7 26 80 57 81 33 41 13 79 76 28 55 18 86 61 2 5 5 37 6 60 85 95 66 18 91 64 68 21 41 83 93 69 83 93 31 39 93 38 
66 40 90 27 62 91 56 22 24 59 57 70 7 84 5 28 70 58 81 89 46 88 15 1 12 72 97 87 67 53 94 73 65 86 66 93 59 73 30 98 
91 55 93 29 79 32 43 96 22 55 86 22 4 83 73 46 61 25 11 1 81 42 53 57 69 84 72 27 22 34 72 42 35 59 91 24 90 1 97 72 
50 50 1 96 13 29 2 91 25 33 71 72 63 62 70 30 94 1 15 89 58 79 90 3 73 68 3 50 74 28 15 7 30 82 19 76 81 51 37 17 
2 76 36 19 39 73 26 60 57 43 73 76 66 96 20 38 64 45 13 76 10 29 28 17 72 72 93 88 57 7 94 74 66 85 67 71 70 40 77 93 
66 74 59 24 9 9 95 89 35 33 91 74 22 37 40 81 49 72 61 21 84 36 96 25 82 25 44 92 81 69 83 31 1 10 95 35 84 43 8 86 
14 92 14 72 8 74 38 31 23 40 53 29 66 13 58 87 63 73 98 93 85 63 85 28 95 37 9 42 2 36 77 30 12 22 56 75 91 13 30 76 
81 91 28 14 74 9 95 19 4 95 10 48 15 40 60 31 52 48 86 75 37 31 10 12 15 30 64 41 16 67 77 68 61 38 25 43 68 86 62 17 
10 62 41 39 73 90 89 82 12 8 72 97 73 85 89 62 12 78 39 31 53 53 48 50 12 44 88 54 15 27 31 72 44 38 27 51 51 55 63 14 
49 12 93 18 20 36 59 74 66 32 93 17 53 21 92 37 90 76 90 13 2 96 93 86 84 59 29 44 42 80 79 25 10 57 59 44 41 52 82 95 
73 95 79 3 33 79 16 27 98 39 46 62 20 67 21 92 46 66 64 52 61 25 92 60 47 35 42 37 90 58 64 86 93 83 64 95 65 71 41 60 
61 60 92 68 92 30 65 19 55 4 59 81 48 72 65 21 76 17 18 5 43 77 92 57 1 22 99 48 85 62 54 66 79 30 21 54 2 43 51 98 
59 59 19 22 39 94 32 89 22 96 34 87 93 74 36 76 50 43 57 2 30 11 48 32 15 24 20 85 66 53 98 10 48 81 24 41 1 21 28 13 
92 93 33 51 75 3 56 87 17 90 3 24 66 58 15 26 69 2 10 99 56 78 67 97 67 1 79 39 67 73 11 89 9 98 40 8 13 63 14 54 
95 3 51 62 32 97 86 54 40 96 20 37 60 36 96 24 83 15 50 91 7 65 25 23 59 81 89 54 38 65 26 54 23 17 77 62 62 9 62 19 
54 71 88 67 67 3 57 62 43 79 12 22 90 26 4 75 30 80 24 33 91 64 24 59 25 81 27 58 9 15 68 51 40 33 70 94 29 76 7 95 
9 96 37 43 67 48 76 66 20 43 29 97 7 81 66 17 51 62 58 40 75 15 94 99 21 18 48 96 36 8 4 23 78 7 3 84 78 54 15 77 
5 98 90 73 71 5 34 21 77 69 45 66 39 71 86 99 97 80 51 1 14 53 2 52 69 33 1 75 48 52 16 86 41 70 68 73 7 36 97 86 
93 8 88 39 8 61 49 58 61 27 45 58 56 61 24 7 3 72 23 34 45 61 14 86 77 26 44 97 35 49 37 39 43 40 17 53 57 66 40 59 
69 91 98 59 35 82 36 28 17 94 17 18 37 32 46 24 94 45 69 26 91 85 41 63 42 95 58 64 53 60 98 91 2 8 68 92 28 29 82 35 
85 35 93 52 42 84 58 84 63 58 35 78 34 68 63 99 30 37 70 29 94 28 73 76 13 54 52 80 51 36 82 42 59 19 41 62 75 11 99 43 
4 29 9 8 55 51 10 60 79 57 9 24 58 13 67 15 5 7 6 58 49 19 48 36 11 51 74 12 87 58 87 18 83 86 93 13 96 54 36 5 
92 91 16 23 57 74 53 41 6 18 2 93 99 5 67 70 76 83 76 46 22 72 36 62 67 8 2 46 46 24 47 10 38 41 71 71 85 40 24 11 
66 28 88 50 39 9 4 45 26 12 15 33 99 31 67 38 16 57 49 66 99 77 63 36 39 26 25 67 55 10 73 43 51 55 89 23 82 89 2 17 
83 15 79 89 87 72 87 45 31 39 34 65 46 54 56 75 66 50 70 47 93 4 23 96 53 11 88 80 50 32 67 72 93 10 10 34 6 80 41 28 
93 61 34 57 11 95 65 51 80 30 48 83 96 80 50 80 2 51 60 5 52 89 42 59 26 10 42 52 8 44 59 53 49 68 19 93 71 52 30 10 
48 59 51 95 63 13 48 14 54 74 43 24 34 20 15 89 75 90 5 80 65 1 87 43 2 95 55 17 44 30 20 70 33 49 14 80 85 67 21 63 
8 76 22 89 84 95 15 26 67 30 91 53 47 54 71 62 57 18 12 42 42 82 66 28 82 79 55 49 94 67 4 90 32 23 83 1 98 80 72 2 
33 33 99 57 46 88 15 33 10 67 60 15 47 83 97 74 47 8 12 69 8 55 33 93 26 14 14 43 10 40 62 2 1 48 50 83 74 23 59 77 
46 23 67 66 74 13 33 61 15 2 73 24 57 63 23 20 8 77 91 90 73 78 5 14 8 13 64 16 41 44 53 41 23 36 46 55 12 17 44 84 
10 13 85 29 72 69 64 70 90 17 43 39 4 58 42 52 42 48 75 19 20 2 34 28 68 81 70 88 1 27 51 97 23 11 80 86 69 6 81 40 
37 99 92 7 1 34 96 47 44 88 40 79 54 36 15 38 3 75 55 3 60 64 58 79 81 85 19 1 16 62 47 19 49 16 10 73 43 28 67 49 
46 98 13 87 28 35 91 2 35 9 5 81 65 7 20 75 93 2 56 15 20 40 54 64 67 61 25 78 67 59 43 36 55 14 70 65 14 21 56 93 
44 97 35 98 97 59 62 19 5 15 95 35 72 75 17 31 31 37 60 26 63 8 64 13 17 59 31 98 80 15 92 63 12 8 85 91 84 58 4 38 
5 17 64 70 57 74 79 58 44 82 18 65 34 62 40 40 82 10 71 57 54 44 4 41 43 48 67 48 64 4 2 96 97 22 16 26 96 37 3 59 
46 58 77 60 97 13 41 28 48 36 1 37 74 11 52 85 84 53 80 58 13 26 95 84 52 48 78 88 81 50 87 63 67 36 65 10 60 7 23 8 
36 51 70 44 35 31 28 79 34 79 53 48 6 75 90 37 55 54 47 39 75 97 76 42 92 1 80 93 29 3 16 5 7 52 38 61 15 93 77 82 
27 93 43 83 85 21 76 35 86 9 13 78 83 53 1 61 80 39 90 83 36 11 53 68 86 2 74 75 7 73 18 45 68 35 6 15 53 92 80 70 
61 60 53 57 86 27 47 34 37 61 20 23 71 29 52 40 3 16 35 86 99 34 36 83 44 6 25 7 45 7 2 72 93 62 34 42 80 68 84 38 
65 49 19 32 42 21 72 63 37 64 25 16 14 54 18 25 85 86 48 77 46 14 1 88 60 90 28 67 25 26 69 20 94 11 55 90 87 66 36 93 
62 4 61 79 11 18 40 86 62 5 40 33 50 33 34 29 56 85 31 91 42 61 92 37 3 38 65 15 63 68 65 86 13 25 97 67 81 64 37 49 
27 32 7 88 31 87 64 67 57 93 99 69 14 76 78 81 81 68 72 15 96 16 7 97 11 77 8 55 49 67 45 75 96 95 90 48 24 79 50 85 
38 55 22 30 57 74 60 60 70 59 62 92 75 33 72 42 37 56 70 51 43 18 48 21 94 96 37 93 57 33 12 25 71 98 92 87 82 73 28 80 
11 57 91 4 98 21 86 10 52 45 30 19 15 23 97 3 21 92 25 25 27 82 18 87 39 34 79 17 64 45 72 34 75 8 96 96 78 21 63 22 
27 42 63 64 28 67 63 6 48 39 16 54 34 24 24 61 69 39 35 28 66 10 20 63 79 50 72 87 22 36 10 56 84 29 19 98 61 87 86 59 
27 25 10 42 48 32 90 44 67 36 68 9 64 17 19 49 47 99 25 26 84 51 46 3 85 45 87 40 67 9 70 70 98 97 91 5 47 24 42 65 
46 18 79 34 34 58 23 52 22 74 60 65 90 24 59 64 50 43 46 24 85 98 42 89 99 1 95 13 30 50 53 77 34 17 30 55 99 88 7 67 
96 55 86 75 11 65 49 81 98 87 9 79 76 59 1 71 89 23 83 84 78 36 67 2 90 72 95 58 68 46 16 43 90 44 69 77 94 33 29 36 
60 72 73 31 39 37 60 85 18 71 50 34 38 67 93 93 38 40 33 83 14 79 86 28 96 40 12 30 76 40 56 3 98 10 93 98 70 85 56 86 
47 67 21 54 99 86 32 41 90 13 60 79 48 78 8 33 23 82 26 40 46 84 3 73 9 66 28 61 33 46 22 81 50 80 28 15 87 40 76 76 
16 95 13 74 52 70 30 56 11 67 87 33 78 58 12 38 36 89 99 13 48 74 17 58 65 64 69 37 72 44 61 33 23 3 36 80 95 45 72 27 
17 12 70 83 90 91 76 30 30 65 4 53 71 95 91 44 24 95 21 13 45 15 9 13 55 60 55 22 15 80 74 39 89 61 43 18 52 41 19 85 
92 82 40 36 65 88 79 70 79 11 45 56 33 22 21 49 65 34 42 15 98 26 44 1 80 15 84 51 8 2 45 60 66 23 10 81 91 74 93 22 
56 14 23 7 48 49 8 60 15 67 81 79 41 24 36 47 83 1 47 19 31 21 8 74 33 39 97 68 93 39 11 46 26 81 19 84 92 81 31 27 
94 82 75 85 24 70 39 25 2 71 50 18 58 85 55 50 99 47 65 28 88 53 89 68 11 45 21 91 25 80 1 98 35 56 82 72 96 17 45 67 
42 36 59 59 75 21 33 21 57 98 4 14 14 8 13 75 8 70 60 42 89 15 10 82 53 8 77 61 20 83 65 74 24 21 3 81 34 13 20 10 
49 33 11 43 59 85 87 82 76 47 77 18 66 18 57 11 6 62 76 15 44 36 17 3 92 1 46 27 19 6 79 70 33 57 80 59 9 53 97 61 
44 21 99 67 60 34 61 89 37 9 46 53 45 40 81 73 21 74 77 49 17 27 63 9 24 56 78 93 2 61 10 40 7 10 24 72 98 47 18 40 
19 59 89 73 54 27 33 27 53 42 91 69 52 30 59 13 68 51 58 1 70 98 72 82 16 57 98 94 55 30 85 89 81 35 48 73 97 7 68 94 
5 79 55 84 17 91 26 44 71 93 97 55 22 41 15 22 43 41 44 89 12 21 75 95 8 97 32 53 25 83 70 34 46 2 84 55 41 54 38 97 
73 21 13 61 72 57 87 30 36 12 78 21 17 4 96 96 89 7 55 20 20 18 4 77 60 20 39 73 99 93 78 62 67 80 55 72 66 68 66 15 
43 25 94 11 40 80 33 71 32 84 7 20 60 21 71 85 60 31 40 81 32 96 65 36 3 69 78 19 88 25 28 32 74 43 20 66 25 20 71 3 
75 31 98 63 45 85 50 56 21 73 47 1 78 3 76 87 57 63 64 96 14 99 61 23 50 15 27 41 60 5 84 39 34 15 1 70 59 20 83 22 