40 156
46 63 4 51 38 33 54 66 67 90 62 33 24 39 3 27 38 70 60 23 40 50 69 17 3 54 86 94 60 94 68 7 51 66 19 70 32 70 81 16 
54 30 49 48 28 72 49 94 35 24 9 33 41 92 74 94 22 34 95 33 43 46 12 76 67 50 65 73 65 38 60 36 68 42 62 58 63 92 69 2 
55 5 89 60 91 53 23 89 26 48 73 2 88 67 69 97 85 90 78 17 32 58 9 54 61 8 52 15 60 76 8 25 93 3 23 74 69 14 85 48 
23 96 43 38 97 79 65 91 70 99 19 86 89 7 66 9 74 79 31 32 73 61 10 95 8 23 23 97 81 95 5 95 15 47 68 75 69 48 36 16 
77 90 66 9 8 51 8 86 70 44 34 22 34 8 37 82 67 16 46 63 45 72 45 68 33 69 63 79 22 62 7 92 4 22 90 28 83 42 62 14 
12 24 57 67 75 62 56 23 76 52 72 9 67 47 9 22 22 85 27 75 72 19 37 87 39 1 27 80 25 90 69 74 77 88 89 11 20 40 54 15 
35 19 29 59 50 57 6 79 53 73 24 8 37 40 60 34 19 61 73 68 9 4 59 45 89 2 25 11 92 34 95 14 1 7 37 40 63 15 41 58 
95 3 10 18 93 61 11 28 84 85 81 93 50 88 33 6 71 24 86 51 34 64 31 97 3 42 96 29 30 66 25 33 90 60 90 7 44 45 46 73 
54 56 80 8 78 17 11 21 51 72 38 3 82 42 92 46 29 33 80 60 13 10 72 56 85 70 51 94 56 75 4 77 28 14 61 69 91 56 97 91 
4 82 85 32 78 42 40 56 74 96 97 81 66 63 1 47 46 23 24 40 72 78 89 27 88 14 66 20 10 80 96 3 19 30 27 30 17 16 25 73 
98 38 48 84 7 69 45 78 91 45 70 13 35 27 7 85 72 55 91 58 49 55 96 53 40 18 30 83 67 11 45 74 66 4 73 79 95 12 37 56 
36 99 66 47 2 38 34 68 60 93 15 69 54 94 40 50 62 51 4 63 61 9 80 55 93 47 25 99 23 72 77 14 76 68 21 70 76 33 59 19 
9 70 86 33 13 40 38 48 70 41 80 21 84 29 26 54 54 44 54 6 26 85 40 23 4 94 83 18 53 76 53 84 26 82 22 85 88 66 96 57 
14 93 55 10 63 58 60 6 1 82 43 36 1 69 9 48 85 19 96 48 48 59 48 64 48 19 49 36 16 67 32 60 51 21 91 90 53 20 81 93 
50 84 38 71 90 97 83 19 16 65 48 50 63 87 19 59 20 22 70 96 90 48 85 92 13 39 94 75 86 16 65 11 45 93 60 69 56 87 65 92 
50 83 57 32 98 26 55 2 47 94 31 85 23 47 84 11 60 26 59 71 16 50 61 84 6 2 37 48 22 21 64 97 62 2 49 31 87 79 62 92 
23 26 93 77 21 70 30 11 4 19 78 41 63 32 57 92 99 4 16 17 69 61 96 50 78 26 80 23 67 58 12 24 52 58 44 76 11 38 67 51 
79 44 31 43 50 41 41 91 28 90 57 12 81 25 55 60 47 99 79 71 11 52 36 51 67 24 70 71 64 48 83 43 90 63 96 13 55 18 16 34 
70 74 5 87 82 53 39 77 69 80 55 72 42 10 59 42 57 2 5 93 15 24 34 37 17 93 69 85 56 63 82 48 89 22 23 4 91 57 8 6 
98 33 49 69 54 68 9 54 17 65 81 46 59 76 37 36 44 83 68 38 11 52 77 94 45 23 1 42 15 40 36 19 56 74 21 21 81 94 43 81 
37 44 50 46 44 11 14 33 14 97 50 10 63 59 1 20 90 91 95 43 79 49 15 48 84 12 84 21 22 71 97 29 66 27 98 86 40 37 98 48 
90 83 75 21 89 57 9 56 67 92 39 98 61 5 22 11 95 68 84 22 21 23 79 37 18 23 91 59 69 36 20 14 94 35 57 72 99 51 25 22 
63 99 4 93 92 14 18 61 87 65 73 46 38 92 27 12 69 35 10 13 4 81 20 77 79 54 87 68 74 73 19 86 23 61 26 6 80 16 78 50 
29 23 36 30 92 84 9 20 68 52 86 31 35 12 45 20 74 31 68 66 68 80 5 98 53 10 17 89 53 38 85 58 97 37 18 6 56 80 22 37 
45 73 29 7 82 64 69 20 47 62 42 99 84 59 45 23 88 67 35 46 45 51 96 73 9 81 56 1 5 50 25 70 60 14 70 45 25 39 31 42 
62 70 77 11 19 94 86 28 44 58 30 17 39 22 90 18 10 9 31 21 85 50 72 37 69 84 78 20 92 11 57 89 44 88 37 25 75 42 1 86 
85 30 10 51 88 15 17 70 67 76 84 31 22 36 67 99 25 59 43 13 90 64 67 73 67 99 54 35 98 41 93 51 11 56 63 12 81 89 36 1 
6 35 67 69 69 98 52 72 94 16 30 44 68 39 21 99 4 61 45 12 35 81 65 4 3 88 93 7 64 62 43 39 84 49 41 57 94 52 11 85 
48 86 12 97 52 28 63 23 18 45 2 90 86 37 52 81 50 89 54 91 50 49 90 36 54 69 24 50 95 50 12 15 89 78 57 4 21 36 95 68 
81 96 81 90 59 25 61 5 59 12 92 1 44 28 67 50 64 2 71 93 68 49 30 75 58 47 26 91 76 34 21 82 74 70 24 34 75 21 88 5 
81 20 63 46 42 27 85 92 66 42 17 20 62 50 66 42 59 57 74 72 28 12 72 96 17 21 3 29 17 88 47 87 18 24 90 21 87 12 89 94 
31 28 9 83 93 95 64 11 21 28 99 64 40 52 30 25 22 2 85 41 4 61 42 43 68 86 69 63 85 16 24 29 52 36 45 43 67 38 47 54 
69 84 38 55 28 41 71 66 97 40 21 14 30 21 34 97 56 6 33 63 75 84 42 60 22 80 11 30 97 62 12 60 12 60 44 6 87 44 4 20 
6 84 30 55 25 81 25 35 78 78 84 23 73 87 97 87 93 69 74 87 4 32 97 6 97 57 51 83 43 13 43 13 1 47 79 36 90 7 1 47 
79 17 60 88 13 41 82 34 34 34 41 15 16 17 39 41 63 33 57 37 66 53 9 34 74 24 30 46 74 36 67 44 84 18 98 94 93 33 84 42 
98 26 13 9 89 17 99 34 2 16 52 98 31 44 97 30 22 87 78 67 9 83 26 41 53 86 79 77 2 19 65 73 49 68 49 44 67 86 64 76 
88 80 66 27 80 89 96 28 72 19 87 6 46 41 73 36 60 87 2 81 49 12 75 51 11 33 90 48 93 52 84 13 61 62 38 97 78 24 45 95 
7 16 30 23 11 73 13 3 61 9 41 91 1 44 71 50 97 96 78 22 73 13 30 24 90 30 59 35 69 49 23 85 37 88 44 77 61 42 98 44 
47 52 26 12 90 25 98 26 11 37 68 84 43 83 20 1 9 30 1 44 86 77 43 7 23 8 43 83 49 40 94 53 54 45 75 56 44 71 8 1 
19 84 60 35 60 35 77 15 43 31 56 13 7 70 68 16 94 12 2 77 3 97 2 49 92 34 87 17 58 84 20 90 89 67 3 72 6 56 62 34 
25 63 90 13 86 15 87 89 47 80 42 14 80 8 11 21 25 34 39 79 84 71 63 67 39 34 54 70 96 53 51 7 84 97 67 34 96 5 3 13 
46 76 75 64 60 55 24 54 31 14 30 62 40 35 39 27 18 53 85 35 93 90 38 10 92 83 87 92 65 17 44 33 19 91 56 46 67 85 18 83 
56 9 97 95 12 78 35 9 96 28 79 24 36 48 71 61 11 92 10 94 12 9 33 11 53 57 84 99 27 67 10 5 26 61 98 81 47 68 71 34 
80 36 13 64 65 73 74 8 73 33 12 57 38 85 65 25 88 12 70 46 99 68 43 87 4 86 73 63 55 5 55 98 2 97 70 91 36 75 70 98 
58 12 47 86 63 9 31 67 5 46 50 17 76 77 78 93 77 72 7 39 23 11 79 90 67 85 18 69 29 1 42 83 37 50 44 18 25 57 7 43 
71 1 89 61 77 50 9 97 71 55 89 45 66 54 52 87 28 59 16 54 67 63 44 65 85 28 29 79 15 5 21 89 39 64 16 29 4 98 61 34 
55 94 52 97 2 51 51 58 98 34 80 79 52 1 13 64 3 73 40 24 85 71 16 67 83 14 49 41 66 97 51 14 26 37 79 39 81 42 11 47 
17 52 60 56 1 27 17 12 39 53 58 14 32 35 21 68 25 32 44 37 17 42 33 64 62 80 98 33 55 9 86 19 68 25 79 35 17 88 49 63 
77 23 53 56 92 55 60 97 63 19 16 11 5 73 14 22 94 29 84 8 53 87 21 98 39 90 7 18 7 21 52 62 75 7 50 48 33 42 45 22 
6 68 84 23 43 45 55 79 17 89 89 8 97 11 86 94 2 97 90 24 44 69 29 24 49 4 40 60 58 83 57 88 54 98 90 87 78 87 29 88 
56 70 29 21 51 72 56 12 63 3 45 42 25 98 47 70 3 94 18 95 32 89 76 60 73 73 59 79 70 15 86 25 29 83 43 96 51 97 99 68 
70 96 49 55 54 52 34 84 69 8 1 46 92 47 72 72 2 94 46 68 54 22 84 18 82 47 7 96 1 4 77 47 53 91 3 34 11 66 61 87 
62 11 43 66 44 74 82 48 31 80 13 70 75 77 95 71 1 5 15 62 11 26 28 83 74 26 15 44 15 76 43 45 59 11 31 29 80 99 6 69 
9 56 53 53 10 71 36 35 3 89 28 33 45 72 95 69 64 47 35 72 47 94 74 31 95 98 47 35 27 63 34 58 93 62 80 83 62 9 87 94 
55 62 83 84 15 23 51 46 64 44 58 37 12 60 15 49 97 48 38 29 40 50 29 49 32 62 60 34 79 28 48 46 33 32 53 58 74 79 96 6 
6 16 41 7 33 68 21 9 15 52 69 80 10 80 35 58 12 81 51 39 50 26 21 92 84 48 29 65 4 22 53 15 92 78 47 36 3 17 92 66 
9 75 11 92 33 41 49 36 98 84 64 78 71 39 44 27 54 67 12 96 84 38 36 98 63 66 78 3 97 68 32 24 39 74 51 54 13 69 12 35 
6 25 10 32 88 93 94 11 93 92 57 80 89 42 17 79 93 24 68 89 30 99 51 63 95 31 83 86 36 38 51 18 52 43 88 9 12 50 64 87 
53 25 26 20 60 77 41 87 71 59 77 7 69 90 40 78 23 91 23 98 87 13 17 57 75 83 48 48 56 85 30 16 62 65 50 73 46 49 69 34 
69 98 17 43 1 35 9 18 10 95 57 27 39 5 95 15 68 45 20 91 48 60 90 81 84 51 27 27 99 94 57 35 98 76 32 27 30 39 92 29 
86 20 19 73 51 18 86 83 64 17 54 24 79 74 32 30 41 31 17 56 93 67 96 1 2 74 71 29 57 80 39 32 19 34 72 57 32 36 13 46 
49 71 28 78 43 21 55 54 5 3 31 86 56 7 29 27 94 79 48 78 77 63 5 35 3 27 99 38 22 79 5 16 66 51 23 72 2 12 55 40 
95 12 4 60 41 91 74 47 48 50 43 27 62 31 64 21 86 62 32 87 10 88 14 93 39 26 68 33 47 77 5 22 74 99 95 91 32 61 89 24 
95 31 48 35 99 81 9 39 34 34 6 62 65 74 41 85 99 87 21 26 71 55 99 74 87 49 15 87 4 74 31 61 37 74 67 57 61 69 52 84 
15 84 68 96 59 84 19 60 99 84 96 76 35 45 30 11 16 88 87 93 25 23 83 77 51 13 67 61 36 86 62 70 56 27 31 41 12 96 90 51 
87 99 72 1 43 37 8 61 22 43 50 10 34 42 71 54 64 53 77 13 56 29 76 98 5 53 8 48 95 86 37 27 35 46 4 83 80 23 55 13 
56 98 31 20 26 8 40 76 66 42 21 77 41 41 89 74 73 57 22 37 51 4 8 57 52 36 10 35 41 34 20 64 22 4 79 47 39 96 95 55 
22 72 75 90 48 94 5 38 59 97 49 49 56 27 4 68 38 61 62 63 69 99 27 34 97 41 91 57 34 16 53 45 57 71 59 80 73 1 97 54 
75 26 54 7 54 36 18 84 75 35 37 83 84 37 92 69 83 49 18 10 86 22 28 92 46 81 38 17 58 33 51 33 43 17 81 42 64 87 73 67 
27 88 99 9 77 1 94 51 54 37 13 41 75 51 16 82 43 76 62 50 52 63 68 81 31 17 5 66 7 25 1 95 23 1 5 78 93 26 56 46 
98 3 58 16 54 74 22 33 58 30 17 76 33 18 89 53 80 38 44 35 8 87 72 20 56 72 15 51 71 45 90 26 10 42 66 44 69 63 75 67 
24 72 90 85 23 97 67 73 57 87 73 13 92 77 14 67 27 38 23 34 45 87 97 98 33 68 42 11 76 12 54 62 17 12 34 7 66 11 18 66 
89 68 2 30 45 52 17 98 49 1 27 9 97 25 24 6 20 67 60 64 28 26 65 20 15 33 10 32 31 7 56 77 53 87 8 31 15 22 37 38 
56 66 12 24 70 46 10 23 70 67 37 77 29 18 21 72 65 91 50 25 59 1 22 52 19 99 94 97 36 56 20 21 1 56 81 41 33 56 83 64 
95 63 7 81 9 8 15 24 15 61 81 16 69 17 84 34 47 5 29 56 82 82 34 11 49 69 50 87 88 97 96 53 78 5 47 80 22 50 81 8 
83 79 73 16 33 1 88 28 32 57 15 40 46 46 75 46 42 2 98 48 2 14 14 47 74 92 55 24 89 60 81 58 82 85 38 34 12 30 88 59 
68 87 39 58 47 92 83 48 95 6 58 75 56 92 1 45 66 97 82 6 5 51 65 65 67 50 22 17 12 62 67 19 49 64 29 50 31 67 43 40 
71 97 71 57 92 58 11 30 16 65 99 76 83 74 98 21 57 28 20 69 58 2 74 67 81 39 92 71 67 10 71 15 80 47 41 37 24 3 95 90 
87 97 69 17 22 79 24 31 72 36 97 48 41 5 61 22 96 31 96 97 12 84 38 93 94 55 59 92 29 10 6 61 11 17 96 66 91 39 72 85 
3 96 42 92 78 15 71 46 47 21 51 6 38 77 21 81 49 89 4 77 14 29 52 85 62 69 99 16 13 18 24 57 49 36 25 55 5 42 44 60 
87 16 75 4 12 86 56 43 98 15 53 25 51 53 1 53 96 99 72 93 8 26 88 91 61 70 26 45 38 12 98 26 55 51 67 48 50 39 35 32 
84 46 72 96 27 31 64 19 25 80 4 16 39 34 15 99 5 27 35 74 17 10 45 80 89 81 27 20 38 24 30 88 83 90 99 53 4 61 30 93 
59 52 76 57 39 60 88 77 35 36 40 33 45 5 36 87 78 48 83 30 26 33 85 52 41 80 93 75 92 79 62 48 66 32 80 40 4 80 97 82 
46 37 11 18 75 68 28 99 50 22 19 34 91 8 32 8 87 15 72 77 96 19 46 85 20 48 8 46 10 74 32 96 47 58 39 87 54 94 54 55 
18 83 57 2 17 85 5 6 49 38 42 33 84 41 38 54 77 60 41 14 4 53 15 71 5 94 95 40 30 1 63 97 36 71 28 70 45 82 87 84 
34 40 32 23 72 14 80 21 81 34 49 14 30 66 18 9 80 75 11 91 54 58 31 52 11 17 13 98 41 98 95 12 63 90 56 75 57 26 61 68 
86 54 36 58 12 37 98 22 22 89 70 29 70 14 74 51 77 37 12 21 5 24 14 41 76 71 47 49 8 73 65 19 98 70 82 87 17 72 15 67 
41 20 48 17 95 74 82 66 50 1 22 66 74 3 78 55 9 45 3 59 96 27 37 86 44 42 71 88 11 20 23 30 59 4 43 69 32 33 14 28 
85 83 81 69 82 70 35 46 21 5 11 16 51 35 52 80 2 59 31 80 33 29 46 42 30 60 66 12 58 88 91 74 49 62 13 6 64 8 20 49 
22 19 73 47 87 99 67 51 8 51 40 27 62 95 58 17 80 94 98 2 32 60 23 75 44 14 67 24 77 65 41 45 24 57 22 22 38 25 46 67 
30 66 55 1 36 32 52 65 1 73 47 11 47 87 43 51 4 20 60 31 21 3 74 2 80 9 25 36 47 50 21 70 34 43 89 65 62 34 70 38 
73 27 21 24 48 80 59 61 45 89 38 61 53 8 57 89 32 86 69 50 74 50 34 62 23 20 64 65 46 95 60 91 93 51 14 48 69 26 66 50 
31 19 20 72 25 53 36 68 95 5 16 28 58 40 25 55 74 86 36 34 34 73 84 77 69 96 39 35 97 31 2 49 90 16 44 69 32 97 18 47 
74 72 86 8 62 31 62 49 22 37 29 9 74 48 51 18 99 2 91 68 44 13 80 33 54 98 38 16 93 88 33 37 84 59 98 17 70 29 20 47 
18 53 17 66 49 37 49 41 13 47 14 8 25 77 34 14 43 4 2 54 56 94 20 83 31 28 35 69 47 87 51 81 82 31 33 39 92 90 80 38 
34 14 28 37 5 49 1 5 59 76 79 45 10 27 28 99 52 14 40 56 91 34 38 90 1 1 69 82 45 98 54 4 33 30 3 33 49 38 55 19 
44 66 84 64 27 48 91 46 77 62 96 67 72 88 49 68 13 37 98 16 48 17 76 20 21 7 82 89 64 50 62 54 93 13 51 45 16 90 72 91 
71 70 37 4 97 25 95 24 3 35 88 52 87 24 97 67 59 74 73 78 83 37 40 71 96 51 56 74 46 44 85 88 98 73 81 28 18 8 33 22 
67 75 18 71 90 22 38 85 32 5 31 84 65 74 58 37 2 11 7 10 81 40 69 76 12 64 79 51 72 71 21 98 54 39 69 70 64 19 11 24 
32 12 77 4 31 77 10 73 37 40 57 6 75 83 67 85 34 63 74 22 73 92 55 58 70 70 81 2 12 24 46 13 55 76 53 95 10 17 77 66 
14 11 26 74 16 35 40 68 31 65 70 63 99 3 92 29 75 28 96 91 81 76 84 67 66 82 51 5 84 64 31 75 46 29 16 22 22 48 14 4 
44 76 56 23 46 77 39 78 22 65 17 8 4 78 42 20 48 59 57 31 69 57 6 74 18 43 97 26 20 40 12 60 37 71 35 65 18 41 79 90 
67 21 84 92 70 87 7 5 46 28 47 86 6 34 28 8 23 93 2 36 60 9 30 34 43 4 92 80 22 72 73 67 20 57 76 73 77 17 70 5 
52 64 21 29 26 41 13 13 27 48 92 20 54 87 4 27 57 5 98 5 18 76 20 36 15 76 32 15 27 73 71 17 84 56 16 24 45 7 16 48 
66 1 20 48 37 24 7 77 83 47 97 61 99 20 62 16 45 7 83 93 78 90 71 36 70 25 13 29 75 52 65 6 18 42 24 43 80 4 99 57 
65 39 24 78 82 2 18 73 17 68 83 54 8 13 90 73 16 33 11 77 54 90 32 86 15 20 21 18 65 97 31 42 71 64 6 95 93 10 63 9 
58 65 33 11 22 7 8 79 66 72 19 88 21 95 37 71 29 54 46 5 26 44 66 82 9 32 63 65 53 68 59 49 27 83 61 59 78 44 98 17 
73 46 17 63 9 25 64 54 94 86 17 15 27 24 65 7 16 97 48 64 55 70 90 8 26 44 50 3 89 18 34 4 50 97 97 65 83 47 80 55 
43 61 91 40 86 83 51 2 3 47 37 8 84 1 72 14 30 25 30 61 82 98 82 61 57 27 32 99 34 50 40 93 61 84 19 72 62 78 64 22 
78 31 2 24 34 67 1 89 48 24 90 99 16 86 47 62 1 92 26 41 74 64 79 35 52 72 75 30 34 68 71 55 78 11 32 22 59 81 75 85 
1 81 58 15 36 65 94 49 5 50 13 5 51 4 59 65 55 10 41 16 41 44 74 63 65 21 94 96 28 79 11 1 71 28 14 60 85 8 85 22 
14 9 54 89 1 58 95 20 43 61 51 97 42 48 60 73 8 33 19 25 42 2 95 58 87 41 19 3 57 9 31 65 45 95 71 39 74 81 81 1 
98 67 46 34 9 19 23 23 10 20 82 89 24 39 9 55 66 43 85 81 22 5 14 49 30 89 7 72 98 1 46 86 49 26 40 97 43 45 68 42 
96 22 6 48 96 73 15 64 14 37 35 72 77 54 54 97 15 19 31 86 73 41 41 71 77 61 90 54 73 70 77 4 11 94 50 51 33 67 56 57 
90 37 32 32 43 6 65 85 7 37 91 41 44 94 63 4 3 11 93 72 64 86 57 35 61 33 59 63 12 70 55 7 8 75 63 95 58 33 1 44 
78 66 35 27 31 90 34 46 59 54 96 36 87 41 56 47 39 15 25 94 30 47 77 1 2 74 83 45 3 22 1 33 77 78 10 1 7 17 80 67 
96 91 7 79 37 86 11 74 61 46 63 66 87 53 49 59 51 28 66 8 16 39 84 73 93 56 45 80 96 30 16 35 43 40 44 86 49 90 76 12 
7 55 30 38 18 71 14 13 72 62 13 34 89 73 49 27 79 79 92 4 43 1 8 30 15 74 60 59 29 50 58 39 69 95 43 8 70 76 26 12 
98 38 16 35 75 82 80 91 25 83 11 31 38 93 65 84 58 33 46 38 62 28 27 16 87 11 48 23 51 21 69 70 85 39 28 20 29 24 22 12 
57 14 71 36 30 23 12 77 18 61 8 93 63 57 14 81 45 58 99 81 24 35 49 9 66 6 46 56 55 22 9 43 16 60 99 1 3 92 43 57 
83 74 15 6 66 5 71 66 42 75 49 58 44 86 85 87 36 58 9 29 17 50 45 90 70 39 96 83 54 85 2 98 44 12 61 29 63 66 32 14 
64 66 55 22 4 53 37 81 68 66 89 92 56 19 66 87 90 52 51 66 91 38 73 81 97 14 77 38 83 5 66 90 14 19 34 50 96 95 49 6 
81 37 32 78 74 56 98 66 87 15 64 69 99 11 21 88 83 58 18 16 45 7 83 35 67 97 81 27 77 42 93 8 87 71 37 19 40 8 64 3 
50 43 40 55 55 96 93 8 9 4 58 34 18 46 10 40 91 91 78 43 37 27 11 8 38 84 55 97 84 6 55 11 91 29 36 10 60 5 71 35 
69 98 36 17 1 44 74 72 93 37 86 17 20 2 66 37 63 49 71 82 44 77 37 36 91 42 89 5 12 94 97 80 50 33 52 34 52 35 19 55 
87 14 34 79 98 90 56 70 78 92 78 41 96 87 56 35 30 90 97 98 43 99 58 31 4 80 62 51 98 19 27 84 16 10 98 17 12 86 18 10 
76 14 55 50 69 76 35 17 68 89 39 54 31 32 37 45 92 34 11 4 24 68 45 64 12 44 46 58 30 68 89 85 40 94 55 45 67 68 88 90 
47 20 13 66 99 13 1 21 28 88 63 3 53 94 76 1 69 20 91 73 71 66 16 59 28 27 28 99 7 49 99 21 60 67 13 34 59 42 49 18 
29 50 90 71 48 1 71 3 19 92 15 95 61 45 29 54 92 48 26 60 1 60 19 64 1 7 20 30 23 12 55 44 48 65 86 24 50 91 59 71 
48 32 18 10 42 90 61 94 79 83 5 56 93 75 68 76 15 26 89 84 49 96 75 98 57 65 94 96 94 53 25 22 82 75 7 27 36 49 92 5 
18 26 69 72 51 78 76 9 62 45 82 77 3 71 8 30 35 93 75 99 96 6 33 81 4 94 73 40 19 29 29 20 72 29 27 18 11 76 2 50 
26 27 76 24 57 78 28 78 33 1 54 33 69 21 3 98 78 12 37 76 64 98 69 3 18 74 31 9 1 92 84 47 68 1 51 24 65 85 76 35 
74 13 93 94 2 40 33 46 25 33 80 50 67 32 28 45 35 68 25 87 87 45 76 20 79 11 28 84 43 72 28 80 42 70 37 79 15 56 35 96 
87 72 73 56 2 27 41 91 31 88 96 11 86 38 1 63 4 75 11 80 56 19 21 1 48 88 66 87 42 99 98 12 88 81 22 27 75 50 16 41 
3 98 33 78 53 51 53 99 19 86 97 46 12 33 56 60 82 97 91 48 94 38 99 28 70 1 27 25 34 26 36 30 91 81 70 24 43 38 96 14 
56 67 12 14 69 45 15 59 35 68 81 98 20 98 66 65 20 98 75 87 93 6 22 7 9 52 12 49 54 64 85 94 83 42 12 48 96 90 97 28 
81 47 94 2 98 71 36 38 81 19 55 6 19 42 9 71 80 57 21 61 65 47 39 46 32 68 74 50 96 27 12 39 23 53 76 4 76 67 4 87 
72 54 33 66 61 84 45 9 64 70 63 36 81 46 81 29 5 13 56 91 76 50 72 36 22 73 27 11 61 60 40 29 22 42 73 49 24 3 45 80 
45 28 2 67 43 39 9 49 45 52 58 15 45 99 5 44 77 19 78 59 68 65 69 1 4 54 39 98 43 4 73 88 17 72 70 11 52 26 65 41 
22 43 48 46 85 25 68 45 2 97 44 74 19 24 50 19 55 9 45 66 8 60 19 16 31 2 93 61 48 63 99 39 83 41 29 41 19 5 15 50 
48 15 82 45 56 95 19 31 76 40 72 95 78 1 89 97 76 6 10 90 20 43 30 71 10 5 87 84 10 76 39 9 88 17 67 75 32 46 55 46 
87 86 14 87 2 5 70 14 43 83 74 72 41 21 73 1 64 53 91 37 31 3 42 59 54 34 36 62 18 18 17 30 67 66 73 94 1 66 35 98 
60 4 93 81 39 44 16 59 30 5 55 80 95 97 98 42 82 12 53 98 58 57 79 56 69 9 51 86 19 88 92 56 9 87 10 93 44 50 17 29 
17 4 85 46 98 96 4 4 30 62 84 10 45 99 29 45 78 35 82 94 38 8 78 82 21 53 22 87 77 48 76 50 52 71 68 10 32 49 34 12 
54 56 1 3 43 48 74 29 96 97 83 36 28 14 12 85 53 22 48 26 30 47 41 47 92 16 35 55 21 14 99 10 49 79 71 63 98 71 53 17 
53 10 91 65 92 60 67 86 83 95 31 35 53 28 85 95 77 16 75 47 33 20 62 99 2 23 14 10 82 49 93 19 75 43 45 24 33 62 55 6 
33 40 93 23 91 61 81 17 78 66 9 61 57 65 4 62 5 24 53 9 54 32 20 21 93 31 55 40 44 17 81 66 45 35 93 10 34 19 15 58 
19 73 88 88 6 68 88 40 39 98 48 33 48 37 64 1 93 99 87 67 73 83 82 48 14 42 31 17 70 95 27 74 17 23 11 44 84 22 38 62 
56 80 39 35 76 71 5 24 15 97 25 98 12 31 77 63 31 36 53 33 45 68 86 43 95 12 93 6 90 5 56 28 99 51 80 91 48 64 44 72 
33 79 26 34 34 78 4 54 66 26 10 72 26 21 45 57 14 76 87 97 91 28 35 23 10 39 72 87 41 29 10 12 60 89 77 88 94 10 32 86 
19 39 77 62 29 29 68 18 63 78 75 23 76 87 38 9 43 88 22 55 65 56 49 4 40 93 82 49 41 90 90 39 56 29 28 72 60 51 98 28 
20 16 35 92 5 44 93 74 24 84 40 99 85 27 66 53 41 61 59 93 88 36 13 17 60 74 94 51 59 14 23 32 30 23 70 77 21 79 68 94 
32 52 78 77 16 98 69 72 13 29 29 18 36 2 72 58 42 23 35 64 36 37 70 10 16 43 63 41 87 45 54 85 16 62 26 42 48 4 83 77 
89 67 38 26 19 13 28 84 36 26 40 99 79 72 51 71 17 53 49 71 69 35 7 87 34 41 17 62 52 44 28 54 38 41 99 96 38 57 24 8 
57 14 46 46 91 76 25 73 32 61 50 13 59 14 56 46 95 67 88 19 21 81 49 74 33 34 7 33 58 11 29 73 96 46 14 72 53 42 15 20 
40 21 7 10 88 4 28 42 4 28 27 69 97 78 51 58 21 65 10 1 39 91 53 61 22 91 27 52 79 6 38 47 56 45 85 9 56 89 39 41 