40 249
45 89 41 21 57 60 24 16 48 72 79 15 92 36 49 91 29 85 49 52 17 96 10 2 59 70 93 8 1 72 37 8 24 79 42 22 89 43 97 6 
40 88 45 80 36 57 12 55 99 82 66 95 65 3 89 26 2 62 24 33 19 52 59 60 76 8 66 69 95 21 70 9 5 60 9 65 20 52 68 28 
73 60 28 63 97 47 5 37 84 41 72 59 63 26 24 28 27 80 36 75 7 65 63 53 49 16 38 41 59 1 99 84 2 27 66 47 49 39 47 11 
43 28 30 64 86 84 45 42 17 27 22 17 23 69 22 14 30 2 10 46 54 7 51 32 38 29 58 56 29 82 28 48 42 50 24 24 98 1 48 55 
32 6 18 12 88 79 32 53 3 99 91 61 6 74 60 90 32 59 69 44 41 19 29 66 19 95 34 40 87 74 17 45 6 30 44 50 29 11 52 19 
79 96 67 68 97 94 37 23 18 90 51 7 43 16 88 47 77 3 99 35 80 60 34 88 76 6 5 84 42 11 1 37 78 28 34 52 7 38 3 60 
40 83 39 16 86 4 18 43 74 77 60 23 84 93 68 86 88 22 46 88 43 85 90 38 78 4 55 44 84 87 23 20 35 52 35 69 96 16 25 23 
4 95 32 94 11 14 61 53 1 49 60 75 66 1 67 50 43 59 82 75 72 76 80 18 82 62 77 93 83 26 41 80 25 25 78 17 95 41 26 69 
10 74 55 7 27 12 96 5 47 58 72 10 39 6 67 58 63 81 12 65 4 24 94 47 56 51 73 53 58 4 86 47 88 48 80 19 88 70 94 84 
22 36 5 29 8 7 78 63 90 98 30 84 79 80 5 19 79 93 23 26 9 99 59 11 48 51 67 27 4 69 12 25 85 52 35 91 82 16 89 35 
58 64 20 59 64 32 51 57 78 22 81 96 40 81 93 42 21 68 33 24 63 13 69 78 78 44 19 22 48 94 82 68 15 85 88 28 68 67 43 30 
86 35 20 94 43 53 47 65 17 96 43 8 24 80 87 48 95 61 16 36 88 74 51 82 98 88 69 80 91 99 75 24 73 32 92 89 74 35 22 32 
61 73 3 8 62 14 3 70 38 7 81 51 77 19 69 3 85 64 3 67 93 5 60 45 39 1 33 29 48 80 59 2 80 93 74 93 38 97 79 47 
14 44 42 30 67 91 40 81 20 91 81 2 88 14 32 86 5 47 63 44 99 35 68 83 27 90 81 44 56 58 7 48 51 65 52 52 46 83 54 90 
62 79 29 78 52 31 47 31 46 92 54 1 39 39 87 74 11 19 4 11 92 51 62 82 81 72 8 35 17 58 58 77 67 36 98 50 19 1 86 22 
65 44 65 92 4 6 31 99 99 1 5 73 80 85 33 68 24 72 88 45 48 48 97 26 52 67 24 64 34 90 50 20 59 84 83 33 64 97 74 55 
38 11 39 41 98 21 81 26 19 46 19 22 21 16 1 46 74 17 65 53 37 19 11 95 13 83 14 6 39 42 52 25 87 69 6 64 28 69 82 37 
64 7 88 82 86 81 37 22 28 58 41 24 91 24 98 73 91 70 5 78 45 21 74 32 87 28 76 32 49 56 22 5 44 30 67 46 55 68 70 78 
66 75 54 66 42 31 37 77 84 8 15 77 6 10 73 23 17 45 62 86 94 85 53 25 90 83 43 52 38 44 82 32 8 43 67 14 11 93 13 80 
97 6 12 46 3 79 64 93 55 87 57 80 44 22 1 27 51 89 31 43 26 73 58 57 48 56 65 60 68 59 51 51 74 59 29 9 10 54 72 85 
46 60 75 27 91 37 96 98 33 39 85 51 81 51 6 56 19 12 55 11 66 39 61 49 47 68 59 31 47 88 28 29 22 24 98 52 5 85 56 77 
30 29 60 99 13 24 40 57 65 1 21 62 21 29 65 71 47 79 38 53 27 50 74 40 59 60 78 92 90 48 35 61 41 88 7 29 63 3 72 33 
87 21 86 36 42 11 72 12 58 2 55 69 10 77 67 94 52 60 31 48 67 53 28 64 18 33 55 3 94 74 25 39 16 61 50 92 34 35 81 16 
30 60 52 13 77 70 74 19 81 41 31 9 68 48 9 28 80 80 69 24 77 83 23 91 27 30 99 79 58 48 34 36 12 67 1 71 4 85 18 45 
44 49 63 15 56 82 35 41 7 60 60 13 50 58 55 63 25 28 71 55 7 80 97 93 83 92 26 25 19 64 69 53 10 17 61 5 46 6 14 56 
42 17 90 9 70 62 93 80 59 94 61 49 20 68 4 26 48 92 35 76 20 76 33 80 22 75 98 94 9 43 28 60 94 29 94 1 2 44 9 69 
28 76 23 89 13 87 92 27 31 95 20 73 88 14 5 71 43 51 67 78 51 14 45 90 85 88 76 27 53 16 53 22 13 40 58 99 17 50 86 70 
44 76 44 52 71 58 53 14 84 96 96 75 74 8 35 89 61 62 89 93 69 51 79 41 45 96 22 46 28 10 91 44 24 26 41 68 83 23 34 40 
77 92 88 18 62 43 27 5 32 78 78 46 91 76 89 57 26 31 18 97 5 22 95 66 64 60 10 26 39 94 48 9 60 6 35 60 86 68 34 73 
83 49 85 71 86 52 4 95 80 30 40 73 23 24 53 42 63 3 50 38 77 59 33 1 50 18 29 52 24 72 30 7 3 67 47 13 49 58 5 36 
13 86 10 86 78 73 57 40 69 82 75 16 99 27 50 4 7 51 56 16 9 20 8 64 67 92 75 36 36 3 3 84 35 77 63 25 59 64 40 87 
70 54 63 79 73 49 16 95 75 84 70 54 78 3 66 93 80 53 40 14 12 13 14 51 73 24 20 22 25 72 1 86 83 51 41 65 25 70 23 28 
99 57 57 81 73 54 10 17 59 37 39 52 74 64 20 51 95 45 59 79 39 19 72 62 98 61 13 67 95 12 37 58 13 4 31 95 1 33 81 91 
14 28 69 38 50 33 94 2 8 32 85 44 52 29 86 87 42 54 49 24 1 43 20 52 42 60 3 69 11 4 50 69 64 37 30 68 19 55 88 37 
12 57 9 58 98 56 59 14 75 12 71 45 62 41 55 60 75 14 28 55 53 46 39 34 13 46 25 2 49 85 77 83 91 41 67 69 88 94 16 86 
12 96 33 79 84 35 19 65 50 20 77 54 63 57 69 24 55 3 77 96 69 49 77 48 44 94 7 74 59 36 88 98 67 80 52 71 59 7 38 70 
56 6 79 54 47 54 97 24 57 3 86 63 3 21 69 48 71 25 78 37 78 37 16 42 24 89 10 72 92 27 36 89 31 80 40 98 92 86 26 71 
89 57 88 10 45 65 45 50 64 28 85 75 15 3 39 30 63 22 91 32 76 28 85 66 89 97 75 17 43 75 5 18 69 94 26 7 27 50 45 92 
32 52 83 36 45 34 23 62 61 51 21 18 12 4 23 60 85 1 95 64 59 50 14 92 59 92 41 49 62 14 55 25 50 4 69 59 90 51 26 35 
3 83 87 34 52 27 31 67 56 68 63 58 86 27 68 74 79 94 66 42 38 7 54 69 44 43 83 55 97 38 40 63 75 46 78 71 95 1 59 87 
72 55 50 64 40 20 49 65 14 78 51 38 31 18 49 78 95 38 81 11 70 7 26 78 86 71 7 6 32 79 87 90 46 39 93 83 52 12 39 10 
88 96 79 82 77 97 67 63 25 27 44 33 72 20 20 73 83 20 30 34 70 57 75 35 62 66 29 52 24 29 44 2 43 79 85 28 46 15 44 13 
34 25 44 30 27 7 37 59 67 45 76 70 33 37 35 34 41 47 45 89 90 52 33 58 71 4 58 52 23 24 57 80 42 43 23 12 75 66 46 66 
25 50 37 83 52 49 34 46 52 43 99 32 88 43 52 72 74 47 62 22 23 18 40 25 89 69 75 13 44 92 57 24 38 61 29 19 12 4 39 41 
1 86 29 47 41 7 8 2 46 92 63 15 23 69 96 59 78 38 31 16 73 54 13 33 47 29 98 93 29 35 35 17 88 25 81 33 19 21 69 39 
16 75 45 48 28 74 66 57 52 46 28 42 17 2 15 57 65 21 31 84 25 20 85 24 37 1 49 20 13 23 48 48 50 63 50 69 20 68 9 30 
59 95 64 80 16 77 58 6 34 57 25 21 41 60 22 89 23 80 58 29 34 3 11 71 54 76 51 37 2 56 35 71 56 83 3 44 24 88 48 20 
3 46 60 14 75 20 99 77 85 34 31 27 92 38 4 12 76 12 45 86 49 48 73 22 79 43 77 47 45 50 96 28 60 74 94 55 8 39 41 45 
56 56 13 60 73 17 8 80 99 65 40 51 12 44 4 7 91 90 56 2 24 52 29 14 76 91 79 9 26 23 41 9 81 2 25 23 27 65 87 90 
35 3 3 81 42 78 17 28 52 76 85 58 1 34 42 94 61 71 89 57 68 35 37 29 69 31 5 95 53 10 10 1 99 41 18 82 75 98 92 92 
80 49 11 60 82 37 43 45 75 69 27 29 71 32 58 67 5 70 91 29 84 27 44 10 2 46 69 69 4 23 59 41 62 43 14 9 86 8 21 99 
43 22 88 49 62 42 38 32 51 1 41 15 86 31 15 83 68 44 2 39 48 12 87 49 92 39 62 34 76 44 90 92 85 14 13 66 26 11 66 91 
92 80 17 58 52 20 61 77 94 32 28 32 76 41 25 1 5 11 81 58 28 99 65 34 46 43 19 5 85 70 87 29 15 16 46 70 65 88 41 59 
52 83 82 99 25 51 12 45 47 43 21 70 4 48 62 86 80 10 55 57 67 36 47 58 48 61 69 36 2 28 30 50 34 81 45 72 55 41 68 72 
67 12 51 30 94 69 63 62 51 24 7 49 7 57 99 9 78 49 5 78 1 19 64 99 65 43 59 3 55 82 56 28 38 80 52 12 93 83 94 57 
75 74 73 83 41 28 12 75 17 68 34 84 18 19 34 18 95 91 58 1 25 69 88 44 83 58 97 31 14 83 22 57 54 69 33 58 50 99 54 98 
37 54 15 38 69 29 50 68 17 53 89 46 68 33 38 79 70 1 2 57 92 46 38 57 88 49 78 13 41 63 89 6 82 17 6 52 81 37 91 73 
39 19 1 79 83 31 70 18 20 6 56 94 77 70 66 4 74 78 70 23 66 72 38 26 64 95 20 81 88 53 57 31 46 40 57 10 89 38 59 73 
60 34 16 73 15 80 86 93 53 69 47 54 24 6 53 64 96 76 59 87 30 58 89 45 24 22 86 25 41 8 47 26 91 94 87 45 93 71 32 32 
6 13 45 5 9 68 92 33 87 51 77 27 17 43 92 49 51 71 5 59 55 8 64 30 55 43 98 48 57 82 40 22 56 56 12 12 77 3 21 98 
77 62 73 38 72 30 1 35 4 89 91 3 36 87 87 75 71 1 76 82 56 77 61 91 51 5 49 16 5 46 14 65 65 46 65 35 85 38 61 33 
72 72 22 24 20 85 12 61 46 53 89 11 56 18 72 8 28 20 72 37 85 54 69 26 67 91 54 64 52 33 22 15 23 70 83 27 64 21 30 94 
63 79 72 31 98 11 4 44 13 83 10 5 81 26 54 14 49 16 96 27 14 51 37 72 82 13 81 48 87 54 14 73 82 63 80 17 87 77 32 20 
36 11 90 17 52 99 24 82 61 3 51 48 91 13 77 20 84 69 62 3 75 21 10 66 97 13 36 50 47 57 81 66 2 47 73 35 93 78 13 41 
92 99 44 26 5 11 22 94 68 10 51 63 64 89 54 77 93 78 89 62 47 89 49 10 13 81 26 55 72 87 71 39 3 48 92 83 52 79 79 14 
82 96 57 98 84 90 68 74 26 7 61 45 85 62 20 66 51 66 20 59 48 58 71 50 28 54 78 69 38 75 86 85 49 72 17 47 69 93 53 92 
84 3 9 4 14 62 67 17 57 70 29 94 24 96 43 93 55 81 91 87 30 28 57 18 35 52 21 58 36 84 50 21 51 56 75 76 61 88 87 58 
60 22 69 44 38 21 90 88 40 88 19 64 30 39 97 20 83 67 52 84 21 50 5 31 19 16 22 5 47 74 48 82 61 71 29 59 37 50 73 7 
1 68 4 2 81 6 44 24 53 72 47 92 53 90 69 48 55 70 23 76 92 56 44 79 44 2 29 24 77 77 88 80 43 97 3 19 99 12 24 95 
56 25 25 97 17 85 82 17 34 76 97 63 25 88 47 58 55 6 85 97 48 52 19 17 91 16 80 75 41 73 11 88 17 73 50 92 86 60 63 21 
8 97 62 40 57 33 39 85 16 81 20 81 72 86 3 43 76 77 87 32 97 29 63 18 18 75 24 32 83 15 25 57 96 56 59 45 49 71 57 94 
3 38 62 88 31 51 86 44 16 35 4 7 42 60 90 72 2 76 62 80 32 62 90 90 26 52 19 24 12 34 87 44 65 40 60 31 97 82 77 26 
70 60 62 29 22 48 62 90 8 7 48 3 63 97 19 27 39 90 2 13 87 34 16 54 16 55 81 88 65 52 70 39 47 43 61 86 81 79 49 87 
55 92 59 67 84 10 20 81 58 65 73 73 71 6 56 16 77 45 19 85 1 14 45 73 92 90 6 99 33 27 22 92 35 61 70 79 81 85 53 32 
89 88 64 27 53 26 86 26 21 57 88 71 46 16 77 67 76 88 31 30 66 46 82 87 86 18 30 31 23 74 43 15 41 70 97 69 17 92 32 17 
59 71 28 97 80 8 44 88 79 64 23 89 15 65 89 97 56 28 3 31 82 36 52 47 80 11 98 66 52 75 30 91 7 6 87 56 35 39 89 5 
1 13 16 6 59 68 22 52 89 78 27 1 60 88 54 74 64 97 7 23 92 60 46 48 92 55 31 25 52 95 92 46 80 88 66 91 4 45 52 73 
73 74 34 16 80 44 55 72 36 81 84 7 27 93 44 99 44 67 81 21 46 55 57 5 94 16 23 47 12 84 79 47 3 73 57 37 9 79 2 61 
80 49 86 67 14 65 51 34 95 2 40 58 3 56 24 44 46 44 1 83 1 24 58 67 94 37 25 41 38 55 72 30 90 82 59 79 42 2 95 95 
53 69 68 18 1 60 81 24 18 46 12 34 36 98 33 76 23 91 38 42 65 98 66 94 59 84 85 54 10 96 56 33 46 49 81 21 26 57 19 16 
33 67 69 23 78 83 89 52 23 2 68 14 44 44 64 13 18 87 84 27 54 69 19 93 14 29 92 37 65 69 4 56 74 58 85 5 51 55 4 98 
7 84 78 31 64 90 99 90 47 26 24 90 41 82 59 21 83 12 34 28 87 99 80 10 44 93 91 84 82 4 78 18 39 71 56 15 21 69 56 17 
56 54 27 75 88 13 33 70 42 71 19 34 11 6 30 22 23 96 2 4 97 73 5 63 80 87 44 96 50 17 91 27 27 24 73 61 5 21 80 37 
14 35 10 62 88 88 51 40 36 52 33 43 77 69 92 62 34 33 48 26 64 99 27 93 91 24 31 55 2 13 89 15 19 57 55 98 4 48 51 29 
4 82 55 83 49 4 24 66 64 90 26 8 97 54 24 95 55 43 8 87 11 12 69 94 39 57 76 61 27 64 18 11 15 63 64 18 18 30 11 48 
49 71 49 97 70 5 63 61 86 63 56 53 59 42 88 69 21 46 29 56 99 65 24 95 22 64 18 53 94 36 15 52 59 50 34 63 37 89 15 13 
76 90 32 96 24 38 10 97 34 13 23 69 99 52 96 97 12 96 11 76 4 74 10 41 21 71 26 41 47 58 95 57 66 84 65 5 91 11 48 95 
63 69 10 78 78 13 33 3 19 11 18 6 56 80 40 33 81 77 91 78 74 24 25 24 70 92 21 30 65 34 14 72 32 96 20 45 14 78 86 51 
99 65 50 9 93 32 76 21 42 93 28 74 8 45 12 59 67 92 2 9 73 11 64 61 47 96 64 34 96 15 55 86 43 43 13 12 15 57 87 6 
1 98 8 94 69 5 85 41 68 72 9 66 59 13 21 33 73 33 45 82 55 15 60 23 51 41 18 80 70 62 58 53 97 82 82 50 29 95 10 29 
51 76 88 17 95 68 46 79 42 8 63 97 88 48 16 43 37 88 79 98 87 81 59 67 89 50 50 88 48 25 89 9 20 83 50 47 10 21 22 63 
18 82 13 60 87 82 81 48 93 79 61 4 47 24 77 88 91 17 96 37 38 61 49 96 65 24 88 89 30 2 60 89 50 76 23 92 69 6 75 30 
32 38 26 54 76 1 7 92 75 53 66 26 63 77 79 61 47 88 14 16 36 73 52 42 31 57 28 58 41 64 12 46 78 44 54 67 36 86 42 24 
27 85 53 62 90 84 6 41 23 75 45 30 78 93 76 42 25 63 27 35 77 47 31 18 21 24 84 52 66 11 58 68 43 1 57 46 21 62 61 26 
48 11 82 73 20 12 94 23 35 96 76 58 39 48 77 98 85 36 94 29 29 17 3 70 26 10 17 94 21 82 5 37 75 67 68 70 22 94 52 12 
38 20 32 23 39 54 92 89 71 9 10 42 4 87 49 53 15 32 20 22 6 34 7 66 13 19 56 60 82 36 37 58 67 4 62 11 91 35 4 43 
14 75 41 63 55 74 81 58 27 40 79 13 73 50 42 62 38 95 99 1 16 39 69 78 95 74 83 83 67 73 88 56 17 1 75 25 35 27 48 6 
8 74 13 11 42 38 15 33 84 37 54 83 24 43 56 27 88 62 75 57 90 77 40 86 9 15 97 4 12 80 30 26 40 37 85 40 83 7 59 91 
65 60 19 67 77 86 60 35 22 33 22 52 1 52 55 79 27 42 34 86 79 73 65 68 28 18 43 78 9 47 74 93 6 59 96 84 88 64 7 24 
1 37 47 51 41 97 38 31 78 91 35 35 4 43 83 46 51 72 33 85 49 4 64 78 61 18 87 92 39 40 79 22 4 56 37 18 67 84 63 27 
92 17 80 32 34 87 92 75 89 58 14 43 34 58 22 78 65 50 4 28 41 34 12 2 2 62 88 98 47 33 67 27 58 37 15 37 8 41 78 93 
83 66 35 30 51 4 91 75 44 65 40 61 57 30 83 90 48 49 59 63 39 81 51 99 22 37 37 18 36 94 5 59 90 51 32 15 48 86 78 37 
19 86 7 18 82 25 33 84 85 43 86 42 87 59 49 30 35 73 69 14 92 48 89 65 42 78 81 57 73 48 85 80 26 25 60 29 69 30 69 37 
64 95 91 70 84 64 49 67 27 18 90 90 79 54 54 92 42 37 72 54 9 76 92 9 98 90 78 58 81 82 88 20 95 86 60 50 34 18 50 82 
12 77 66 97 83 39 59 22 77 53 13 90 5 74 98 76 46 99 66 30 1 13 37 66 69 67 99 74 13 25 63 64 63 7 7 87 32 55 51 82 
45 50 49 25 4 21 98 31 33 66 89 63 16 96 72 15 99 39 74 47 85 69 58 85 68 23 96 73 95 19 68 33 32 80 8 95 41 34 41 47 
82 98 51 72 3 57 44 70 45 81 1 45 29 32 58 41 63 79 1 61 5 48 41 90 5 87 96 15 5 19 24 31 69 54 82 35 71 19 76 56 
88 83 86 70 90 42 11 42 48 13 27 88 81 62 23 36 56 65 82 48 2 81 50 68 25 8 32 66 54 37 94 61 81 25 41 36 7 18 3 95 
1 72 78 44 32 10 33 24 43 2 17 36 88 75 7 58 10 28 25 43 37 19 90 40 53 88 5 11 36 10 25 95 1 87 23 36 43 56 52 38 
5 24 8 46 62 51 15 68 27 10 96 87 6 52 43 18 43 23 43 41 62 86 67 28 87 39 2 31 30 77 18 49 28 10 23 44 6 32 45 42 
85 85 1 46 49 68 75 28 65 43 49 71 65 27 57 51 50 72 77 72 15 48 3 55 64 99 61 77 92 20 36 50 47 5 22 56 62 46 33 93 
78 9 22 35 69 53 47 34 52 63 23 94 21 97 4 27 32 44 86 41 58 78 57 73 5 87 91 92 51 30 13 50 38 58 19 22 60 79 69 35 
76 99 94 92 33 75 12 91 46 27 72 23 97 54 38 41 78 40 78 22 40 32 96 57 7 98 38 3 49 8 53 83 8 73 34 63 78 20 24 72 
54 93 40 60 38 50 60 36 5 40 89 16 87 70 69 21 5 58 90 73 6 47 12 12 28 73 65 39 55 45 35 8 73 85 96 81 72 45 57 40 
27 21 59 86 37 69 63 69 96 66 45 23 13 88 31 28 80 37 66 19 53 85 78 83 57 11 93 38 7 21 26 18 8 2 66 75 97 3 68 64 
53 90 9 18 1 22 7 2 62 5 38 80 8 60 23 42 56 74 82 82 47 67 96 46 12 49 37 12 46 73 88 12 60 91 63 6 92 43 58 11 
54 70 8 65 24 95 56 22 84 73 97 67 59 47 14 5 98 55 22 80 69 4 42 58 63 7 35 15 44 65 85 18 34 32 52 42 24 39 2 54 
3 16 50 83 95 24 1 36 45 8 42 37 22 18 62 80 32 11 2 44 71 39 52 92 81 46 33 85 83 31 62 93 82 15 99 22 31 45 31 20 
26 23 68 32 35 55 65 50 32 90 13 26 8 52 6 9 13 46 78 53 5 85 41 21 43 30 38 65 65 72 47 83 90 23 76 13 59 72 19 91 
89 10 96 56 42 35 18 14 1 13 80 49 58 34 81 65 56 68 87 6 60 31 97 13 46 34 38 88 66 59 67 55 79 29 1 61 37 10 60 82 
32 59 54 98 67 53 29 37 31 81 72 84 4 31 65 24 44 58 70 75 51 6 30 25 87 25 42 9 33 35 1 44 71 60 41 32 74 51 43 1 
24 46 30 24 13 16 72 61 61 95 82 56 16 85 93 80 16 98 89 96 46 35 94 94 73 12 24 63 85 27 1 94 81 44 45 61 82 48 92 47 
53 62 44 12 75 83 22 78 8 76 93 44 12 75 84 73 57 56 21 65 92 29 23 91 87 84 83 48 98 48 76 36 40 94 66 19 90 51 90 23 
37 63 22 27 8 29 45 18 79 28 26 40 30 88 27 78 17 63 44 50 66 36 28 14 71 46 7 7 47 35 78 45 60 69 43 54 70 76 3 60 
69 70 42 61 79 2 26 28 86 12 12 90 11 44 23 97 71 49 15 14 71 48 30 43 49 11 39 13 7 90 95 58 99 94 68 94 10 3 4 18 
91 99 4 87 74 37 58 10 60 65 85 31 98 30 59 87 68 17 31 12 50 64 41 9 56 82 69 60 60 38 87 36 20 50 39 25 23 37 37 60 
88 9 26 25 99 52 35 20 94 7 88 97 7 49 23 32 16 77 24 93 25 12 56 23 12 47 32 98 79 16 86 47 46 82 99 88 66 86 90 65 
46 17 63 49 35 82 36 49 84 17 74 81 11 25 22 60 20 54 55 64 48 99 97 81 89 92 30 73 79 67 53 40 80 2 86 38 31 34 53 66 
26 5 93 29 56 30 86 25 21 81 15 91 27 12 65 52 30 18 31 93 8 52 6 55 55 44 29 34 67 67 16 83 79 15 31 11 13 28 78 17 
7 69 34 48 64 42 67 24 63 78 16 78 82 71 15 15 25 57 6 85 14 75 22 47 94 90 41 39 96 26 35 25 75 59 27 25 25 57 89 6 
60 78 66 93 57 43 92 79 64 9 77 15 92 44 85 81 46 2 74 29 33 95 91 16 95 91 51 71 48 12 82 68 71 54 35 24 76 76 58 82 
54 74 85 35 89 96 54 44 65 18 99 5 32 59 44 63 33 2 1 69 29 98 74 57 20 69 49 73 78 95 96 80 45 40 20 82 38 14 63 58 
36 17 97 22 27 47 94 38 45 80 64 40 78 12 52 44 92 17 37 19 3 33 2 18 40 9 99 57 40 51 29 28 49 86 57 9 73 69 22 4 
66 58 82 96 13 44 94 97 4 56 62 88 60 25 13 76 70 26 33 18 19 75 28 76 53 35 54 63 48 45 53 95 32 97 22 25 40 85 72 63 
21 48 13 58 45 4 12 38 32 42 6 19 20 96 17 50 62 63 64 7 8 17 67 53 63 21 12 16 5 95 21 82 51 56 89 61 26 50 60 48 
39 20 62 12 55 44 15 19 98 32 77 91 94 61 42 81 46 89 88 6 54 80 55 10 50 55 68 96 3 37 51 24 10 93 75 28 4 95 85 34 
40 88 68 31 16 88 4 95 10 8 13 10 2 30 38 26 90 42 88 49 75 59 63 26 3 93 5 10 83 68 52 24 82 76 1 51 24 15 86 68 
98 67 4 32 2 44 36 19 64 32 91 16 79 39 57 42 65 8 83 92 94 50 66 2 7 5 34 54 99 10 97 69 60 7 97 83 6 79 31 68 
44 86 24 97 54 86 52 57 77 16 75 96 18 39 93 77 38 49 29 3 94 55 28 51 5 43 4 49 60 9 54 79 5 33 23 54 20 32 46 12 
93 59 8 53 60 38 88 19 86 66 4 55 72 27 24 34 98 72 18 28 71 91 49 81 65 57 1 82 74 27 65 65 80 39 81 23 75 53 10 13 
72 88 12 42 7 22 94 2 21 13 9 98 10 56 23 1 97 60 46 89 2 80 28 50 78 84 92 91 75 33 3 42 80 11 4 74 57 65 54 46 
34 46 42 49 71 78 67 78 51 90 37 85 56 55 53 36 43 21 15 21 28 83 79 33 61 50 36 17 52 41 59 92 73 65 76 45 72 29 48 58 
79 17 85 29 81 24 89 7 55 45 82 99 54 22 69 51 87 99 38 95 68 55 40 79 28 74 49 71 13 91 73 69 15 28 16 88 82 79 73 51 
53 62 36 80 4 33 16 10 80 59 52 17 10 70 58 71 48 22 47 71 39 8 67 73 46 58 31 36 81 63 28 14 85 10 47 29 21 76 85 98 
32 83 88 1 48 9 21 43 42 42 83 25 4 18 34 19 46 87 6 46 41 24 29 82 63 72 66 61 93 1 63 16 10 27 24 86 89 90 71 86 
63 71 24 69 71 53 99 46 59 28 80 56 29 34 10 75 65 69 46 38 49 37 36 80 45 77 10 26 33 69 60 47 69 31 73 68 37 90 87 38 
44 87 7 43 85 55 10 16 63 93 45 54 6 51 13 55 79 34 26 52 78 12 95 10 73 23 9 52 78 38 8 15 56 49 30 84 83 40 12 70 
9 65 15 77 76 64 78 78 55 13 12 2 56 58 52 40 51 33 23 54 53 79 74 63 24 3 36 39 18 68 46 38 29 78 88 11 89 74 7 54 
8 76 21 86 89 37 25 55 32 92 66 63 63 3 21 85 39 30 12 17 44 82 72 17 76 11 38 41 29 19 13 39 52 97 91 44 20 41 68 51 
88 96 14 54 55 80 66 56 44 25 75 51 88 88 13 18 11 55 21 4 62 61 1 27 66 51 30 78 76 32 87 28 69 46 10 74 57 79 97 2 
24 41 45 92 31 61 47 65 30 13 71 83 36 70 72 86 63 7 72 79 63 27 72 64 28 11 66 87 63 16 76 18 18 11 68 79 80 19 34 40 
42 5 89 55 68 41 38 35 21 53 74 60 52 81 25 88 49 79 29 42 44 75 73 5 28 64 37 88 81 43 44 72 54 21 55 43 31 93 59 19 
84 30 43 69 6 53 61 59 71 44 58 45 92 94 49 81 1 9 81 57 54 26 47 23 35 22 8 54 29 4 88 98 34 87 98 57 12 99 66 56 
53 33 83 65 29 82 86 49 85 22 51 4 61 64 33 50 21 57 24 80 79 90 68 57 94 96 62 1 35 35 65 71 16 76 94 45 12 68 19 25 
13 98 82 39 88 31 59 57 93 30 4 77 79 92 54 64 70 9 66 41 44 52 31 79 23 49 29 15 21 9 72 68 2 6 25 82 81 9 83 85 
88 33 67 94 85 51 67 79 30 3 87 39 59 12 79 75 78 37 87 40 83 7 4 63 89 79 63 58 3 23 31 3 29 69 96 98 11 32 2 80 
94 60 82 43 40 8 9 74 93 18 76 71 96 80 29 10 25 79 74 61 96 84 57 44 11 30 11 68 73 2 92 71 26 83 68 13 34 63 69 66 
5 89 57 96 62 47 84 10 94 94 67 15 92 96 40 12 90 75 50 27 2 54 89 40 55 45 39 56 82 1 38 94 75 59 59 1 87 68 31 37 
75 84 73 71 42 57 2 97 66 67 8 44 19 28 51 20 68 14 79 39 27 24 14 73 78 3 82 34 80 96 22 3 37 49 70 92 88 45 96 87 
66 97 58 13 13 21 86 23 56 39 94 1 28 55 37 42 99 26 59 6 19 70 65 43 73 97 60 85 70 15 42 57 25 62 43 89 75 69 50 83 
42 11 69 30 4 22 83 67 30 65 25 61 52 82 87 96 51 22 80 92 77 25 66 29 39 85 92 1 36 99 71 46 83 80 64 86 78 32 97 82 
4 61 15 66 30 26 18 47 15 31 25 97 10 26 29 10 21 92 21 28 90 2 6 87 16 61 52 2 74 26 63 51 22 48 17 60 19 23 37 73 
22 45 67 25 80 81 90 85 18 84 1 57 3 36 5 94 58 30 70 80 62 51 34 40 8 28 37 79 70 15 4 69 72 39 32 12 56 4 15 56 
25 37 8 36 48 26 89 60 32 69 90 80 85 18 51 1 50 56 74 3 78 10 44 76 88 69 90 15 62 10 41 13 48 32 81 70 96 90 10 77 
57 61 2 60 52 11 28 2 5 63 50 21 87 51 39 77 62 16 94 56 54 88 40 33 30 96 56 16 95 44 26 10 19 84 81 30 59 6 86 31 
84 29 88 70 50 54 41 74 28 46 5 14 95 22 13 52 9 26 73 69 66 12 91 87 71 67 88 57 51 79 67 65 26 71 86 20 83 70 40 75 
21 60 51 42 5 91 90 28 60 14 84 80 33 36 72 51 26 7 61 77 80 58 6 82 35 38 93 47 38 9 25 15 32 63 87 95 10 36 36 85 
54 58 55 20 53 79 58 81 50 20 92 69 12 25 60 29 15 39 7 68 41 76 93 92 50 11 49 26 10 9 38 13 43 43 39 27 78 97 96 28 
80 72 98 89 80 76 26 77 43 96 12 36 37 37 20 84 66 27 44 80 50 25 65 73 58 61 13 48 28 51 9 7 50 11 36 54 7 84 98 5 
38 82 3 10 9 72 93 86 95 98 6 93 88 72 52 72 14 21 55 6 18 10 73 69 36 26 31 66 13 80 56 8 3 93 53 66 21 64 38 75 
69 77 89 65 91 32 50 63 44 71 24 23 92 76 45 20 37 38 83 93 27 16 80 68 28 58 1 25 7 4 26 99 51 2 20 18 52 46 44 55 
54 44 32 56 97 27 29 39 59 57 56 25 27 80 92 67 32 82 16 90 64 81 94 21 54 34 75 85 82 68 80 33 50 59 65 90 27 27 44 25 
64 39 83 19 15 69 40 18 3 7 58 63 81 47 22 25 71 89 50 36 4 7 76 83 5 97 13 16 77 91 8 55 10 10 57 25 48 38 35 73 
79 77 25 10 90 19 12 73 89 4 24 1 14 59 25 28 41 3 12 67 29 73 49 32 58 55 75 39 22 53 29 82 97 14 26 43 50 75 45 76 
90 66 51 74 13 98 7 37 46 12 76 37 47 25 36 79 14 40 47 12 40 3 92 45 17 45 41 22 11 44 27 32 57 43 72 2 36 9 14 28 
23 90 7 70 68 52 70 58 70 16 67 69 91 57 68 49 44 34 99 96 86 15 1 78 62 9 59 3 42 88 33 88 1 50 78 17 80 85 8 57 
86 85 96 45 85 59 47 43 65 61 18 83 3 75 26 63 78 6 12 86 65 14 2 90 17 48 59 80 24 45 89 99 71 78 68 53 67 55 17 4 
60 75 44 37 18 96 96 49 65 95 16 99 12 26 67 37 76 17 42 1 73 91 7 21 94 12 65 7 1 64 62 5 49 74 10 99 47 69 80 63 
47 47 80 95 63 64 81 84 96 32 29 18 18 66 31 81 36 97 62 71 33 45 83 15 91 19 63 39 60 20 70 32 21 56 23 21 15 94 62 61 
27 94 12 62 88 44 36 41 29 23 30 44 62 28 55 43 71 20 86 2 36 97 21 29 1 9 93 73 8 88 73 76 95 51 40 70 19 59 83 26 
98 50 20 54 20 88 50 41 49 28 41 99 5 23 98 21 26 8 60 90 33 63 22 40 48 24 32 6 81 72 18 82 71 75 10 1 54 80 46 55 
82 44 97 51 7 90 64 75 64 76 71 33 80 62 91 86 72 4 20 21 89 12 67 85 99 97 34 16 66 3 85 77 90 5 46 83 30 62 76 90 
72 52 80 4 42 62 8 37 8 25 93 17 78 26 82 87 27 89 77 66 28 6 64 79 3 67 49 80 55 37 53 29 34 2 57 7 5 93 58 74 
67 58 43 60 16 24 1 72 77 29 43 5 11 60 99 1 22 56 55 82 77 6 37 68 45 51 75 90 54 25 31 11 39 14 37 50 12 55 76 19 
71 38 96 92 46 39 32 18 85 89 24 42 9 90 13 80 71 54 34 36 28 12 5 78 28 34 25 55 63 26 66 35 56 60 38 52 12 77 60 98 
15 82 54 84 33 8 20 61 10 58 44 13 31 53 40 99 97 59 77 11 59 77 14 83 56 50 17 59 11 85 74 39 63 16 23 32 64 60 13 90 
19 79 33 5 21 79 90 27 96 15 43 72 66 92 36 61 52 65 67 10 78 94 19 10 17 79 42 79 94 71 41 34 67 97 52 46 52 58 58 81 
12 57 34 78 69 24 74 61 75 81 82 58 39 67 50 41 80 1 50 15 21 25 69 83 98 74 15 62 5 38 36 96 8 28 21 64 86 1 52 99 
58 29 10 62 52 74 21 96 85 19 51 86 39 43 80 3 95 57 36 24 69 29 93 31 88 85 52 13 49 49 1 52 85 37 34 80 89 16 57 77 
99 57 14 79 29 7 8 90 57 32 47 90 33 49 66 61 30 82 19 73 49 58 36 15 31 58 30 86 48 39 84 26 71 55 51 41 12 46 27 89 
44 5 91 97 99 29 9 22 37 34 92 68 9 30 17 52 77 7 74 25 1 92 78 73 85 69 18 80 81 50 74 38 92 12 88 31 25 82 6 78 
19 47 7 4 72 82 92 53 30 40 27 42 42 54 63 19 98 95 87 68 28 31 68 77 43 56 80 89 46 23 56 8 56 51 1 15 32 18 79 66 
74 95 17 80 38 55 32 22 93 12 56 87 96 2 51 13 37 68 1 30 64 90 97 83 58 57 9 26 66 12 56 85 2 62 88 5 27 72 51 44 
46 37 25 60 49 70 8 33 4 73 11 61 3 12 69 17 96 17 8 92 76 22 61 89 99 35 96 73 30 56 47 70 91 15 22 22 84 59 89 64 
45 10 16 53 62 46 91 60 61 26 94 28 19 73 25 92 90 12 13 47 84 63 92 63 65 2 66 27 28 50 16 27 2 36 85 39 14 20 34 91 
93 48 94 43 57 68 29 27 73 1 41 41 95 95 38 90 62 96 47 13 98 98 92 74 82 81 72 62 80 86 37 11 98 62 72 18 87 85 8 56 
75 44 21 20 16 87 25 9 21 3 97 56 40 56 17 84 78 37 52 54 81 61 19 64 48 83 88 91 7 99 26 71 7 72 83 70 75 54 44 92 
35 78 72 78 42 7 77 11 33 73 47 43 43 49 21 89 20 19 19 17 95 64 13 67 1 38 81 53 82 94 93 31 9 11 79 80 80 69 16 40 
13 77 40 56 31 33 92 42 90 54 58 12 29 2 30 71 15 35 55 24 67 25 41 11 54 14 29 45 22 71 61 75 56 88 79 76 46 13 20 95 
35 79 97 26 26 38 60 89 13 71 16 2 8 83 87 6 36 27 22 30 44 76 88 41 6 85 76 30 27 72 97 73 66 85 84 37 83 19 58 54 
91 86 36 30 81 25 90 93 72 19 99 70 11 29 1 83 24 36 34 76 9 94 44 79 38 9 89 92 69 36 28 39 61 85 57 99 72 35 88 1 
57 54 66 67 24 88 47 1 94 96 38 33 44 4 5 50 75 15 56 75 46 59 60 38 15 61 16 86 53 56 96 48 77 61 61 39 4 4 6 76 
35 1 28 36 85 45 98 73 74 40 61 38 13 93 70 74 1 57 38 28 76 49 53 33 83 87 3 24 30 21 38 48 66 65 7 33 79 38 88 32 
76 31 27 52 58 35 62 98 16 27 67 92 56 28 97 99 98 53 7 78 58 25 95 97 55 98 89 94 50 19 60 21 66 27 23 6 98 65 61 58 
1 48 74 51 47 95 42 80 90 83 51 22 25 26 40 56 2 15 17 48 20 91 16 89 42 14 59 70 77 80 7 66 97 20 12 51 17 89 50 44 
25 6 49 24 77 45 95 78 44 54 30 48 51 39 18 73 81 74 62 71 99 52 69 32 4 66 10 35 65 26 95 22 43 89 99 2 83 20 32 47 
62 21 72 37 51 64 76 40 26 69 35 86 64 87 6 53 98 35 30 45 16 58 59 17 3 4 59 79 99 58 87 22 65 11 37 57 89 85 32 75 
66 37 36 24 33 12 81 47 67 32 74 63 73 51 29 38 71 47 24 32 68 37 18 2 81 59 29 13 9 4 41 56 81 25 28 95 5 87 10 65 
38 81 49 1 36 97 15 60 34 60 48 68 2 96 55 56 36 88 21 79 89 75 19 44 34 4 45 16 35 33 57 73 62 57 16 30 42 89 14 8 
42 64 33 42 59 23 94 8 31 27 83 90 78 91 35 73 53 89 62 2 82 86 80 74 24 84 4 30 81 3 85 32 34 8 21 22 81 75 14 56 
1 29 72 65 93 29 49 7 12 9 57 20 80 41 41 93 2 58 34 57 13 1 48 69 21 7 80 65 32 61 11 82 39 83 73 36 64 62 50 61 
73 17 71 55 75 82 21 65 68 31 23 31 51 7 70 47 25 21 62 53 30 42 27 69 51 26 93 71 82 95 98 16 5 25 95 97 84 56 74 59 
46 77 66 9 75 49 10 33 7 12 41 89 78 89 8 64 25 96 28 71 4 94 91 96 52 18 75 4 66 68 75 67 6 51 84 27 1 26 87 8 
31 51 66 94 61 11 57 47 53 31 7 91 20 35 53 1 38 97 84 84 11 72 79 27 43 1 6 25 20 80 21 17 92 20 12 20 93 91 88 1 
43 29 12 54 81 43 13 81 35 58 79 25 15 50 41 14 33 60 98 17 31 6 16 72 22 27 9 43 75 11 6 54 71 41 72 90 12 20 69 95 
8 46 73 13 83 23 23 3 79 78 89 62 53 63 47 50 29 39 60 90 13 52 56 58 55 99 54 46 27 35 80 65 85 49 39 5 45 1 92 95 
85 64 88 77 98 46 28 82 76 51 39 51 46 14 84 10 14 61 39 85 65 24 23 23 70 83 87 91 52 89 41 55 24 7 69 76 37 73 18 97 
93 31 27 69 73 5 76 80 59 10 27 34 7 3 30 7 43 7 21 3 50 67 22 10 79 96 69 35 20 20 8 20 48 45 48 14 50 48 15 41 
42 78 69 79 24 51 99 97 72 92 67 19 1 74 70 23 67 5 27 63 99 25 91 29 53 30 80 79 32 81 62 28 30 86 48 73 2 79 26 89 
78 36 3 56 9 82 27 98 39 30 52 41 99 95 79 99 6 62 63 34 6 62 53 49 82 57 47 58 43 38 7 62 19 30 75 33 82 28 70 85 
36 64 69 96 42 29 72 89 45 26 84 20 21 70 26 89 52 12 76 3 37 33 83 1 29 57 15 4 21 34 13 87 31 66 22 86 14 10 68 97 
39 88 21 55 49 46 16 45 25 54 78 39 5 13 23 45 67 6 91 82 11 18 94 90 48 34 15 45 14 40 66 38 35 63 6 34 55 79 42 28 
1 48 31 71 5 64 91 48 61 72 60 96 28 92 54 66 34 69 91 61 93 33 92 59 95 63 71 6 14 39 1 38 23 45 32 4 57 62 25 9 
52 2 2 43 77 34 86 85 33 89 18 2 30 29 95 1 9 21 95 88 63 68 49 24 59 83 24 65 83 95 79 44 8 29 65 86 90 13 15 12 
89 67 26 28 93 72 18 46 70 81 98 22 58 13 69 4 79 69 62 85 85 30 10 91 42 12 72 23 77 22 34 64 16 9 20 34 36 15 87 39 
19 76 35 6 54 73 20 13 14 20 74 22 50 80 95 13 11 55 54 7 72 16 28 29 84 80 92 59 49 34 82 53 64 1 13 22 75 93 96 93 
96 41 14 46 98 2 38 50 88 51 16 40 51 61 60 52 57 36 36 89 43 57 44 58 54 98 66 28 79 13 59 94 60 74 79 85 59 42 16 49 
78 23 25 13 63 97 85 67 70 58 56 22 46 97 79 87 6 13 97 60 3 79 54 73 24 96 38 52 85 6 96 46 51 36 4 38 55 6 43 56 
21 60 44 25 30 1 6 10 3 61 41 98 21 98 80 66 76 96 50 94 94 69 12 51 72 86 59 79 40 77 31 55 29 67 34 76 92 75 74 20 
8 68 61 27 43 48 23 73 9 46 65 36 42 14 65 1 79 12 48 48 66 78 68 19 66 93 16 67 64 77 15 2 1 98 88 46 43 18 32 59 
44 1 55 94 95 72 63 34 22 39 47 50 95 42 17 22 14 90 56 97 33 43 19 79 23 43 41 14 66 96 65 80 26 1 32 67 22 4 86 4 
80 16 15 93 49 21 46 47 44 56 60 11 18 56 70 21 48 29 13 72 16 19 10 55 57 63 76 77 81 76 58 62 7 25 51 10 56 9 57 2 
9 97 71 80 34 44 11 51 48 75 57 43 21 26 67 96 84 32 32 32 46 47 34 98 74 89 27 6 99 36 57 20 34 16 12 96 26 4 38 82 
47 20 98 17 7 25 50 44 71 32 43 45 29 49 6 34 88 15 48 14 93 70 97 46 90 92 68 68 6 87 78 18 15 85 17 11 14 1 31 24 
37 6 75 22 76 30 78 87 60 18 71 75 90 26 15 64 77 38 96 34 9 23 2 15 70 59 31 12 1 4 4 63 30 92 16 40 35 70 95 62 
78 72 90 47 55 94 96 1 34 86 1 56 18 78 3 88 76 54 10 36 38 73 33 14 6 48 37 29 91 54 8 15 19 21 53 59 42 37 78 56 
89 10 91 32 13 33 33 22 5 46 31 82 3 13 71 71 45 88 29 55 62 11 83 46 7 9 8 21 82 46 39 97 49 9 31 47 85 10 54 11 
21 56 46 87 15 88 72 27 20 34 46 21 83 58 5 23 42 22 24 65 78 64 87 53 26 86 8 18 43 82 81 42 26 79 61 67 55 92 47 76 
35 60 63 21 31 69 63 73 93 11 10 7 24 20 69 52 60 50 79 58 29 63 40 19 65 46 87 52 67 60 81 41 31 24 68 30 25 95 50 36 
53 89 77 77 93 49 29 8 42 27 50 61 46 87 26 73 98 65 22 97 77 99 56 14 75 82 16 65 44 13 12 36 51 17 12 47 31 62 12 6 
35 73 29 22 53 69 16 16 98 6 95 14 91 45 12 63 1 20 75 53 7 60 78 32 84 30 63 51 7 14 57 98 57 51 62 6 22 69 89 71 
64 10 76 87 66 77 11 61 70 21 55 74 53 80 72 94 42 94 84 19 79 30 42 52 99 41 26 77 24 5 61 1 39 20 85 87 91 16 57 66 
68 73 59 39 70 90 51 53 50 57 33 39 15 87 31 12 33 73 9 1 36 22 20 49 94 57 55 26 61 60 59 8 71 94 74 81 82 31 36 38 
76 73 20 92 9 29 83 15 80 23 11 41 86 12 9 87 90 78 94 70 58 49 14 10 34 39 28 11 83 76 35 18 32 77 3 91 73 65 20 64 
73 28 97 80 68 9 95 45 41 24 59 66 32 61 33 11 94 79 69 50 15 73 68 10 65 51 41 57 98 26 29 46 62 58 92 54 36 67 41 54 
70 52 37 45 86 60 59 33 24 50 44 27 16 52 69 15 97 70 59 24 31 80 65 84 4 41 39 45 31 14 49 91 98 30 55 17 76 24 32 13 
7 22 8 47 42 54 31 82 72 54 52 26 82 20 50 97 60 92 3 64 8 5 17 8 73 41 25 23 27 41 36 51 39 77 19 25 47 54 58 75 
51 39 90 48 67 96 95 27 28 27 13 84 75 10 92 92 82 77 50 38 94 43 56 79 16 28 71 32 11 82 64 37 48 34 93 1 20 87 96 87 
83 59 13 48 85 24 86 96 40 14 76 13 39 1 35 49 69 44 95 34 22 61 19 9 88 22 46 12 56 61 87 80 39 18 4 79 87 40 96 85 