40 305
12 39 24 27 80 22 98 23 7 19 15 86 12 39 3 60 89 23 65 90 13 13 13 20 63 52 44 38 30 73 67 53 80 61 40 74 83 74 88 42 
71 19 36 86 88 29 74 62 54 11 50 31 28 26 28 52 98 73 84 6 7 69 23 29 45 94 2 11 4 12 52 56 29 63 9 32 86 81 64 65 
89 66 41 51 76 70 18 43 89 43 38 43 48 15 67 39 89 75 37 68 11 38 77 80 16 22 33 23 56 52 55 25 37 10 23 56 62 72 91 83 
7 2 80 1 22 58 97 1 97 96 2 91 97 45 47 4 39 51 42 36 41 33 21 89 43 89 69 47 69 39 9 78 47 55 45 35 17 66 30 22 
6 88 82 3 34 79 11 57 61 4 62 27 84 65 28 80 7 59 45 62 4 87 96 98 67 61 85 42 68 91 82 67 73 20 14 97 34 95 93 43 
61 26 37 3 22 62 15 26 97 81 83 36 84 27 80 73 72 94 62 58 41 92 50 90 6 63 89 59 92 13 50 75 96 3 81 89 79 24 71 38 
85 1 92 30 91 78 39 77 22 81 78 2 17 65 67 14 74 99 95 70 32 94 26 38 36 45 20 26 23 28 2 24 86 43 63 48 57 21 48 28 
5 57 93 31 71 17 76 12 47 54 44 91 85 39 7 49 24 2 64 87 85 30 9 64 9 69 33 33 59 12 54 30 23 57 25 88 26 83 73 71 
37 55 89 1 71 33 75 78 91 23 24 7 7 96 95 76 73 54 4 8 95 11 52 89 64 80 1 49 56 9 59 79 58 30 63 37 9 85 73 40 
36 60 36 71 50 23 17 88 16 42 29 78 38 72 53 90 51 70 26 96 57 58 88 52 21 24 82 96 11 2 35 85 81 5 66 13 97 43 60 36 
77 84 83 44 88 89 82 20 22 54 46 20 52 26 55 25 76 5 86 30 48 31 52 96 18 22 75 6 95 80 6 57 23 81 20 72 46 22 34 74 
57 77 5 22 96 12 92 79 65 32 44 34 68 90 3 67 75 13 74 86 93 86 60 23 55 23 25 2 39 75 19 15 26 20 56 66 52 57 40 82 
39 84 41 5 62 18 85 58 66 56 30 22 40 74 59 27 18 78 6 80 23 37 91 72 27 42 82 12 13 99 48 67 80 78 98 69 96 43 64 97 
84 63 94 81 70 75 79 3 39 49 10 60 12 90 2 74 36 54 29 3 68 97 12 76 5 61 79 13 44 53 22 76 85 49 42 93 69 28 47 31 
8 95 73 98 14 70 94 46 56 71 66 55 60 50 61 72 82 67 54 16 86 77 89 16 53 37 91 89 71 57 51 35 42 46 67 83 94 51 7 68 
53 70 73 78 9 78 72 44 12 28 39 59 28 21 36 23 22 47 90 18 91 35 10 37 84 14 49 12 10 87 25 29 6 51 32 96 20 79 73 72 
68 38 19 54 14 8 92 90 45 90 73 80 24 51 71 31 9 19 83 4 26 81 48 73 69 84 5 48 10 60 58 55 9 75 67 46 23 54 63 72 
80 25 48 99 2 82 54 6 91 86 34 53 59 44 87 99 12 33 30 64 9 25 23 51 18 31 2 98 48 59 19 50 75 87 49 22 54 66 43 68 
66 81 95 96 38 84 8 47 3 54 77 53 44 71 98 11 36 84 13 48 42 24 58 67 62 63 82 75 80 17 75 11 99 6 96 7 65 28 2 30 
93 47 51 73 42 12 58 98 33 39 16 60 21 4 20 53 4 80 66 78 85 68 41 2 90 59 43 35 32 1 52 99 24 42 76 52 62 53 19 98 
43 34 81 92 43 91 45 88 53 15 55 17 70 14 54 78 40 12 70 61 60 89 24 18 12 79 68 55 11 12 75 65 10 1 6 90 50 22 2 82 
86 94 22 61 33 56 18 50 19 50 91 18 91 47 15 80 57 91 79 16 3 91 82 52 11 86 71 32 38 30 49 5 6 76 89 98 52 19 78 27 
64 3 67 75 90 22 87 32 65 51 10 87 3 86 66 55 15 49 11 99 42 92 11 27 84 92 22 18 23 65 87 20 75 41 26 76 83 8 2 49 
68 96 92 8 92 72 51 64 87 98 73 78 96 72 31 55 49 96 16 65 62 26 33 43 45 60 36 95 76 20 35 34 70 83 75 45 90 64 52 95 
34 77 56 22 25 52 15 82 4 54 28 60 11 57 82 11 89 38 28 36 55 42 78 92 69 31 46 37 75 66 51 41 57 41 62 65 63 94 18 81 
53 39 89 11 12 52 74 83 81 80 20 77 80 55 32 75 87 62 45 44 82 13 29 56 40 76 69 38 78 49 55 82 34 61 71 43 86 37 85 71 
89 39 81 1 95 92 59 43 22 89 75 20 56 51 65 27 75 39 93 81 48 47 53 52 64 66 83 43 76 26 36 86 79 18 25 82 89 78 57 72 
23 42 54 34 7 51 51 84 15 95 51 59 30 2 49 68 31 57 18 29 60 21 76 44 37 73 54 92 57 50 15 42 67 10 80 25 53 28 85 51 
37 17 66 89 58 74 27 1 72 94 3 55 72 47 51 87 80 72 1 73 18 77 48 8 13 18 17 75 50 56 77 54 36 34 91 14 54 30 61 66 
32 38 64 6 72 58 46 83 79 43 44 51 66 63 95 24 28 31 47 96 36 21 59 21 8 90 68 90 42 15 49 99 73 99 64 75 44 81 80 24 
30 99 21 74 20 77 38 98 80 81 14 16 79 45 71 5 86 10 73 11 47 19 4 67 9 47 42 53 23 4 84 42 3 93 68 26 27 55 22 60 
43 40 8 66 69 45 50 35 45 26 37 47 61 31 81 71 53 1 27 97 67 8 51 66 77 42 68 19 25 73 25 36 49 93 62 15 8 14 13 37 
92 92 66 91 26 88 73 63 69 28 17 83 57 11 31 90 7 30 73 88 44 57 45 29 1 68 25 96 18 35 47 33 7 85 91 3 12 27 20 97 
80 31 61 30 35 47 55 38 63 92 65 21 5 39 17 98 61 79 62 74 13 15 3 76 77 59 74 48 10 87 95 23 78 70 9 61 74 93 8 17 
65 71 68 69 9 75 91 31 4 43 72 95 95 39 94 98 16 58 86 54 40 43 82 80 66 28 45 38 19 41 72 97 89 27 84 4 24 37 45 46 
65 39 45 88 4 40 33 21 84 26 64 26 5 50 79 49 73 28 27 1 97 50 95 80 20 31 14 1 15 92 40 42 65 71 84 46 18 7 45 64 
82 94 64 56 67 78 10 34 69 8 53 48 63 4 16 33 91 66 64 47 60 33 64 54 22 95 24 98 96 75 5 58 29 41 70 75 63 44 21 71 
60 19 86 37 27 95 53 24 62 22 82 2 11 88 18 36 88 30 74 10 56 59 30 38 37 61 99 36 54 4 64 76 35 69 99 84 39 79 35 33 
25 76 99 29 16 46 29 67 34 12 16 65 95 84 57 90 42 8 65 92 50 5 3 87 42 88 24 87 17 45 2 46 61 59 49 54 29 22 49 87 
50 49 16 60 44 60 93 36 54 35 60 17 65 46 72 17 97 68 96 75 79 31 70 14 94 20 33 23 87 38 74 53 54 75 35 95 90 33 61 1 
89 99 98 94 33 26 23 7 53 48 53 17 52 21 14 53 22 49 78 42 9 53 74 55 31 76 54 11 55 33 55 46 19 27 12 97 28 63 59 30 
83 28 66 5 56 60 72 19 74 74 48 71 80 24 47 73 65 71 7 16 89 29 58 5 94 13 66 63 86 98 69 11 85 14 96 50 38 84 65 17 
92 96 45 87 94 56 79 83 4 67 55 30 48 82 44 32 19 14 28 56 70 85 14 80 68 67 18 84 88 22 43 84 66 10 60 94 37 90 34 20 
30 54 20 59 35 96 51 65 94 75 68 87 68 35 63 55 51 49 86 84 12 77 68 83 63 60 42 23 4 3 54 45 56 25 74 14 96 31 13 30 
77 51 74 91 59 97 4 30 65 99 82 34 83 94 91 10 35 34 20 86 2 73 73 27 31 5 29 37 7 87 59 66 45 66 86 16 28 59 81 29 
61 16 6 60 65 55 72 38 54 79 83 13 46 88 91 8 17 92 15 87 40 23 69 35 74 32 7 97 33 57 43 87 98 66 21 90 12 8 19 42 
54 57 74 4 84 46 61 75 66 73 53 4 85 37 88 87 5 35 21 44 5 75 43 37 86 37 98 16 22 32 10 4 68 70 74 9 25 5 90 49 
1 2 34 90 12 40 25 58 64 41 6 49 14 15 11 16 85 63 95 25 56 32 24 30 81 47 24 97 84 37 42 11 86 36 27 99 93 12 37 80 
50 32 62 32 58 77 74 19 52 78 50 91 26 28 46 94 67 26 30 15 66 52 43 53 44 2 34 63 27 22 3 81 98 82 56 81 13 24 47 15 
29 17 58 95 93 23 2 14 63 71 86 62 61 55 55 4 48 18 77 91 83 99 25 88 10 80 43 40 3 65 98 17 34 8 37 40 31 98 55 76 
34 76 49 4 20 44 33 16 53 35 51 21 38 75 53 20 93 63 59 58 38 51 4 60 48 51 36 53 37 48 16 58 99 58 32 8 62 10 87 20 
55 11 58 75 10 70 94 35 57 97 49 68 73 93 87 24 87 29 75 26 60 33 58 58 49 27 88 66 27 90 24 15 78 48 61 31 53 89 46 33 
2 44 17 10 34 26 57 52 50 84 62 53 30 41 19 36 91 65 95 47 37 74 65 84 39 65 37 16 34 28 32 21 40 34 32 55 44 75 14 93 
68 3 85 35 55 66 17 83 56 31 6 17 62 98 66 26 67 93 85 30 99 97 80 52 70 11 15 37 79 17 42 70 53 17 4 49 49 25 35 14 
8 27 39 38 63 44 84 58 46 95 59 86 51 57 4 95 22 33 91 2 54 31 85 29 81 4 76 47 3 68 84 36 84 80 50 7 45 54 92 49 
47 18 71 75 49 49 2 92 28 72 83 4 34 76 92 11 80 64 99 78 89 24 18 12 26 69 76 53 52 57 36 36 46 52 92 43 63 81 38 26 
42 68 59 21 39 67 87 93 36 81 77 37 95 67 46 88 62 20 46 96 71 74 57 8 62 46 53 74 40 97 10 49 1 80 23 73 55 15 92 79 
52 54 69 46 39 22 78 81 98 93 13 91 16 61 22 73 8 71 25 54 84 74 3 31 7 89 96 27 59 74 84 91 89 60 21 66 29 66 35 46 
67 94 69 4 7 90 4 21 1 33 44 81 22 78 21 25 7 35 42 70 34 23 10 64 79 41 89 77 10 40 88 39 14 43 95 30 27 28 33 11 
59 38 15 70 56 56 68 21 11 29 31 68 83 62 88 95 20 91 23 76 11 31 68 16 21 65 11 8 58 47 35 21 13 74 63 35 66 14 37 44 
36 10 76 70 36 10 84 79 83 46 39 81 90 50 83 99 45 29 72 64 36 73 78 60 1 44 40 63 86 92 25 4 1 71 27 72 3 68 84 3 
78 44 4 79 65 17 67 51 96 83 37 15 30 23 31 43 76 58 28 46 36 46 62 60 72 75 83 77 72 83 50 48 75 90 67 40 70 93 93 96 
58 40 45 75 38 90 96 65 19 84 58 82 58 36 21 10 34 31 21 58 10 47 44 32 72 2 56 84 7 96 99 28 21 79 73 30 88 75 82 69 
67 48 13 50 66 53 72 52 46 90 9 70 81 7 68 83 91 52 31 40 12 94 49 96 35 15 44 77 68 88 65 2 98 78 37 44 31 27 33 12 
26 14 26 10 54 39 97 44 96 19 49 6 79 36 70 5 38 94 18 57 32 95 27 1 25 36 63 76 68 70 74 80 29 52 81 95 21 34 46 93 
33 41 56 54 40 79 59 4 5 16 71 31 54 43 41 32 38 79 29 21 45 52 13 1 30 38 61 42 34 93 44 18 63 89 99 10 74 22 34 41 
67 2 49 85 22 56 4 82 49 44 57 44 79 58 80 3 29 56 47 60 30 70 8 89 55 97 48 48 41 83 51 55 33 6 85 11 82 58 49 90 
6 43 67 8 53 89 39 75 84 50 64 95 69 6 87 4 93 27 51 98 62 49 98 2 44 20 39 36 82 10 44 84 82 16 12 25 54 84 90 47 
94 46 40 90 33 12 72 32 20 6 40 35 54 51 67 31 24 53 53 29 28 1 48 1 77 99 72 84 23 54 51 40 76 89 27 87 86 28 94 75 
33 2 68 93 49 76 43 97 16 51 93 79 2 80 50 59 82 49 57 48 39 32 34 95 73 68 82 47 30 62 34 66 71 8 96 61 45 11 64 43 
47 35 94 96 93 94 4 44 81 91 31 16 30 3 59 7 26 65 76 82 92 22 73 27 76 10 84 4 89 78 97 55 79 86 30 80 59 58 95 19 
9 17 71 30 65 50 8 27 47 40 13 18 99 42 84 30 30 95 49 36 20 51 82 34 11 6 26 51 2 19 65 93 10 35 90 10 52 90 28 19 
38 53 74 87 65 43 58 78 22 47 11 15 88 79 89 69 56 94 29 28 85 63 54 22 24 99 79 8 31 13 20 22 29 46 1 64 75 9 89 7 
46 29 21 45 79 33 6 49 84 22 96 75 80 22 18 20 89 43 90 32 94 48 73 15 49 93 82 20 22 5 14 51 34 49 33 46 53 73 50 68 
52 42 47 65 71 19 87 68 3 73 1 64 55 85 56 47 73 13 64 35 33 25 75 84 9 50 17 90 73 54 81 86 23 32 86 63 77 95 38 71 
98 82 69 2 40 70 37 38 94 38 86 56 83 69 84 7 37 11 99 55 20 57 93 83 7 91 92 28 22 81 56 35 71 36 70 36 18 64 23 34 
62 63 95 14 79 63 41 88 3 98 77 49 82 66 52 31 31 30 45 15 2 18 95 69 57 56 61 18 11 90 97 81 93 84 29 91 64 59 51 64 
77 94 25 28 76 6 19 31 52 85 43 76 99 31 60 42 16 87 35 81 94 34 77 48 62 23 67 25 80 51 66 74 69 19 5 5 42 30 54 77 
67 69 62 24 65 63 19 29 46 79 86 44 90 51 61 71 57 31 90 17 72 57 12 74 1 96 15 29 74 46 61 76 94 69 77 45 50 93 77 77 
56 21 53 53 22 72 30 35 80 41 9 97 33 5 87 60 95 67 93 24 25 25 45 51 83 41 97 96 18 70 40 12 41 59 89 7 98 21 70 68 
29 17 72 52 81 22 87 18 19 89 59 56 69 78 10 95 21 4 62 8 65 98 25 83 39 33 43 59 48 74 48 8 73 70 42 38 2 5 21 71 
76 3 86 58 42 55 22 6 99 92 63 34 25 19 79 32 4 69 32 67 90 34 77 56 57 8 25 37 13 74 17 94 3 96 38 69 35 29 52 67 
8 69 6 87 52 81 86 23 19 76 16 87 36 32 66 75 43 5 1 50 37 86 94 28 87 84 99 70 9 95 42 50 47 30 54 57 20 43 79 53 
62 14 96 90 21 86 29 82 55 13 89 79 91 1 14 63 42 68 5 32 85 12 35 68 65 92 93 84 52 32 82 94 81 7 30 11 56 46 71 74 
3 91 63 19 38 30 87 65 38 3 78 60 52 28 44 68 88 41 55 76 81 81 10 19 32 1 70 93 91 33 85 37 64 18 65 30 6 9 99 68 
71 74 35 63 55 13 53 58 53 22 4 39 17 45 19 74 78 1 64 36 7 64 78 19 77 51 14 95 33 76 25 7 58 24 35 8 84 59 27 28 
64 6 57 65 49 30 40 33 47 91 1 9 66 50 58 61 30 10 85 90 59 87 66 22 24 8 39 1 93 41 59 35 9 90 35 69 80 57 25 83 
25 15 16 98 35 10 90 84 27 38 32 37 34 56 6 47 68 75 60 90 70 42 86 51 86 2 79 35 51 7 83 82 84 53 90 9 44 39 11 45 
99 55 15 49 66 91 94 24 82 69 13 20 75 2 79 68 22 86 95 58 20 39 37 21 74 78 66 91 10 87 55 51 87 46 20 76 90 66 89 48 
15 28 69 33 31 28 80 37 42 75 39 58 36 56 97 94 91 58 54 19 10 51 58 73 74 91 33 50 96 36 63 53 79 37 28 35 45 3 11 42 
86 70 14 29 42 2 72 40 22 58 88 59 2 89 42 98 75 23 56 59 87 72 36 42 35 46 23 37 42 79 36 18 38 67 86 3 43 19 6 41 
38 23 96 67 27 75 4 85 80 56 36 23 82 60 58 25 36 61 4 98 54 65 49 81 69 76 58 10 90 31 63 41 91 31 97 37 98 63 80 27 
78 82 26 55 84 55 59 50 83 14 33 3 1 98 24 35 9 94 64 10 29 63 5 47 53 75 79 41 49 51 7 78 23 76 89 79 66 82 61 30 
75 17 6 11 61 61 93 10 71 1 99 38 39 17 50 44 73 79 71 33 49 78 19 9 63 59 82 33 90 41 17 15 87 17 27 47 94 29 92 29 
38 22 5 40 29 61 96 71 22 35 93 49 35 90 92 78 91 42 40 29 46 21 50 76 1 93 37 79 5 65 32 75 87 23 58 46 67 53 43 27 
62 87 17 23 60 51 44 91 27 56 7 22 12 81 64 65 38 34 13 23 77 36 50 50 18 28 70 38 75 14 5 17 80 8 86 15 58 80 80 48 
33 93 69 34 28 16 62 20 1 99 60 2 43 80 17 48 40 13 61 92 15 51 25 28 7 14 83 53 31 76 4 37 20 50 57 97 1 97 63 58 
22 15 83 34 51 95 66 31 29 83 52 71 73 47 42 15 4 61 93 99 10 58 9 26 11 35 76 14 82 9 78 90 78 1 42 41 21 60 83 23 
60 39 28 94 33 44 99 70 29 95 53 30 32 18 3 85 97 81 7 96 73 50 34 47 26 87 30 93 99 48 46 94 32 61 30 14 6 95 8 35 
60 45 44 43 60 37 16 66 25 24 69 46 93 50 27 37 75 3 12 40 88 25 23 81 68 1 97 45 5 97 99 57 1 37 9 50 74 30 91 20 
85 20 24 47 7 27 27 43 27 1 66 15 82 29 49 40 10 78 56 57 32 88 99 13 34 12 72 13 66 32 90 95 48 71 37 38 51 41 81 10 
92 26 15 98 3 81 17 3 22 20 16 13 83 8 95 46 53 82 31 20 75 52 4 38 27 61 8 45 14 98 79 54 74 95 29 35 98 95 69 61 
16 65 40 15 43 55 44 24 5 65 9 55 50 96 26 41 1 12 16 97 9 48 28 94 97 82 62 52 77 41 60 39 93 18 54 79 37 81 26 47 
87 51 73 22 88 14 22 50 35 13 25 17 54 46 97 90 79 43 32 12 61 14 31 56 4 8 81 10 14 16 23 49 48 40 62 53 34 7 42 62 
69 61 78 59 59 71 47 2 66 37 57 49 19 7 45 93 81 86 51 35 5 41 30 87 74 45 74 73 24 12 52 93 29 61 67 17 42 74 4 47 
38 14 6 10 58 77 12 46 58 40 77 90 19 72 28 15 28 29 48 77 97 28 50 59 4 12 35 94 59 25 73 61 46 3 94 36 81 55 53 74 
69 37 97 44 60 65 14 97 46 65 78 10 8 90 73 91 40 36 41 63 49 81 7 51 38 51 28 27 86 60 45 70 5 91 18 29 24 42 72 79 
39 91 51 48 58 74 46 84 51 22 28 2 46 25 3 66 88 66 34 13 47 12 67 40 42 78 45 13 88 93 14 37 66 36 6 58 2 65 34 30 
52 53 95 87 47 97 51 51 42 90 77 74 81 46 84 9 78 69 18 71 48 98 84 78 92 5 2 4 34 25 7 82 49 42 79 28 54 21 82 79 
72 60 79 19 90 68 97 42 50 39 1 56 51 43 26 72 52 17 68 22 21 34 18 21 36 14 31 41 74 72 55 33 5 68 99 69 73 46 16 93 
63 22 76 40 99 88 46 49 86 5 14 13 57 12 40 66 46 2 3 49 28 3 63 54 8 83 68 68 52 48 2 80 22 16 45 56 34 3 74 47 
95 43 45 64 60 53 82 2 14 24 73 74 87 94 46 61 79 18 32 45 19 23 60 72 54 75 91 42 55 25 95 98 93 48 92 26 75 41 27 18 
24 47 82 63 45 21 82 37 49 68 31 8 24 51 45 84 67 40 53 79 95 26 91 15 1 53 99 52 53 22 34 51 2 57 23 62 97 97 8 24 
1 70 45 91 86 2 13 57 79 68 29 33 79 99 66 79 16 93 51 75 94 99 89 36 1 71 12 38 2 7 97 54 62 15 54 92 88 66 22 85 
30 80 16 8 95 53 81 88 93 60 30 9 94 39 64 23 5 60 30 55 64 3 10 26 53 52 50 40 83 43 74 25 36 29 24 87 74 17 82 19 
90 67 52 71 34 55 68 57 60 9 73 76 89 44 37 92 86 64 57 40 6 3 32 53 80 40 40 69 90 85 21 50 33 97 39 75 10 97 44 51 
87 17 89 36 34 30 71 45 25 95 63 23 74 6 83 77 36 78 93 87 79 93 82 85 75 8 98 6 2 54 39 90 8 75 13 67 91 15 57 13 
83 77 58 90 76 78 81 17 57 90 75 54 72 34 71 74 52 89 20 75 51 84 76 56 44 49 67 92 68 37 94 98 22 36 80 68 12 47 27 43 
75 39 92 74 67 59 4 75 66 50 19 98 49 31 77 33 65 90 47 60 54 79 68 38 62 19 28 79 65 10 92 72 43 7 20 45 46 96 99 14 
85 69 70 93 6 97 47 95 77 37 3 29 14 46 82 70 24 34 94 19 55 6 91 23 83 35 6 96 38 82 1 77 64 10 68 45 84 83 2 25 
50 73 19 45 38 84 47 81 82 43 97 84 30 93 21 2 15 98 71 14 36 19 46 80 70 82 78 83 26 67 70 55 20 95 67 84 2 55 56 48 
77 44 15 16 73 2 4 95 65 3 10 51 17 45 89 15 14 26 7 36 15 8 51 52 23 60 11 51 49 13 83 37 82 95 86 19 63 68 52 49 
95 58 73 65 58 11 74 54 64 80 51 71 70 81 23 44 58 40 81 56 58 43 14 87 20 72 32 17 49 62 59 82 88 8 75 53 81 69 54 52 
33 21 28 45 28 65 85 70 3 66 4 25 91 64 65 55 82 93 9 6 61 20 55 89 22 29 63 82 7 38 68 7 53 81 46 97 84 6 51 47 
56 93 21 24 87 11 64 19 37 19 39 62 99 84 69 32 95 80 60 23 49 87 5 1 38 37 73 20 73 81 55 39 52 4 21 32 83 45 18 27 
9 96 21 92 38 56 77 8 93 48 22 39 71 52 78 76 43 51 20 40 94 71 4 44 40 50 68 91 89 42 94 96 40 13 71 2 68 20 92 98 
77 4 36 85 73 82 95 72 65 83 89 71 2 83 73 64 63 27 52 58 25 89 38 21 36 91 92 8 35 10 81 53 96 76 44 20 33 7 7 20 
3 96 63 42 23 85 21 50 15 29 63 74 33 79 1 76 7 90 69 56 20 87 37 45 99 85 77 93 60 35 69 51 72 76 89 96 44 36 77 8 
66 78 10 39 54 45 42 63 32 35 84 39 97 10 17 26 73 99 8 20 78 92 59 83 5 90 65 53 18 21 44 3 92 76 72 71 62 43 83 74 
14 95 14 77 51 29 16 3 87 1 78 71 71 28 16 18 78 60 56 22 34 84 27 19 28 91 47 44 61 22 42 6 43 9 33 53 13 85 57 9 
68 90 63 85 13 15 69 99 45 87 2 66 17 94 41 99 54 6 24 14 41 85 81 40 6 93 22 12 5 10 65 66 16 64 23 67 36 93 40 96 
15 42 64 28 68 68 48 40 78 9 15 46 12 1 52 10 40 31 16 79 24 77 75 74 1 37 19 97 64 34 60 15 40 57 61 10 14 66 2 27 
48 34 12 72 43 21 16 7 15 58 12 49 47 48 59 44 20 70 96 58 9 39 59 86 17 31 35 23 27 8 50 34 75 41 78 5 79 79 92 23 
25 52 68 20 55 30 83 62 36 69 68 33 74 14 52 72 18 1 90 39 67 64 67 19 91 58 67 47 35 18 83 38 18 70 70 41 86 6 65 31 
29 40 46 82 14 48 35 52 88 49 73 28 93 34 39 60 73 86 91 39 20 83 3 28 29 37 96 67 53 84 40 69 84 87 35 43 86 71 93 45 
65 89 99 70 51 82 72 49 66 12 73 19 16 36 2 91 38 3 68 87 36 7 86 27 81 73 79 31 69 37 28 49 34 91 82 11 81 5 72 21 
75 41 11 69 4 21 91 69 68 30 94 78 8 89 90 19 75 57 65 28 71 37 73 2 1 87 64 18 84 61 23 47 30 57 15 39 31 97 4 9 
44 70 29 57 21 3 77 36 90 79 44 86 62 37 19 78 62 20 71 91 14 52 58 6 63 87 78 32 19 60 11 53 97 11 16 18 59 94 36 73 
93 95 57 58 16 76 46 53 51 56 83 15 60 38 99 87 3 66 58 82 48 95 64 55 30 98 26 78 77 49 56 34 70 20 36 9 68 6 7 32 
81 97 15 78 90 49 17 63 87 72 90 97 19 12 56 92 24 42 37 29 27 60 11 60 51 89 62 37 42 16 27 86 53 62 47 45 15 42 28 1 
70 11 88 85 10 9 97 72 45 97 38 97 24 25 32 74 67 92 51 2 41 57 47 97 60 95 53 98 34 91 17 5 91 49 15 45 5 30 81 33 
42 88 42 64 40 76 14 89 60 51 11 74 22 63 56 50 75 77 95 87 73 82 42 69 1 59 1 84 25 58 11 47 1 3 31 62 62 9 23 81 
55 32 53 2 43 50 83 29 71 71 22 9 40 32 42 30 67 98 88 20 75 46 93 44 30 22 93 22 61 18 54 53 83 9 47 89 84 82 67 41 
68 63 57 69 47 79 46 67 94 71 6 96 11 3 17 70 1 78 8 76 36 44 32 98 28 94 63 48 43 40 88 36 71 82 82 14 30 36 24 39 
11 91 30 73 24 88 78 59 1 21 70 64 69 22 47 35 1 29 29 66 23 12 15 43 58 76 99 62 15 58 55 62 43 90 75 84 27 15 84 87 
89 44 53 20 55 24 82 22 94 60 76 57 92 93 78 9 11 5 25 85 63 54 65 36 18 14 78 45 53 94 8 97 36 10 96 80 65 91 66 60 
64 6 69 85 82 84 95 92 38 74 62 74 39 4 31 14 80 39 5 76 20 51 25 56 27 34 4 5 96 91 48 1 18 80 81 38 62 62 23 36 
74 49 89 75 99 80 5 62 23 9 98 21 64 96 8 95 92 58 43 69 23 80 9 55 86 56 56 65 87 10 54 18 19 88 85 32 55 18 53 19 
96 4 69 83 66 32 61 70 26 6 20 48 21 50 65 95 59 44 59 91 11 42 95 8 83 52 79 1 75 91 93 92 47 49 52 9 4 61 8 84 
36 72 3 9 50 40 92 49 98 20 18 75 83 65 71 30 40 75 77 84 32 17 40 1 13 3 60 48 39 79 37 84 12 10 9 53 3 81 35 46 
68 8 9 38 40 92 53 50 12 94 17 51 70 75 75 86 8 95 18 54 72 33 31 19 63 88 12 10 32 78 34 18 15 81 32 9 67 52 76 91 
28 98 89 47 83 93 68 74 42 70 30 5 8 2 33 91 85 32 47 35 92 59 68 46 67 75 30 20 81 87 41 90 29 13 95 33 44 93 28 63 
54 73 28 38 56 64 23 12 49 98 64 17 6 38 81 1 85 94 70 70 70 69 57 94 27 3 60 64 91 77 75 30 25 15 85 79 18 20 64 69 
94 41 30 28 34 64 64 64 96 4 60 38 75 87 68 98 35 43 49 96 25 85 75 73 50 95 32 28 72 51 96 41 47 90 33 61 83 25 43 94 
48 50 17 26 30 16 63 53 80 51 11 10 84 11 78 45 4 55 54 41 67 49 13 39 56 28 8 53 36 37 98 50 78 67 96 70 54 28 65 77 
12 13 21 91 50 94 34 14 54 49 76 57 77 5 63 92 98 91 51 58 76 14 2 44 61 7 41 18 52 30 43 80 72 83 20 22 40 53 38 37 
62 13 92 11 1 4 98 95 41 39 95 95 21 22 49 42 48 72 98 51 7 90 41 85 94 20 15 92 80 44 54 21 75 81 99 30 81 69 70 38 
60 76 21 26 74 30 95 9 80 96 78 79 6 58 95 34 63 49 66 86 62 90 23 69 26 39 48 71 28 66 30 90 47 25 89 4 11 11 63 38 
56 27 2 43 71 42 51 72 38 43 95 76 15 89 73 22 61 98 99 52 52 51 31 27 65 18 27 32 3 77 12 8 47 99 54 28 23 96 75 24 
92 69 24 56 92 93 75 52 40 37 61 4 19 30 33 66 91 40 71 91 64 75 22 36 10 7 77 79 14 63 87 47 35 96 32 39 10 86 6 75 
48 49 17 64 14 44 62 96 78 37 1 44 16 88 22 83 56 4 56 5 56 72 22 1 42 47 19 60 32 90 12 22 85 14 24 31 16 26 10 66 
7 17 35 53 59 43 38 95 36 42 76 21 89 82 21 6 89 49 97 29 77 2 75 21 56 23 41 62 63 75 20 53 21 6 61 6 42 69 87 15 
43 73 43 2 44 96 16 80 35 62 90 71 87 64 69 3 31 84 83 53 16 75 82 36 18 69 53 82 36 10 66 73 43 50 72 6 27 29 55 14 
12 42 26 35 40 45 89 11 95 73 92 22 92 10 47 11 23 41 75 92 65 53 39 19 63 55 33 92 2 37 85 27 88 31 77 44 97 11 35 38 
29 54 1 5 76 98 3 3 63 43 47 99 36 23 36 65 19 5 57 75 26 89 42 27 39 38 83 8 86 58 6 37 41 73 55 16 28 7 28 63 
54 80 28 65 36 29 48 69 32 82 42 15 81 62 74 44 18 21 47 21 81 38 10 78 41 6 47 8 56 52 69 36 1 87 56 30 7 4 30 45 
24 55 24 19 86 96 32 88 45 17 81 73 35 40 98 95 79 21 89 30 3 93 35 7 89 77 77 62 48 97 79 61 39 20 25 99 92 7 43 98 
39 57 82 13 85 87 26 76 19 30 91 69 10 73 94 57 28 81 62 38 69 29 90 82 51 40 89 49 84 28 32 27 65 93 48 73 98 17 81 29 
69 42 15 29 5 30 20 95 28 95 38 81 37 85 77 58 85 59 21 74 93 48 57 7 23 87 50 79 15 27 23 13 7 42 97 72 72 59 11 99 
50 9 20 49 44 54 15 37 21 26 26 91 53 88 31 85 99 66 25 7 42 39 95 51 1 57 14 2 74 11 11 52 16 90 20 76 16 52 42 47 
51 20 94 46 81 90 45 97 50 16 91 83 81 75 59 50 1 70 84 10 55 37 1 1 58 50 57 44 55 46 25 22 61 2 44 57 88 66 29 61 
18 10 61 23 46 89 73 98 72 82 80 5 14 13 51 11 56 35 67 45 69 30 4 2 42 3 27 94 77 2 99 92 76 82 14 31 53 42 90 72 
99 79 12 17 84 38 33 88 27 77 32 47 88 45 1 47 17 74 81 21 22 96 22 62 19 49 15 87 76 58 78 97 97 32 56 66 83 66 59 2 
16 62 97 45 65 2 12 53 66 39 66 34 87 36 27 91 72 75 85 79 77 82 44 22 49 74 61 68 92 45 47 80 42 93 9 29 61 53 86 63 
76 60 29 40 57 2 71 32 60 63 91 67 92 18 23 40 1 60 72 87 38 21 50 96 31 73 89 64 16 54 95 8 37 4 5 51 88 77 39 8 
17 96 21 78 34 31 90 42 56 2 1 12 12 92 95 80 97 34 18 19 23 78 55 92 35 10 63 52 68 57 31 92 88 15 85 67 90 16 1 13 
85 7 6 25 29 32 11 47 42 20 75 93 50 22 68 89 15 52 87 16 44 61 1 16 38 4 5 94 46 87 42 70 17 57 70 21 82 72 50 9 
10 68 76 71 21 16 40 65 13 2 25 62 28 47 38 99 28 33 55 27 42 44 80 77 29 63 87 68 69 24 24 11 38 15 58 54 22 43 44 36 
70 67 83 12 88 70 36 75 3 58 74 7 93 80 57 65 48 84 60 84 84 32 16 34 29 11 47 42 45 68 11 10 52 95 90 83 13 48 17 80 
32 23 5 9 79 95 49 70 76 83 52 10 35 89 46 55 65 7 9 58 37 17 27 58 92 59 65 10 64 46 66 32 55 68 24 92 76 64 74 69 
98 38 41 24 28 99 46 2 88 90 27 9 4 99 95 70 5 51 29 65 71 38 24 37 67 85 94 13 3 76 66 66 75 86 74 30 54 16 26 81 
9 77 74 8 47 5 66 50 78 7 36 74 39 53 56 13 46 81 84 45 84 7 98 31 22 66 1 20 83 21 6 67 33 38 76 80 71 90 50 15 
19 45 19 9 98 24 48 10 39 68 89 45 64 36 27 15 31 40 77 87 41 30 85 58 65 82 84 38 70 46 62 18 72 9 37 30 66 87 28 95 
57 31 5 73 26 95 88 50 52 83 29 23 35 77 93 69 17 7 90 48 25 44 4 90 53 88 28 10 9 9 69 86 28 20 83 87 10 41 51 94 
35 33 22 31 9 77 26 17 52 30 54 65 28 22 81 62 64 35 66 74 87 83 60 74 47 67 87 40 28 3 39 48 16 75 75 86 23 23 60 18 
68 42 23 65 59 87 81 58 45 17 72 56 17 84 9 18 34 88 40 2 84 8 47 49 51 1 41 25 99 41 7 45 82 63 55 33 82 62 78 84 
54 82 13 73 23 60 83 37 32 49 67 43 23 74 44 93 25 61 83 35 49 60 41 4 55 68 33 67 70 32 50 81 42 70 66 3 53 92 75 49 
97 56 72 7 66 83 86 85 98 77 19 90 52 63 20 6 83 63 18 77 13 10 30 6 15 13 60 3 68 20 28 50 64 1 73 6 28 19 76 94 
99 85 33 11 93 98 94 22 9 76 17 64 81 91 12 82 43 90 38 21 74 19 60 56 4 31 67 62 19 18 25 3 1 92 30 27 90 87 55 88 
34 38 99 70 70 8 57 1 51 43 67 59 60 7 24 66 25 8 81 8 16 51 16 98 37 99 40 2 24 38 82 38 58 64 25 93 59 1 49 80 
84 82 27 15 37 61 42 76 60 53 29 30 79 67 84 87 33 54 18 94 17 71 78 92 24 70 66 81 8 28 62 18 24 52 47 44 43 14 28 63 
60 68 84 8 75 34 73 79 25 69 54 51 48 43 6 88 47 65 15 87 18 46 43 58 82 41 82 49 57 92 77 37 68 92 23 84 40 22 76 18 
14 86 86 37 60 23 81 63 50 67 63 6 82 27 81 7 46 89 78 65 35 87 84 20 39 24 17 71 14 42 89 31 86 2 28 77 33 75 9 68 
20 95 61 19 3 41 45 78 48 23 86 60 83 17 88 81 9 12 43 96 9 36 28 84 68 77 43 33 83 77 54 70 40 15 29 97 22 99 72 92 
20 12 85 77 96 55 33 55 59 86 2 46 71 67 15 61 5 13 80 67 78 51 48 93 46 61 71 75 32 72 7 33 91 98 26 39 35 56 10 36 
22 17 24 80 53 15 23 79 27 2 2 27 84 54 93 72 97 84 24 32 64 14 35 99 60 87 2 13 35 72 61 49 90 97 10 59 3 46 86 92 
4 95 26 30 99 21 72 60 45 14 27 41 81 91 14 95 2 41 69 51 45 48 34 93 45 99 56 35 26 22 94 57 57 44 60 19 2 79 55 74 
29 92 47 99 51 12 26 44 3 35 93 17 86 65 96 9 31 64 46 15 46 60 12 50 1 92 54 56 1 33 88 38 25 13 95 78 36 65 78 91 
5 53 36 79 97 12 94 1 38 90 89 58 36 85 50 17 23 11 13 82 76 9 96 87 42 52 74 10 82 50 79 35 82 32 61 15 10 13 96 5 
87 2 74 69 48 91 47 27 29 79 46 92 41 98 31 12 38 38 82 54 86 88 56 19 20 27 79 96 36 74 52 37 11 98 35 69 80 89 73 32 
1 38 17 4 92 51 61 82 22 62 94 59 9 70 65 1 59 31 47 54 31 12 98 98 36 59 30 75 97 34 4 46 20 27 12 7 54 27 35 94 
22 57 85 38 75 23 72 53 45 17 66 28 29 63 41 77 17 49 67 79 81 34 55 32 92 6 55 1 42 7 8 98 11 44 80 94 78 19 26 67 
60 17 32 62 97 1 13 36 82 93 97 3 41 52 74 58 91 9 82 12 24 74 50 48 61 72 41 87 30 73 62 93 81 35 53 54 69 7 11 3 
48 60 5 2 55 67 83 48 40 13 86 64 11 2 56 18 49 70 53 9 65 27 22 19 83 18 61 99 84 30 4 50 42 89 24 3 35 32 3 2 
97 1 15 91 52 36 47 38 30 35 34 95 25 19 44 4 43 24 87 63 82 2 65 65 18 20 21 53 77 84 42 83 20 49 6 53 89 95 5 15 
5 7 28 49 29 85 50 28 2 28 1 73 42 86 86 89 16 59 94 77 68 20 29 17 38 67 68 77 81 28 2 4 10 52 81 84 44 27 8 80 
8 66 76 79 42 35 96 98 37 45 91 67 58 25 31 32 39 42 99 23 24 68 67 32 7 98 52 13 46 9 19 36 21 5 65 3 43 87 85 38 
75 1 39 68 77 96 79 81 46 51 50 57 76 6 47 69 1 43 29 93 63 12 26 38 91 85 96 81 41 43 87 61 40 95 48 92 79 58 59 27 
14 15 53 1 69 30 95 45 82 36 43 88 78 93 90 33 53 89 82 73 50 40 56 14 63 13 13 60 30 16 55 68 65 68 61 22 72 67 97 16 
27 97 50 14 24 82 60 44 5 80 20 67 70 93 79 23 84 6 73 83 82 16 74 47 70 37 70 10 89 91 87 76 59 80 31 26 73 52 35 30 
50 52 51 11 19 6 61 45 34 79 78 22 44 51 43 62 99 29 78 77 28 85 70 46 84 44 99 35 46 17 31 28 95 13 73 55 53 70 84 72 
96 13 63 83 71 43 84 24 53 58 95 90 16 13 38 84 45 52 97 68 10 96 48 94 46 63 24 71 23 30 17 39 74 10 77 3 41 44 96 66 
77 34 56 52 20 60 88 16 89 69 75 15 85 1 19 66 13 85 71 15 6 34 92 80 70 64 68 91 5 6 32 56 97 58 95 88 5 3 31 31 
42 14 28 11 1 74 93 67 72 94 80 48 50 17 1 54 10 63 34 88 80 9 72 64 93 35 51 94 74 32 90 80 79 71 4 75 75 74 6 24 
87 25 16 35 48 69 33 57 36 93 67 70 85 28 75 82 66 63 63 93 92 9 57 59 43 71 96 8 96 47 74 92 8 96 7 6 7 2 40 9 
73 25 28 89 51 86 3 55 85 68 59 62 78 52 82 93 10 2 58 44 25 49 56 91 52 76 17 99 49 76 93 78 45 74 93 79 63 45 90 32 
25 66 50 80 22 41 48 46 32 66 10 61 35 29 70 85 5 6 85 24 97 71 57 21 17 80 95 80 62 39 65 24 17 53 35 64 53 3 57 98 
50 88 97 23 47 12 57 4 50 50 32 88 10 31 94 35 87 6 36 19 27 71 59 88 70 73 10 64 49 54 81 96 32 64 58 15 13 49 43 48 
29 17 97 31 18 90 20 84 72 97 89 1 52 95 33 16 50 51 34 18 8 39 62 25 46 68 87 48 96 60 37 5 90 56 39 18 39 72 28 68 
12 98 33 2 76 59 93 47 68 14 64 19 44 88 65 27 60 95 2 61 87 86 48 76 43 55 17 71 38 74 34 45 71 85 79 6 34 52 85 43 
28 20 66 45 47 81 73 17 83 92 17 79 43 29 6 86 97 83 57 37 79 57 78 24 49 31 35 25 63 28 29 37 54 4 65 46 53 12 53 93 
33 18 60 26 86 93 97 26 23 8 98 76 78 56 9 39 59 47 99 52 44 22 13 93 4 18 2 16 90 39 98 8 78 58 64 26 56 42 21 70 
76 91 74 64 24 51 1 34 71 93 36 55 38 95 96 23 26 65 56 69 44 65 59 55 25 72 73 79 15 99 75 64 23 32 34 28 58 87 74 76 
80 51 90 23 10 15 55 33 46 97 21 89 78 96 25 39 16 53 21 13 27 44 19 17 89 90 46 28 70 29 29 64 86 60 87 18 32 3 9 39 
46 7 92 34 40 18 4 49 96 95 89 30 50 50 32 98 58 51 49 35 39 59 42 33 57 71 30 5 37 48 50 75 89 53 68 47 11 28 82 8 
97 10 76 94 46 29 59 13 77 57 2 78 71 93 91 8 35 5 43 99 63 41 41 26 63 75 66 37 15 1 52 82 26 79 90 90 75 45 40 86 
99 6 99 30 30 54 16 93 86 78 32 28 44 7 39 80 92 39 52 13 15 69 1 65 97 62 35 44 72 42 41 89 46 11 1 55 49 2 67 61 
1 61 79 60 8 69 3 22 42 35 82 34 52 73 64 50 47 24 94 27 36 99 7 11 96 70 79 56 18 78 37 61 68 41 25 46 23 90 11 47 
68 24 97 22 93 55 41 26 27 39 5 35 35 49 26 68 40 3 93 82 69 77 95 75 13 91 69 31 56 56 69 21 21 87 90 17 7 46 17 62 
38 29 64 86 53 57 44 77 21 51 74 16 48 81 24 66 74 44 76 14 69 75 83 52 81 68 5 7 92 87 22 88 24 96 54 54 49 92 27 72 
33 32 29 68 90 22 82 62 30 9 60 88 94 63 12 35 7 62 58 82 67 59 70 6 9 36 32 30 69 20 48 8 36 40 17 87 95 16 49 92 
52 8 49 62 9 96 55 37 49 64 51 8 71 30 13 58 14 42 57 6 97 17 37 12 12 88 92 4 12 88 87 42 38 49 38 47 30 28 10 63 
36 35 89 79 85 32 57 18 4 48 81 65 67 83 85 82 42 70 71 42 12 26 79 88 22 17 11 7 6 71 38 79 38 65 58 54 24 84 59 93 
60 28 87 32 84 94 97 51 59 77 83 57 56 20 59 78 22 63 27 1 67 11 98 10 10 10 93 8 16 25 16 2 10 9 55 98 58 63 80 24 
50 68 99 47 40 95 94 61 45 5 23 29 42 87 8 19 35 53 33 37 16 91 50 2 64 43 3 74 30 72 90 97 22 86 52 4 85 77 97 96 
65 52 64 75 71 49 21 38 45 30 40 26 68 20 75 19 90 52 42 39 61 64 25 27 61 30 70 77 58 5 69 70 58 30 82 4 40 61 39 59 
52 86 44 36 95 61 79 87 77 57 75 23 63 47 27 77 25 3 9 18 54 32 55 22 56 2 44 99 34 95 34 55 78 85 29 29 48 85 19 67 
57 45 70 27 46 72 32 53 24 57 22 94 94 32 4 18 54 28 52 32 39 90 8 90 45 27 39 59 24 93 11 16 69 81 44 57 97 44 73 18 
19 58 73 6 49 27 60 92 32 79 86 26 59 86 26 57 7 3 4 95 65 51 72 30 90 19 6 28 92 35 79 27 66 69 82 99 38 36 66 78 
38 83 69 43 83 62 76 42 67 85 90 56 32 47 71 38 32 14 14 22 71 14 57 58 51 52 97 68 92 66 73 27 83 96 42 39 60 34 6 56 
29 31 65 78 45 13 90 87 22 82 7 14 62 50 89 41 70 8 85 52 65 75 25 8 57 56 53 32 55 7 80 37 60 42 44 58 30 78 79 92 
3 84 46 3 92 72 51 15 18 52 29 49 50 38 73 43 35 25 17 28 40 29 53 78 27 66 78 95 48 18 55 9 87 48 85 18 24 25 21 20 
89 30 81 62 10 36 28 44 29 7 25 65 39 41 62 41 98 6 14 58 97 97 8 29 87 77 53 57 54 79 37 60 15 39 2 99 56 43 86 67 
66 21 5 58 2 45 42 48 25 96 63 25 72 2 68 98 5 44 10 53 91 70 66 37 52 68 5 61 99 8 42 59 97 64 68 46 48 47 24 64 
5 63 60 75 67 5 59 40 43 54 11 37 37 66 21 97 99 9 73 30 68 1 5 48 35 46 26 16 31 30 30 4 69 50 71 20 97 63 33 85 
44 46 65 72 25 17 13 13 5 12 16 27 17 92 63 89 88 10 77 29 97 71 72 92 71 98 26 10 9 68 62 98 40 16 42 70 88 78 80 31 
76 41 71 17 98 1 48 76 14 50 58 28 77 5 57 3 47 69 83 21 82 69 56 13 52 40 25 71 13 41 87 92 26 52 96 82 88 39 3 1 
67 98 18 10 72 73 57 5 72 36 97 32 71 79 10 53 68 9 25 74 58 33 11 7 48 81 46 98 74 77 20 10 98 79 5 53 9 24 88 97 
1 41 10 37 68 56 72 28 78 22 11 29 63 9 61 73 7 81 14 53 81 4 89 97 31 48 88 98 66 65 84 10 81 24 92 36 48 17 73 53 
38 11 19 93 45 85 86 93 15 13 80 12 34 2 43 4 5 7 48 52 23 83 23 12 87 60 78 48 63 95 1 75 14 7 46 41 91 42 59 51 
37 77 26 91 20 48 38 47 65 51 91 44 4 70 3 13 84 87 3 13 15 87 21 15 7 25 19 2 24 75 21 21 78 78 92 6 47 12 5 93 
14 63 85 32 39 37 14 94 52 34 26 4 88 82 62 6 53 12 70 55 63 32 1 77 15 98 19 21 13 41 96 68 96 22 86 44 85 21 76 33 
25 20 44 81 88 24 26 53 68 80 18 87 88 20 58 73 43 78 10 34 96 86 26 60 19 55 57 19 65 23 10 28 51 19 86 11 67 74 5 27 
10 19 6 29 11 52 85 24 91 97 40 42 5 52 38 47 65 7 71 1 83 64 15 64 80 10 76 42 12 95 58 4 8 49 45 62 35 23 86 95 
19 59 59 40 94 94 57 29 84 46 56 9 16 52 16 28 40 98 83 78 79 25 40 36 30 79 91 17 69 21 45 42 50 93 17 29 90 87 85 42 
54 79 17 39 67 47 45 45 28 51 31 5 50 14 66 35 77 28 8 11 96 89 4 15 94 39 40 42 95 60 49 67 8 68 59 8 22 90 4 1 
27 8 28 49 3 91 66 33 53 46 66 13 58 59 90 86 28 59 32 96 69 55 15 77 78 13 39 65 45 58 20 54 39 82 17 51 58 49 12 88 
44 64 66 41 32 49 63 90 6 23 92 51 79 63 80 21 30 97 42 19 7 93 32 66 87 51 57 75 43 88 13 4 56 44 92 42 93 26 37 79 
22 47 70 76 56 5 23 21 78 8 20 68 82 14 93 56 55 29 70 26 91 21 27 21 85 14 60 62 23 32 55 40 12 18 58 68 73 25 99 8 
69 35 34 2 34 82 49 39 1 60 4 51 73 76 57 70 45 28 73 60 73 66 39 48 76 18 87 55 69 43 99 63 85 96 39 92 32 99 45 22 
58 23 22 60 67 71 4 29 95 74 39 14 89 93 67 22 63 25 92 49 25 53 22 16 6 31 99 3 51 21 37 56 82 4 71 88 77 32 8 99 
65 59 31 4 59 65 15 29 33 20 12 21 51 22 11 13 12 88 95 1 12 56 34 7 7 62 69 14 37 80 69 5 65 38 24 32 4 73 21 69 
8 10 39 32 58 54 56 14 83 94 29 95 59 21 37 35 47 32 22 86 18 86 81 16 17 34 23 17 93 32 63 10 1 33 45 84 61 30 62 35 
37 56 37 28 79 88 11 26 72 6 78 84 29 27 65 94 25 41 28 53 32 14 57 73 14 44 15 68 86 66 41 36 1 80 59 80 21 7 59 91 
56 22 33 8 81 26 72 9 30 20 6 55 98 63 88 49 24 8 92 60 62 25 63 59 4 22 78 39 13 66 15 69 1 90 34 36 64 95 79 9 
36 53 14 16 78 86 31 83 66 1 84 61 59 87 83 90 98 87 12 94 90 76 89 79 95 97 43 31 66 50 31 14 91 91 15 76 7 3 97 79 
82 40 84 57 37 6 2 92 26 28 71 1 89 27 3 5 8 64 85 71 68 58 55 78 22 60 67 1 79 20 82 19 66 80 10 46 65 98 19 16 
86 18 43 19 3 39 72 15 48 33 35 20 65 77 14 34 35 16 31 22 77 73 65 7 18 30 3 30 66 36 68 14 37 76 93 87 5 11 18 61 
18 1 26 24 16 26 25 20 4 63 46 98 49 62 13 10 76 79 32 10 46 97 15 48 22 70 40 22 17 21 50 35 89 31 4 39 89 49 81 23 
7 29 62 72 29 42 56 9 90 3 13 74 77 15 34 75 38 15 70 32 98 56 72 49 67 38 91 4 5 8 8 79 31 40 8 52 53 79 88 48 
71 46 58 15 54 55 37 58 91 27 3 45 31 35 3 38 26 19 39 82 24 48 31 55 80 37 25 53 3 78 1 18 9 27 56 62 44 9 42 34 
37 7 76 32 42 97 94 63 80 8 21 57 91 97 39 7 38 18 46 10 59 9 31 14 48 90 77 66 20 80 91 14 59 62 54 47 99 11 24 58 
36 5 42 24 75 39 76 63 1 90 15 26 21 69 4 6 58 69 5 6 58 3 4 60 26 87 85 96 63 98 76 62 78 77 79 43 63 58 70 18 
79 96 36 69 39 5 99 32 12 24 2 15 51 74 79 27 93 31 82 8 73 44 24 55 34 21 85 67 71 6 78 82 54 47 83 86 64 86 41 63 
44 20 86 71 83 78 39 34 66 99 5 95 37 24 5 84 60 36 73 65 24 16 36 6 97 71 51 78 84 73 2 64 49 89 38 57 62 17 14 49 
85 26 40 36 51 96 82 67 44 4 26 26 10 67 65 82 79 63 94 32 11 3 37 10 70 47 43 97 4 48 47 91 99 76 7 58 83 53 97 15 
66 70 71 9 30 27 1 79 98 38 97 20 97 85 43 22 16 76 64 73 65 72 69 62 57 56 53 27 45 52 42 21 9 61 38 55 29 18 77 44 
59 67 59 27 90 21 65 35 39 53 62 38 16 16 36 95 69 79 17 19 96 16 28 12 6 23 13 38 17 40 74 31 41 31 88 29 8 56 92 25 
14 69 15 15 73 87 33 36 65 54 63 24 70 80 93 6 94 40 49 86 71 14 99 49 14 75 97 94 77 95 11 11 40 16 6 43 86 2 25 76 
97 73 19 59 51 41 63 86 77 95 89 76 9 73 71 83 2 74 93 59 97 81 60 75 39 53 53 69 20 94 52 89 94 86 85 35 2 71 43 16 
73 5 79 94 85 12 70 26 48 66 1 68 92 71 13 50 24 13 38 67 22 81 76 32 33 29 19 26 62 37 51 61 32 17 36 91 17 79 29 54 
58 2 74 97 32 49 99 55 36 84 16 68 25 83 46 33 88 35 53 92 18 40 38 20 38 87 79 3 88 27 85 71 55 81 64 14 73 65 18 30 
77 48 35 92 53 32 74 87 17 68 26 6 12 91 54 43 78 30 60 46 10 14 34 55 51 30 20 91 82 19 34 25 67 27 39 7 97 63 49 10 
7 31 55 96 88 22 34 71 74 25 89 46 77 10 46 15 17 48 58 72 89 48 76 8 18 89 19 47 58 52 76 75 89 73 58 45 75 9 81 32 
23 13 79 44 84 91 53 53 97 30 43 15 32 30 91 67 94 63 34 88 1 60 88 74 53 85 6 35 86 43 91 46 66 74 33 34 62 77 8 81 
27 93 92 25 7 78 93 9 18 36 43 29 3 21 54 21 85 72 78 30 2 31 58 5 25 48 58 29 51 80 9 32 62 91 68 74 43 1 53 97 
33 88 53 20 29 47 34 24 89 45 11 65 15 75 14 12 8 40 88 48 28 59 41 4 54 65 49 47 13 89 38 77 27 58 19 92 76 99 7 19 
24 65 27 64 84 90 23 88 93 97 4 20 14 86 80 48 54 77 85 61 68 71 20 10 88 64 94 71 80 26 36 63 7 85 32 31 46 72 7 82 
5 9 92 88 6 77 22 2 99 33 78 26 18 57 46 23 68 27 61 86 96 15 70 90 38 75 58 8 77 99 93 22 10 95 77 94 94 22 79 15 
86 56 18 3 26 23 3 20 64 9 90 56 72 62 54 10 82 80 5 14 4 94 31 58 70 48 28 65 97 57 96 39 82 9 40 1 89 6 48 5 
92 84 59 3 54 4 87 95 76 63 71 75 88 20 31 65 25 70 95 70 41 99 13 63 66 65 6 35 74 18 82 50 67 52 38 82 14 29 67 40 
41 96 57 8 62 8 65 11 65 12 89 6 52 14 14 68 8 12 65 24 75 34 26 3 25 36 52 35 28 94 59 39 71 58 41 82 84 76 12 10 
56 78 24 50 6 56 7 12 12 22 90 5 53 51 76 8 6 86 2 7 62 7 20 77 73 61 75 17 5 90 31 12 88 49 98 74 21 29 59 81 
69 8 38 48 87 10 91 90 84 14 64 72 89 26 92 97 58 50 2 62 41 8 23 25 35 41 52 92 92 40 90 27 47 94 55 63 51 92 40 80 
99 16 86 79 60 71 27 12 90 19 9 50 60 14 41 7 37 13 26 46 25 17 83 20 89 48 58 21 88 7 20 62 37 37 9 1 46 35 53 97 
98 60 39 49 82 45 94 64 23 54 80 39 12 82 5 53 57 70 56 90 45 83 35 4 23 45 1 7 73 72 33 58 77 85 60 90 18 56 58 61 
32 15 45 38 20 48 18 7 86 32 42 91 16 72 61 8 21 31 89 79 22 10 22 34 90 87 93 65 52 94 31 88 10 63 78 22 89 73 27 72 
33 17 23 12 64 97 7 84 43 20 25 99 18 59 89 28 56 35 16 53 27 74 52 60 68 23 38 87 46 8 34 24 37 36 81 91 63 7 34 55 
17 98 36 59 55 91 13 20 28 22 53 2 36 25 80 16 12 19 33 48 84 73 75 36 39 71 41 36 25 13 41 47 43 94 51 42 95 27 53 24 
74 45 85 19 94 22 73 85 12 46 61 54 44 66 77 24 45 63 63 36 10 39 28 70 54 50 87 43 67 49 15 60 21 13 21 12 53 33 68 52 
82 84 5 11 12 97 88 54 73 2 43 21 28 32 33 28 73 20 45 87 74 17 75 61 13 70 72 80 75 77 22 44 87 62 90 54 48 16 9 67 
44 14 59 8 46 96 6 73 41 61 1 35 72 22 56 45 17 79 62 47 6 74 22 41 21 51 47 93 70 20 11 16 23 61 98 32 84 92 50 4 
23 97 59 23 14 83 86 83 1 93 30 53 35 64 93 23 70 21 44 66 51 25 2 94 40 27 19 39 82 30 8 65 90 48 34 56 36 31 49 67 
5 39 7 13 22 94 85 9 88 58 59 63 47 46 21 53 21 34 90 3 41 51 41 19 70 64 3 72 91 83 4 42 74 18 66 99 56 52 94 72 
79 65 7 35 42 44 29 42 21 7 13 55 29 73 52 53 48 46 33 28 59 61 4 47 81 80 32 36 74 87 88 68 5 74 16 44 38 24 7 26 