40 37
47 48 31 20 20 41 65 18 1 6 17 6 90 9 49 25 61 50 53 94 40 92 43 94 57 79 93 81 37 78 63 54 80 11 90 92 76 30 42 53 
51 31 64 71 38 83 63 67 44 10 53 5 44 21 18 99 47 10 12 42 75 81 99 74 83 59 45 44 33 60 12 43 90 75 66 68 32 82 42 2 
46 18 26 71 12 47 85 23 49 75 96 2 47 6 99 33 83 33 9 63 99 95 99 23 64 83 77 40 3 44 16 15 8 63 44 71 71 96 95 14 
83 21 69 3 51 25 82 71 53 44 43 40 10 65 48 61 68 45 37 25 54 32 25 32 24 92 44 48 86 56 75 18 70 73 29 46 6 30 97 89 
49 85 24 84 9 59 28 33 94 56 42 81 71 71 85 4 18 54 20 28 22 96 3 14 63 13 38 12 87 2 49 88 28 37 41 28 97 21 28 56 
17 30 76 95 38 68 90 30 76 75 98 8 12 51 58 24 81 43 98 92 65 45 73 75 19 21 76 53 87 12 49 55 54 69 59 20 47 74 90 11 
48 52 5 33 3 80 20 31 74 87 93 48 6 72 60 9 2 49 68 16 35 48 85 71 5 60 25 49 52 11 61 29 42 82 46 66 56 83 27 22 
42 50 37 91 87 10 94 48 96 42 44 8 64 58 16 9 66 11 22 50 72 33 81 59 12 59 17 94 92 48 33 62 18 32 24 37 11 14 20 76 
91 96 96 34 84 42 14 3 59 31 4 54 8 90 42 81 87 51 70 66 63 2 67 66 31 28 25 95 57 17 11 26 9 22 73 13 37 68 34 7 
14 15 21 10 67 37 99 7 31 93 77 77 84 8 17 54 55 66 65 5 24 38 72 64 23 36 85 84 46 98 33 93 92 79 83 15 19 54 63 17 
67 15 64 83 51 51 98 7 1 6 27 1 39 98 42 88 24 38 95 40 96 95 14 56 91 52 20 99 27 31 20 99 66 77 2 73 29 31 99 88 
74 62 68 90 84 78 89 25 75 50 62 63 37 65 98 23 18 22 56 19 7 47 8 82 36 32 74 52 79 2 19 63 77 19 3 24 17 15 23 49 
27 63 60 12 62 59 15 60 72 56 81 51 58 44 39 48 54 68 66 7 92 67 23 41 34 58 29 33 50 46 99 38 28 15 60 89 56 22 14 45 
65 66 39 87 66 22 12 34 81 86 59 20 88 39 51 23 65 36 31 69 60 11 42 60 48 9 67 61 24 69 98 24 16 7 36 74 96 10 49 45 
11 1 27 74 43 15 66 11 40 60 65 51 23 94 14 45 46 39 67 32 7 13 20 92 64 66 30 27 64 10 97 59 64 98 66 15 1 49 5 34 
99 53 94 87 62 21 88 35 77 95 73 34 61 37 57 6 68 72 23 85 14 73 74 41 66 27 47 17 24 16 45 74 19 3 91 22 83 63 85 57 
1 62 28 40 24 98 56 64 42 37 33 13 97 69 35 27 22 76 95 88 74 75 21 76 91 12 2 24 7 62 40 45 38 47 79 83 31 8 45 66 
98 73 28 29 33 67 71 88 66 51 66 32 61 91 7 46 14 32 72 12 67 4 64 46 76 19 49 64 44 61 26 2 59 63 12 69 14 96 88 23 
35 34 69 87 57 61 91 43 50 31 84 92 99 65 36 41 67 73 11 67 51 24 15 42 66 10 68 14 23 74 19 29 82 37 64 64 38 58 9 4 
93 40 32 83 71 88 38 91 61 54 54 40 3 58 68 38 36 55 65 2 77 3 70 5 69 77 16 68 26 26 18 16 85 32 75 92 15 72 32 89 
73 55 1 19 52 37 18 66 49 18 15 25 74 71 52 89 20 91 99 37 43 50 24 47 87 33 15 55 3 62 11 50 9 38 91 14 49 92 17 32 
32 52 96 13 54 12 16 71 40 15 85 2 70 45 11 80 40 46 20 43 28 62 82 67 60 3 9 79 58 38 68 65 52 24 65 44 69 44 91 3 
53 48 64 81 71 41 15 84 39 42 47 66 34 69 50 49 17 76 85 80 8 35 6 99 9 80 42 30 78 8 47 9 62 79 24 88 88 87 19 16 
14 59 96 15 23 19 95 18 36 17 51 98 84 6 1 87 93 15 94 91 27 50 41 92 7 97 38 83 43 58 78 93 62 75 30 17 52 73 98 47 
39 63 31 26 43 49 19 29 27 94 46 45 77 1 23 94 35 9 7 67 78 61 73 97 70 70 77 49 91 84 74 40 66 46 90 25 34 4 17 7 
3 19 55 66 71 46 62 59 69 10 24 5 20 58 95 11 35 86 51 65 72 44 76 25 35 4 51 46 22 20 93 23 48 15 20 36 53 58 1 3 
48 6 27 9 76 54 80 5 76 6 27 2 22 6 57 98 43 21 75 61 25 47 69 54 2 1 26 2 24 2 66 13 28 41 90 95 52 54 65 5 
83 88 83 95 66 46 95 51 82 62 72 13 2 95 3 25 26 1 59 1 60 16 66 4 91 28 56 33 37 96 98 26 16 6 82 58 71 65 64 36 
47 59 92 7 70 16 27 61 27 75 48 45 92 63 75 92 62 1 65 58 75 12 10 88 68 66 27 61 15 48 95 80 74 81 82 98 4 76 19 80 
51 63 71 47 14 65 98 42 73 26 86 56 5 99 94 15 83 68 63 57 92 62 68 21 98 65 63 13 6 85 75 96 65 62 65 36 94 45 90 38 
9 79 11 83 19 22 88 19 64 76 88 22 56 24 57 24 22 10 53 11 42 19 7 18 17 26 2 79 85 89 72 91 66 31 76 65 54 10 7 22 
48 53 23 97 76 7 96 96 62 74 62 67 44 43 75 30 30 72 28 21 23 94 78 92 36 18 48 27 69 20 79 84 22 93 29 81 42 22 93 74 
41 88 39 19 73 30 43 12 18 88 56 78 51 27 84 35 72 74 75 41 51 80 27 7 89 93 7 69 63 12 92 82 20 44 29 78 62 52 57 12 
87 34 54 40 89 90 1 12 35 98 95 72 30 69 23 55 19 21 23 53 83 18 31 83 32 99 73 8 42 3 75 94 31 92 7 19 83 64 85 40 
90 13 59 14 89 99 61 7 35 54 92 84 98 81 84 36 25 95 23 10 15 51 55 18 92 20 98 23 69 4 31 74 26 49 15 70 36 40 70 81 
64 88 48 90 27 72 45 80 83 40 90 86 75 65 77 18 13 50 93 41 59 55 58 9 41 58 23 83 85 43 49 9 12 71 99 59 37 46 96 31 
31 35 57 73 95 60 65 65 83 40 29 84 55 89 81 61 75 65 95 81 61 79 19 46 96 17 66 86 72 52 25 18 62 67 21 1 97 69 17 38 