40 372
89 52 41 99 69 3 30 20 48 83 73 65 37 42 46 38 3 59 3 15 58 17 28 82 99 96 67 50 39 22 45 74 73 86 43 55 30 95 3 69 
18 20 31 37 37 46 87 27 33 12 9 88 8 78 55 38 20 40 98 62 66 19 20 61 36 65 97 6 91 33 20 37 26 66 95 45 76 79 5 68 
61 57 71 98 73 30 70 40 15 31 33 13 90 47 31 1 73 95 38 49 8 27 32 75 33 72 48 64 99 81 43 29 88 12 38 44 68 59 49 35 
25 2 11 46 45 68 33 63 32 78 20 42 48 35 34 5 61 10 47 45 66 19 43 99 6 8 36 32 39 74 89 93 39 28 6 48 73 98 64 49 
95 38 42 65 45 40 20 20 98 82 5 97 96 33 54 59 69 25 43 6 30 14 81 45 4 21 81 31 82 7 59 32 92 74 37 8 54 8 17 84 
32 72 82 60 56 71 15 50 20 74 81 6 52 58 18 2 59 81 9 95 94 8 72 72 24 38 38 23 51 58 93 48 53 32 96 58 84 22 87 10 
1 2 60 83 65 56 60 13 39 69 39 4 58 72 45 27 7 5 16 98 51 80 12 77 46 12 57 14 79 32 56 24 88 94 23 50 30 98 92 92 
78 47 24 44 71 18 18 25 7 44 51 36 49 60 52 53 36 10 50 2 97 2 51 78 8 44 97 95 86 6 21 57 5 59 54 47 75 93 77 61 
73 76 5 47 18 25 49 43 2 59 37 19 75 12 46 77 83 38 80 64 91 7 90 53 18 94 54 61 71 9 99 7 73 87 42 33 32 52 26 8 
79 71 61 40 36 94 96 77 76 92 5 73 49 22 59 27 13 71 55 42 32 87 82 87 52 66 4 65 1 4 35 77 91 68 15 17 31 71 63 6 
85 81 80 45 50 37 25 1 57 67 86 87 62 75 52 80 77 30 60 17 11 76 7 34 96 83 15 28 36 29 95 94 31 78 92 87 33 17 93 29 
55 62 40 51 6 27 73 45 80 51 14 82 40 42 74 86 69 47 39 66 34 48 67 55 17 82 61 4 74 2 60 73 80 88 32 26 46 87 96 27 
16 25 95 89 25 37 45 98 82 84 60 39 74 71 79 51 97 84 83 72 18 89 6 41 2 70 35 92 78 62 33 98 91 29 53 11 24 55 47 11 
17 31 46 79 41 65 15 94 55 72 24 51 85 97 62 56 47 31 54 25 28 68 91 10 26 52 70 17 23 42 45 71 62 4 2 1 56 77 82 22 
50 64 12 41 89 67 90 50 34 58 5 33 86 86 5 81 23 44 80 99 5 18 45 59 13 15 60 11 85 70 50 80 36 15 81 64 42 65 85 21 
83 74 68 43 76 60 49 75 80 47 3 9 33 43 41 61 84 3 10 79 6 35 36 84 9 80 43 73 74 80 30 31 33 75 21 94 97 87 8 59 
11 76 22 34 90 42 98 12 28 23 31 42 67 63 95 27 16 75 55 94 99 25 90 4 92 92 79 45 3 75 38 30 25 73 60 53 25 74 63 70 
3 33 25 47 55 58 82 68 64 84 73 98 23 70 20 46 88 93 48 45 36 28 44 32 39 98 54 22 32 46 52 43 28 19 64 26 15 94 24 9 
3 3 81 49 20 91 53 65 37 89 35 81 52 58 89 97 88 99 12 78 41 55 65 10 63 94 60 57 69 65 59 56 7 24 61 7 7 32 34 1 
58 91 54 20 24 18 66 34 55 86 8 55 17 10 28 15 13 28 36 21 69 17 22 59 84 15 56 24 66 15 87 22 57 47 61 46 76 99 59 58 
6 61 34 48 54 19 46 61 41 44 41 95 28 17 89 41 13 96 40 40 22 21 84 7 94 81 42 5 71 55 44 87 64 41 56 95 78 32 99 46 
89 77 50 8 55 52 26 74 99 92 48 37 45 81 28 21 29 81 91 70 27 70 10 55 93 62 7 61 30 87 75 52 63 76 28 70 10 42 18 12 
56 38 90 48 66 76 19 81 18 11 91 91 91 40 30 38 30 69 21 38 9 86 84 15 60 88 43 7 27 61 76 11 60 90 40 64 28 41 26 98 
49 83 40 55 93 50 90 98 5 47 14 28 59 99 24 34 7 81 80 12 81 7 82 36 59 17 64 76 3 66 26 37 35 10 31 24 4 26 8 87 
18 86 63 9 34 43 42 46 21 63 84 55 54 21 16 88 70 70 50 21 25 77 81 73 3 11 72 11 31 80 53 62 53 92 73 21 7 30 94 91 
10 61 74 24 3 73 56 6 77 31 64 6 92 8 4 12 23 26 72 4 3 34 67 58 66 62 50 5 50 45 47 55 15 53 84 40 47 39 30 50 
41 25 52 72 75 12 34 42 99 62 66 12 37 67 28 2 23 68 11 21 37 28 66 42 20 11 65 62 49 6 96 13 18 62 74 72 26 70 77 70 
83 27 45 19 53 16 47 17 18 21 89 88 88 18 5 57 35 95 38 91 64 28 20 83 9 96 89 80 1 1 38 69 50 98 61 97 79 45 14 9 
71 7 38 62 30 86 64 83 49 91 88 11 58 68 77 7 38 83 23 31 70 54 43 31 49 64 7 77 24 21 56 6 37 68 70 50 63 82 13 75 
97 99 6 76 42 92 93 29 60 80 4 21 59 48 39 1 28 66 56 62 91 97 53 18 48 17 85 69 27 55 8 85 19 56 37 18 85 92 85 62 
10 32 62 77 96 11 31 60 13 60 90 41 34 49 52 30 45 73 10 50 70 55 38 67 80 25 8 47 2 35 92 45 17 8 14 3 81 22 32 42 
70 37 56 37 10 33 72 11 64 14 71 86 37 45 48 93 94 36 29 24 65 96 95 80 77 17 3 68 60 41 2 64 10 35 57 74 32 40 62 35 
67 57 42 4 29 49 31 91 68 51 22 11 44 61 94 92 11 75 34 95 12 44 84 28 21 32 40 70 71 37 73 12 18 53 19 20 17 34 85 84 
1 57 70 54 27 90 70 33 25 76 78 43 23 69 46 83 59 48 63 93 65 36 35 4 71 92 51 67 62 54 10 75 63 13 40 39 1 2 12 61 
81 70 19 74 63 27 39 1 55 16 50 2 22 12 92 93 35 74 19 93 98 27 41 95 25 25 79 2 22 88 29 93 38 55 23 93 15 64 46 24 
12 27 7 72 70 28 96 92 93 30 93 29 47 74 60 39 3 77 71 37 86 36 47 89 10 71 4 96 16 44 73 94 42 56 46 74 32 38 92 41 
32 49 9 41 61 38 6 79 64 22 22 87 18 17 26 97 62 19 57 18 57 30 32 17 21 30 50 41 63 88 90 59 19 96 75 10 38 58 5 54 
98 88 63 5 6 71 79 18 8 57 19 99 15 12 6 20 1 68 8 45 23 37 38 39 37 58 35 12 13 28 29 91 57 53 77 80 64 22 88 76 
16 35 9 4 52 28 23 59 20 87 65 30 31 82 18 13 61 12 43 95 57 69 34 20 32 7 97 94 89 45 39 87 54 4 13 12 86 79 48 76 
98 45 87 49 52 48 66 64 6 95 54 98 43 93 74 36 57 55 12 13 60 31 17 75 85 95 64 9 96 68 84 96 25 46 79 84 51 15 93 16 
39 37 82 79 48 71 64 83 64 18 79 23 81 89 5 90 12 78 81 43 96 28 28 67 91 18 97 81 9 15 53 48 9 47 11 69 70 81 61 31 
73 41 12 55 39 87 70 88 49 32 64 92 18 66 60 16 39 67 29 38 76 13 78 5 55 44 51 63 33 59 36 91 11 64 16 56 70 93 2 57 
73 32 30 6 81 2 60 33 16 63 7 36 5 9 18 93 18 24 15 83 46 77 9 99 76 48 71 78 16 76 91 61 21 60 83 29 59 62 6 2 
1 94 3 15 76 60 8 45 39 10 73 87 97 81 79 46 88 77 64 81 66 34 32 42 46 50 27 90 14 69 65 50 77 79 67 98 47 85 22 8 
38 87 76 1 38 24 39 80 38 33 5 87 68 5 62 2 32 65 96 84 49 17 2 34 39 66 14 60 88 85 22 82 23 33 22 51 16 53 62 50 
29 9 36 72 34 22 7 89 47 8 99 75 51 56 32 65 71 33 75 30 29 1 43 99 40 5 29 30 38 10 29 33 55 32 24 99 77 94 1 66 
78 67 50 44 21 1 78 97 80 41 88 85 43 14 98 6 14 81 79 50 65 58 99 10 69 77 34 31 89 51 94 8 16 18 58 40 32 80 89 16 
84 84 10 18 15 46 54 71 37 89 80 73 11 51 44 31 83 49 24 46 37 92 4 76 39 84 32 61 13 18 75 2 56 60 88 7 71 37 22 39 
68 89 28 47 37 80 94 7 16 39 5 84 94 54 27 17 53 74 34 7 36 39 52 74 21 74 7 66 93 40 58 73 91 74 89 93 70 55 95 10 
70 34 41 38 66 11 54 33 77 22 32 39 49 71 30 31 55 23 83 8 41 18 8 2 66 56 76 36 38 91 30 36 8 39 20 26 18 88 87 43 
66 97 87 53 53 90 96 47 9 46 23 11 72 76 22 78 95 54 42 41 97 64 4 84 98 32 52 6 92 22 78 72 55 8 7 70 14 12 87 73 
54 60 44 60 1 62 37 76 41 42 35 40 15 95 73 56 39 83 12 29 94 60 28 79 71 1 65 83 47 75 19 12 69 89 61 25 74 45 59 61 
29 70 88 65 86 82 1 82 84 56 8 11 53 91 95 92 7 95 32 52 39 75 5 64 2 56 34 72 55 77 85 29 56 25 25 1 42 8 89 85 
73 31 26 51 6 17 89 52 39 52 89 58 61 85 86 78 30 27 14 69 14 83 99 51 37 23 72 25 88 82 91 53 55 80 54 53 28 14 13 9 
4 88 24 61 31 30 38 70 35 20 20 68 52 15 31 28 84 53 36 19 94 6 10 32 46 35 68 97 22 53 42 14 65 7 63 29 36 63 24 22 
44 44 7 17 78 12 18 43 75 22 77 4 64 14 91 27 84 50 1 99 34 35 74 1 93 66 83 39 18 25 4 88 53 3 63 64 57 26 61 43 
89 61 68 96 29 89 27 21 58 27 1 39 13 94 28 78 48 17 16 39 94 32 12 57 82 52 67 43 82 41 86 41 48 17 42 7 8 97 53 96 
84 28 97 71 99 66 86 55 57 82 29 72 22 81 89 61 12 35 98 7 42 20 42 48 83 60 42 43 44 67 76 20 85 95 35 37 58 63 70 92 
90 96 13 82 70 11 15 30 65 7 65 25 1 27 68 60 83 19 3 24 35 24 24 30 28 60 43 1 39 95 80 86 58 5 59 48 9 54 63 63 
86 21 85 11 82 80 59 56 88 34 90 53 86 25 69 48 61 47 14 23 58 70 83 35 10 90 12 16 11 16 2 87 62 74 32 82 44 86 40 13 
21 55 99 65 38 51 97 7 48 39 59 29 9 24 26 6 56 82 37 7 96 49 94 89 22 73 93 50 44 14 78 53 84 35 49 3 48 80 4 60 
42 95 47 19 94 69 66 86 96 46 63 93 58 10 9 57 97 43 6 24 92 98 19 24 73 38 68 59 83 22 37 46 76 45 17 51 24 35 9 37 
52 35 76 72 88 21 43 8 49 27 79 33 36 50 79 39 66 12 74 71 27 16 74 36 1 46 96 35 25 63 19 34 78 92 31 47 69 25 97 21 
5 93 58 34 48 88 3 72 70 56 27 89 73 59 64 57 97 1 29 10 34 36 11 59 35 32 26 57 70 79 62 80 88 95 69 80 61 41 41 12 
6 3 43 43 31 50 11 99 69 31 87 92 84 92 81 35 85 27 84 36 64 28 68 82 23 77 63 63 99 11 55 22 57 39 30 99 61 46 35 26 
93 55 9 19 32 32 98 17 26 38 97 69 22 59 63 62 44 70 77 56 24 61 24 33 59 81 65 50 82 44 77 3 63 31 22 12 28 21 38 25 
6 46 9 22 62 71 10 61 81 30 46 11 13 10 97 46 80 43 24 25 66 58 19 42 11 74 88 95 63 49 15 68 54 8 96 49 73 69 5 69 
8 8 33 93 49 55 43 84 91 78 62 5 67 85 62 43 30 75 5 21 14 60 31 89 54 92 88 52 80 7 65 7 59 37 57 4 38 23 82 57 
52 73 69 88 60 25 47 4 96 97 73 19 33 71 23 17 13 76 44 96 44 35 84 23 6 32 81 46 67 99 50 37 41 23 80 3 93 82 77 38 
65 75 33 87 66 99 55 95 49 58 29 69 76 58 50 8 43 20 73 30 45 8 41 9 30 86 21 56 63 89 15 23 3 37 60 96 70 46 37 65 
62 10 80 20 2 6 78 67 95 92 81 43 22 15 32 83 98 1 17 7 45 80 63 8 98 57 35 52 74 36 49 53 58 31 74 10 95 92 19 91 
8 88 93 71 35 33 10 57 85 47 23 48 75 89 12 33 63 71 30 87 19 51 71 76 84 73 12 82 83 75 65 33 13 45 43 92 1 32 61 77 
51 14 88 31 83 42 6 31 83 85 77 19 64 2 55 8 98 73 92 45 3 39 5 27 58 99 79 36 60 70 18 98 93 16 97 84 93 41 52 78 
37 34 1 78 46 21 34 13 98 9 60 61 3 6 23 19 98 42 77 5 54 91 40 44 83 79 25 55 41 8 77 5 94 78 45 11 27 22 92 50 
83 42 1 42 7 44 68 78 80 84 68 7 84 8 61 33 48 83 71 14 30 2 58 34 44 82 18 50 79 15 17 93 91 82 76 24 4 69 8 85 
33 62 44 69 32 50 79 96 53 32 59 62 33 52 7 51 59 50 1 55 31 36 65 10 34 10 22 48 88 60 87 35 61 51 18 72 95 51 6 60 
66 95 85 28 64 43 74 32 67 64 37 41 7 90 77 21 38 11 6 69 66 26 24 98 78 71 53 60 31 64 27 85 88 9 24 53 29 86 47 15 
63 23 50 49 66 17 90 21 6 32 90 74 59 11 74 50 21 60 17 36 40 91 46 64 28 6 32 13 17 83 11 54 63 10 15 36 65 18 12 36 
81 45 67 87 4 52 29 81 87 90 82 78 35 53 57 97 54 15 38 78 61 60 92 84 84 13 88 55 36 2 83 62 74 3 80 68 68 72 5 25 
66 89 75 21 47 33 36 12 97 48 5 15 20 68 89 47 50 49 51 30 10 45 85 13 43 16 78 26 34 25 54 62 64 89 93 51 21 95 45 88 
58 6 45 93 8 14 54 69 86 51 15 42 60 65 25 76 24 86 68 66 91 20 35 63 14 40 89 56 8 42 59 33 7 37 60 86 45 42 70 78 
65 8 64 66 24 62 16 67 80 89 3 52 23 95 9 74 37 9 30 54 81 65 24 35 60 68 68 11 39 69 25 27 28 83 35 48 57 25 6 61 
73 69 28 65 98 41 34 22 6 42 60 45 20 90 38 91 51 37 35 91 94 44 41 88 18 52 86 19 92 68 38 64 54 13 96 2 39 97 86 49 
21 29 12 78 12 29 9 20 80 48 32 47 20 73 64 74 86 52 19 84 4 2 7 70 48 63 51 79 14 92 84 56 83 99 97 77 40 86 52 10 
12 71 64 45 56 91 4 28 49 16 61 5 12 45 33 68 68 48 89 79 3 32 3 9 57 19 70 40 77 20 16 61 21 94 35 84 52 50 27 92 
26 13 18 82 29 52 59 42 79 81 41 37 23 12 52 50 45 91 8 95 6 75 16 69 6 9 20 62 28 77 36 95 61 13 93 16 21 21 39 92 
28 32 42 46 78 88 96 13 88 29 5 38 59 54 46 15 6 98 84 34 54 61 78 45 49 9 40 50 2 89 66 68 5 5 45 59 93 47 46 24 
93 41 97 48 64 93 90 55 81 35 24 63 45 67 29 29 82 18 56 6 74 20 4 63 87 28 96 83 2 97 78 43 85 35 79 49 99 47 8 4 
96 58 70 46 94 98 48 23 42 94 75 54 83 88 80 31 44 84 35 36 66 31 52 30 51 58 57 65 95 76 41 67 91 79 69 50 62 82 69 91 
82 89 20 3 1 80 54 91 15 58 35 24 30 4 28 12 96 93 4 14 56 35 40 9 53 89 20 21 13 33 11 45 4 5 82 81 38 1 71 20 
19 80 53 10 15 36 10 10 15 43 58 25 78 84 27 51 16 41 57 89 62 22 37 79 47 99 7 64 12 5 92 74 5 66 41 18 40 34 88 29 
15 36 93 3 74 44 61 47 60 97 42 69 92 87 54 90 30 42 14 76 9 97 82 45 10 99 32 24 93 8 5 39 14 68 84 49 58 87 88 68 
35 89 45 78 57 61 38 85 25 65 58 94 29 86 15 8 6 26 86 38 31 65 82 15 63 61 83 61 8 80 74 34 40 12 71 5 62 93 35 12 
81 32 26 24 61 47 1 80 22 89 12 66 14 6 87 7 29 54 41 50 8 23 65 43 20 48 37 94 87 81 1 17 78 91 72 49 12 77 66 38 
31 1 14 85 13 13 58 3 58 24 4 19 18 59 20 6 96 75 7 78 62 23 62 86 9 43 53 94 6 51 96 89 75 47 68 62 2 93 20 57 
96 56 39 9 70 75 49 45 74 22 72 31 88 60 45 89 53 25 24 8 46 59 46 49 20 5 32 6 96 36 14 8 33 55 77 89 11 44 21 50 
66 64 74 2 58 95 45 89 46 77 4 56 22 13 36 16 25 27 42 44 52 26 77 17 63 39 97 29 37 55 87 20 72 48 7 34 11 51 83 78 
23 24 54 6 94 11 16 30 29 58 74 45 91 87 15 1 29 39 90 29 80 34 35 49 46 90 74 27 45 19 73 40 50 3 15 81 29 55 6 70 
80 7 44 49 35 82 74 90 88 61 97 98 56 6 79 14 32 14 68 39 86 94 68 14 44 88 87 76 90 27 37 41 73 10 49 29 69 59 32 76 
76 32 57 14 79 11 69 83 81 28 25 72 30 3 79 87 85 59 64 69 97 7 19 21 16 62 96 99 46 26 65 98 75 44 29 64 99 40 18 29 
19 42 81 5 66 78 51 48 73 11 72 22 80 72 99 22 5 73 16 43 23 95 26 91 39 48 74 83 53 29 30 16 60 66 48 3 30 9 65 80 
8 23 37 42 9 65 55 48 92 69 48 93 46 97 73 40 56 72 19 78 21 16 90 70 45 66 99 24 77 52 60 73 58 60 20 73 59 8 97 39 
76 82 80 77 78 72 26 70 18 8 20 36 28 63 14 20 95 95 12 79 46 33 82 90 9 32 68 50 58 52 76 33 1 79 58 64 92 67 26 25 
3 79 81 30 26 70 37 20 17 59 92 86 89 6 34 86 25 37 15 75 39 8 98 63 74 65 69 40 4 2 89 8 2 88 76 31 69 46 92 93 
74 98 39 60 89 27 70 18 74 44 58 79 99 1 27 63 61 10 71 43 21 13 26 59 88 41 1 17 72 32 48 24 85 19 9 17 21 8 88 46 
59 77 92 59 48 82 45 15 53 48 3 66 15 8 92 87 61 83 80 42 39 62 25 70 83 41 4 66 17 59 20 94 82 88 66 61 82 73 19 39 
75 29 58 54 96 94 20 84 79 95 94 58 58 93 60 88 9 34 91 30 49 19 76 15 79 79 20 68 51 38 90 78 9 14 68 19 73 3 11 8 
35 5 81 30 92 72 50 64 17 75 24 46 78 26 2 54 66 75 43 15 15 66 71 63 44 20 42 45 19 68 4 69 31 3 28 47 10 18 36 87 
83 99 52 49 87 38 63 95 88 20 98 44 72 69 45 62 40 72 47 69 22 59 46 92 33 21 96 26 98 3 2 77 97 17 11 31 99 21 38 64 
57 31 87 72 49 81 93 92 72 23 19 83 97 58 88 3 14 61 66 77 29 59 91 8 48 41 60 37 15 65 19 96 48 43 58 43 21 90 66 66 
76 64 3 98 44 60 94 15 50 2 19 88 77 83 29 75 91 75 28 79 6 8 18 51 71 15 82 65 35 43 11 56 32 20 59 53 62 52 88 62 
99 7 87 1 18 33 88 18 4 88 57 95 53 17 52 98 77 65 10 35 43 23 22 49 63 84 22 9 2 97 64 59 56 62 53 82 5 97 83 61 
80 78 75 49 29 80 89 31 47 79 9 54 73 78 12 13 99 36 23 50 29 93 7 65 58 10 86 10 6 6 20 2 35 43 43 48 14 2 4 69 
38 96 65 74 42 29 68 88 78 11 84 5 23 78 65 92 89 63 75 72 41 53 67 65 4 34 31 5 79 92 61 46 55 18 33 27 14 29 66 48 
22 72 47 75 2 84 92 96 9 35 62 2 83 80 44 84 41 83 22 92 70 48 23 95 68 64 24 44 63 67 28 89 38 30 92 6 2 3 27 4 
38 14 63 12 83 37 2 98 62 49 2 39 58 93 82 37 41 38 11 10 66 86 56 94 67 47 44 30 18 77 21 22 83 91 47 55 42 3 2 82 
36 4 85 53 87 41 58 16 12 66 79 43 93 84 43 16 29 79 55 10 46 86 54 78 62 11 67 59 54 77 35 88 18 3 69 96 41 70 85 21 
80 44 69 77 71 18 24 67 97 74 70 39 97 81 78 86 57 25 42 96 34 91 76 4 6 17 95 83 29 8 23 97 15 99 75 59 23 21 39 72 
41 16 48 51 45 80 41 34 25 75 3 78 15 11 21 46 28 18 14 91 7 43 69 60 83 25 44 48 62 52 72 16 61 16 37 33 67 32 95 91 
48 57 17 91 82 25 9 81 49 97 35 33 56 19 39 83 16 65 88 90 43 78 37 87 38 12 31 27 15 85 53 41 74 46 85 8 95 40 96 44 
98 88 70 25 39 44 95 63 77 60 35 62 92 58 24 43 67 71 95 17 38 64 87 80 87 42 71 66 70 19 47 2 3 20 97 90 60 18 90 4 
36 17 27 71 75 5 6 30 60 62 34 64 41 83 24 59 61 92 75 91 69 11 43 22 1 60 17 29 38 21 27 34 38 14 82 59 84 90 7 89 
56 2 2 75 48 82 65 79 8 41 62 5 11 29 14 80 21 15 60 50 45 59 43 53 88 62 39 14 35 32 71 44 44 73 25 55 44 43 7 51 
43 6 42 49 27 51 57 83 57 7 61 93 33 13 3 2 39 28 16 3 76 79 25 17 15 44 77 73 76 46 93 74 36 21 38 22 45 73 35 63 
78 51 54 22 63 5 20 11 95 72 71 8 46 48 77 75 3 97 36 9 68 52 58 1 58 34 10 96 51 79 4 40 80 68 5 34 67 74 43 75 
38 36 14 63 55 92 32 75 71 21 99 79 40 55 73 80 60 3 9 58 31 6 57 64 68 28 26 44 41 6 8 73 43 35 46 32 3 61 24 65 
62 29 21 14 12 85 18 93 64 46 97 21 38 89 29 27 41 77 45 99 74 11 48 68 18 57 23 43 86 72 57 75 50 64 41 60 65 55 62 6 
98 62 19 54 34 5 18 59 10 46 95 12 66 76 96 86 81 49 61 32 42 9 15 74 89 89 29 26 29 94 37 18 96 37 55 61 18 64 79 5 
51 62 14 36 92 52 66 40 76 45 49 51 1 26 31 58 19 75 79 81 89 14 3 20 38 28 74 52 80 22 48 7 49 90 7 25 72 51 33 2 
41 77 87 13 82 24 60 98 8 80 60 51 90 75 13 59 5 20 87 79 59 36 89 71 83 31 34 10 56 53 94 28 69 83 28 52 13 34 25 30 
89 79 89 27 47 91 75 39 78 10 4 93 57 20 54 85 92 61 29 30 36 19 43 92 76 55 1 90 99 31 68 43 67 57 13 29 92 36 35 29 
54 85 21 45 9 87 15 12 63 62 67 73 74 95 81 11 59 76 35 18 87 65 1 32 60 41 48 8 44 99 92 11 56 52 47 88 54 28 7 44 
87 73 72 84 92 51 11 52 32 86 92 79 81 93 56 16 75 32 59 52 25 52 70 1 92 69 67 31 38 91 93 26 81 73 99 83 54 50 59 50 
33 54 97 28 81 73 49 37 88 73 34 29 86 40 90 69 69 1 57 5 95 25 71 11 94 29 79 42 34 51 62 64 71 46 5 81 51 70 77 72 
6 15 58 20 37 65 2 72 86 71 78 25 20 31 22 7 20 79 6 19 59 49 31 83 3 11 3 86 48 81 2 71 38 30 87 60 32 88 17 5 
61 19 26 61 11 20 66 72 50 44 78 46 94 24 16 77 47 54 50 61 66 34 40 50 21 95 77 16 19 93 99 8 10 29 18 14 64 38 10 85 
50 31 29 51 49 20 62 86 52 3 43 83 77 47 36 32 16 60 21 5 71 29 16 51 56 69 36 20 11 76 94 47 63 28 76 20 67 47 10 92 
83 68 52 74 81 31 78 26 78 34 77 96 94 94 70 15 61 35 19 97 68 68 20 25 36 60 89 50 81 37 57 75 12 57 33 12 36 49 90 37 
7 68 77 29 19 82 83 64 58 12 66 26 98 21 94 43 95 29 47 25 75 99 60 97 65 37 98 73 64 85 68 54 45 51 97 95 68 17 19 14 
19 86 94 39 46 1 20 41 16 32 42 18 98 42 64 39 51 24 9 2 89 40 65 93 12 49 39 66 24 25 51 36 21 81 82 49 7 22 42 28 
41 35 64 91 93 15 85 79 45 55 57 26 85 98 75 46 66 84 48 63 48 37 80 48 84 15 60 63 26 71 1 91 11 26 48 86 59 39 96 1 
76 32 96 47 97 4 18 29 61 31 51 1 85 97 6 36 90 63 50 78 19 3 12 13 43 50 35 70 30 25 39 56 30 79 59 22 6 69 71 37 
21 81 93 21 18 58 61 24 54 53 29 37 29 40 53 58 21 91 38 13 2 24 30 45 17 91 19 9 58 69 58 23 11 45 33 74 40 70 46 92 
30 29 21 8 71 36 14 46 34 40 41 90 37 72 19 63 66 22 79 43 13 73 18 53 91 78 11 60 83 54 13 26 11 78 16 93 90 17 28 8 
58 20 54 46 61 49 95 34 6 30 8 92 47 82 53 24 11 78 63 49 97 24 81 8 18 29 66 88 83 45 61 13 82 61 1 84 66 55 70 27 
1 27 9 5 45 91 48 64 53 46 39 85 78 66 57 61 57 76 81 58 42 17 88 93 20 3 50 94 7 38 57 93 15 94 64 32 67 52 4 93 
38 78 45 38 70 80 70 85 92 83 15 13 93 14 20 56 57 13 63 91 72 50 84 61 72 85 91 78 3 97 66 34 33 36 17 41 67 42 64 27 
21 83 90 47 83 61 91 60 35 29 33 53 34 15 27 78 54 22 50 52 85 12 50 57 18 72 22 1 83 64 8 41 13 40 93 80 22 25 86 24 
46 55 96 23 92 86 67 69 45 82 64 8 93 86 1 87 37 7 39 73 12 28 35 56 42 34 21 76 84 16 23 92 59 40 79 11 77 69 40 69 
31 30 39 11 85 43 99 49 58 13 49 88 66 9 75 78 41 38 31 76 23 95 88 23 60 77 17 7 9 15 35 38 64 31 91 19 23 41 94 58 
87 8 39 69 62 68 73 87 76 91 30 20 82 5 70 54 30 64 19 47 98 48 59 96 26 26 25 22 97 31 25 21 58 53 3 41 22 99 60 30 
32 10 38 13 91 70 24 41 38 99 65 25 13 25 82 14 93 91 52 79 98 59 70 86 51 37 20 81 88 66 59 28 11 36 92 37 80 77 82 39 
60 62 18 67 11 8 11 30 21 66 94 44 64 55 33 56 80 30 68 59 34 86 9 28 57 30 32 30 23 23 56 90 79 72 39 69 23 11 91 31 
54 95 84 99 29 40 58 72 35 58 23 61 32 55 73 74 29 67 84 31 15 8 62 43 52 68 25 28 11 90 4 91 72 63 76 26 79 79 84 10 
15 91 11 52 52 60 67 51 94 72 59 92 46 43 30 51 57 17 46 75 10 41 3 6 40 6 5 78 33 24 90 38 50 6 81 81 15 42 88 79 
37 27 40 88 45 61 19 44 94 74 20 26 29 90 86 69 56 93 43 75 36 84 21 26 60 19 39 32 78 56 94 80 80 98 33 15 89 14 67 72 
40 68 5 68 75 93 39 6 48 11 33 56 71 88 13 75 4 76 66 15 51 91 99 40 85 88 99 38 33 81 65 83 3 69 45 90 13 13 4 92 
79 26 71 72 54 76 6 67 31 78 67 54 13 15 60 34 6 18 26 22 81 74 98 42 37 22 36 96 63 5 18 75 69 4 64 93 2 5 6 49 
41 21 78 39 7 70 75 39 58 43 12 17 72 89 24 48 13 10 62 88 81 80 5 84 74 57 48 70 21 16 96 66 33 63 61 9 81 48 62 41 
22 35 8 84 40 91 94 79 82 90 24 79 50 86 72 19 19 93 19 70 72 15 45 19 41 83 74 36 14 1 62 79 33 20 46 85 44 22 37 56 
85 17 40 25 42 96 59 97 6 81 80 74 81 3 72 89 11 65 17 60 30 79 11 46 73 11 93 20 14 8 56 15 69 75 79 93 1 53 30 23 
96 65 66 2 76 63 58 67 56 94 3 74 85 14 15 39 72 53 36 45 25 18 29 92 15 35 77 83 36 71 98 11 19 51 63 79 91 85 51 23 
75 39 9 36 19 38 15 19 65 95 90 12 51 93 99 99 78 15 20 86 93 39 27 70 71 45 98 12 82 40 61 28 57 16 87 29 65 31 50 99 
16 82 71 47 37 57 21 46 96 69 58 80 92 14 84 45 5 67 28 88 11 66 13 35 84 37 98 14 46 29 97 50 40 90 78 33 9 21 27 9 
85 84 11 20 92 37 79 65 69 28 45 6 46 88 96 82 40 74 80 63 74 64 1 35 92 10 82 49 22 99 23 36 9 62 45 7 52 45 48 45 
40 52 84 6 35 99 2 29 47 11 60 22 58 15 91 62 80 44 79 51 51 7 47 54 28 37 33 92 82 84 26 6 71 61 7 22 65 51 40 98 
89 45 63 90 84 42 75 38 67 90 68 93 64 34 7 5 43 47 79 27 86 65 14 52 10 2 56 11 64 46 56 94 71 62 85 81 76 40 75 17 
40 53 91 86 64 36 69 27 47 19 73 88 22 10 27 16 64 54 23 12 57 2 88 3 20 42 68 29 30 75 33 58 66 89 66 80 85 17 99 75 
17 44 94 72 49 65 95 32 30 77 89 15 94 9 35 88 92 33 22 86 43 92 46 34 69 8 60 69 30 26 58 45 12 53 39 44 95 4 16 27 
21 97 62 77 59 76 68 74 44 80 56 64 66 14 83 47 10 95 43 66 28 11 82 27 74 28 22 49 66 61 46 27 44 96 69 43 64 7 60 58 
83 55 60 27 30 77 1 56 4 72 64 32 19 95 97 52 95 41 86 88 63 55 11 71 95 85 28 88 81 59 56 65 61 17 47 85 54 23 86 65 
58 58 57 46 97 49 11 26 1 76 8 23 63 98 12 50 7 23 42 21 4 38 17 61 62 85 64 77 42 56 54 66 45 48 46 28 51 72 90 12 
18 71 74 80 91 59 20 14 51 37 90 96 59 78 20 96 82 31 7 87 85 85 57 4 48 23 27 19 55 49 51 39 46 48 99 42 50 30 84 77 
55 2 61 81 26 51 23 78 2 7 2 90 81 57 13 70 37 77 2 83 46 87 47 11 59 67 33 40 33 87 4 81 84 17 61 36 17 20 24 28 
71 47 25 24 58 76 45 39 92 53 40 40 86 69 6 99 80 61 90 74 2 15 21 94 65 46 31 69 91 4 23 67 94 89 84 88 76 56 89 96 
4 80 83 89 94 57 81 49 30 39 97 70 34 33 10 52 38 84 5 78 29 81 89 48 24 92 87 69 13 55 66 4 94 94 15 38 31 77 4 21 
79 59 90 68 1 52 21 36 59 23 35 14 65 68 96 4 56 79 54 78 78 63 74 96 39 87 11 74 13 11 55 19 30 54 96 91 77 50 73 5 
32 89 6 40 70 40 1 37 1 8 73 59 67 16 81 30 57 92 51 97 52 87 8 24 93 81 50 24 73 75 84 31 31 61 1 65 82 44 36 36 
21 54 30 78 74 79 29 17 33 46 48 31 95 5 92 94 25 7 30 43 7 12 62 91 46 42 49 21 51 95 89 22 69 16 35 79 17 92 71 87 
44 56 78 32 93 51 30 6 63 97 43 76 99 82 19 16 58 52 40 85 35 81 36 90 72 74 32 51 28 33 24 95 19 18 30 90 75 22 15 24 
56 41 59 5 14 31 29 99 68 58 35 96 39 44 60 40 51 1 98 29 57 70 12 11 18 10 16 90 18 3 58 39 92 66 66 69 9 8 86 93 
68 22 53 38 45 40 25 65 27 56 15 46 36 72 14 11 69 95 88 70 96 78 67 54 63 74 46 26 92 24 97 13 92 88 63 62 58 34 56 79 
10 56 1 63 57 90 67 29 91 24 56 24 51 64 3 18 31 76 61 64 8 88 1 99 51 14 57 85 29 8 52 86 90 98 36 15 23 18 42 62 
4 17 5 48 74 5 49 16 97 33 62 48 64 12 4 68 35 18 8 7 54 44 99 39 83 36 82 34 43 2 40 82 9 90 40 91 63 27 60 78 
19 98 19 21 19 91 20 89 79 42 72 62 23 49 34 16 41 37 38 68 38 58 77 29 88 25 96 97 33 49 64 83 25 67 44 93 69 35 46 3 
51 48 58 21 97 30 94 29 78 78 43 85 85 50 89 53 3 8 69 35 80 19 71 60 36 44 8 22 78 34 45 51 58 86 20 86 3 99 65 38 
95 97 29 54 42 3 99 61 19 9 95 96 25 71 92 43 36 80 69 32 94 19 39 87 31 62 87 7 59 61 96 77 54 62 84 26 96 23 4 92 
5 71 23 55 71 49 40 1 83 52 74 62 66 45 28 86 36 52 65 41 58 82 39 85 1 98 16 36 18 40 13 10 39 56 45 80 58 63 99 38 
85 49 32 5 49 83 2 57 7 41 46 27 20 32 57 87 13 69 93 31 7 48 21 48 42 53 57 57 19 3 96 13 48 67 7 69 99 10 54 91 
33 91 56 27 72 24 10 66 58 94 8 15 98 7 12 62 49 26 3 53 33 51 41 14 48 93 67 57 24 79 80 37 12 45 45 47 50 55 78 12 
23 53 64 18 44 14 13 69 96 34 1 13 27 94 44 87 98 29 92 25 49 63 75 58 14 64 4 67 57 43 95 4 36 51 84 78 6 37 41 82 
45 29 69 66 99 16 22 85 18 86 46 49 2 24 17 70 49 90 62 63 89 50 63 84 43 81 30 3 17 6 22 12 38 5 74 53 29 80 15 18 
30 67 87 15 93 49 33 94 79 18 48 22 15 55 29 26 30 16 85 62 77 39 93 75 95 35 56 83 72 7 71 46 56 93 85 6 95 95 85 20 
77 25 39 37 9 57 36 11 23 99 77 99 20 35 65 12 87 63 99 61 66 66 68 93 29 97 70 46 91 31 63 94 51 24 65 42 28 27 26 97 
16 75 2 66 90 9 21 84 89 21 34 48 55 15 45 2 97 25 78 75 40 8 23 3 74 25 99 41 98 38 50 24 31 74 90 11 85 11 12 50 
32 86 62 95 23 60 1 8 85 5 42 94 29 39 46 49 53 54 80 15 56 36 69 17 54 25 45 82 31 78 16 74 86 5 46 18 26 86 2 99 
54 10 96 62 92 76 85 20 22 57 92 93 75 99 29 5 53 21 15 38 42 76 83 98 90 49 37 75 49 38 75 47 33 56 17 55 98 79 77 29 
92 8 71 98 76 69 5 65 34 24 44 51 72 12 71 40 45 65 55 87 80 37 66 6 49 95 13 19 47 14 71 70 93 24 25 53 86 71 53 39 
37 63 87 32 69 72 33 64 70 58 81 15 70 62 96 77 54 67 69 7 21 40 82 59 18 57 95 38 10 32 9 71 5 16 93 73 90 39 20 92 
53 91 40 81 26 23 46 61 28 85 83 57 84 89 57 58 67 66 79 68 95 85 99 58 78 2 87 87 41 33 54 57 35 2 58 59 42 76 13 1 
60 29 34 84 48 83 63 79 4 40 70 51 28 85 23 22 80 58 23 51 25 69 99 21 89 67 68 2 7 76 43 93 61 92 15 49 33 14 4 92 
49 89 58 89 71 36 45 59 46 37 1 3 95 56 60 36 4 86 50 65 87 86 97 25 49 64 16 70 2 13 94 73 83 1 31 96 78 98 55 31 
88 79 47 96 45 32 53 72 19 68 30 37 61 75 37 68 10 39 56 91 62 1 10 97 14 56 8 18 11 34 94 16 5 52 7 15 23 90 35 10 
76 63 89 15 54 85 25 31 9 42 77 85 40 61 7 39 12 91 75 3 47 16 62 64 70 30 90 82 21 42 90 30 48 26 80 93 59 48 23 31 
63 90 14 86 21 7 73 27 60 68 69 60 38 18 1 30 71 69 3 68 71 63 24 37 19 42 22 98 32 61 90 61 27 10 26 69 61 5 34 21 
32 21 51 72 62 52 16 79 87 37 85 83 59 92 83 8 96 20 43 16 45 55 26 65 23 62 29 46 32 89 24 40 20 85 78 59 91 5 87 10 
32 88 63 84 58 99 5 48 33 4 99 68 82 91 74 86 96 45 11 21 46 80 20 76 26 42 40 73 42 51 26 53 23 73 1 9 41 66 20 97 
4 30 96 22 95 92 14 6 88 37 57 1 66 41 90 18 81 85 26 56 59 46 63 34 62 32 72 72 18 25 94 30 2 55 88 92 80 25 60 72 
98 76 95 89 45 6 93 77 98 91 26 89 4 67 81 47 77 47 74 40 48 26 80 12 74 30 51 19 49 63 31 71 20 97 46 26 67 51 26 10 
38 12 93 44 96 79 19 42 97 17 47 19 96 21 63 69 67 78 27 17 59 78 27 18 29 38 92 56 3 38 92 85 33 13 70 8 71 47 49 62 
44 46 24 73 56 62 83 41 24 13 48 58 42 48 14 59 16 2 79 5 98 68 64 48 70 38 68 14 68 90 90 36 16 16 7 46 48 95 30 8 
97 58 88 37 34 60 81 75 31 26 22 37 12 22 81 47 95 71 99 85 52 1 94 45 60 24 9 64 90 75 9 91 3 64 28 48 39 84 17 16 
76 63 67 99 56 54 36 32 62 76 29 28 70 45 5 72 20 66 96 71 66 9 60 57 4 12 19 30 99 71 52 21 28 30 28 47 84 62 12 10 
73 92 68 7 77 55 10 52 9 12 93 42 14 57 98 20 77 2 61 24 62 72 98 84 10 13 92 72 29 42 90 83 32 28 39 96 49 89 17 53 
18 60 88 93 87 12 88 66 11 62 26 49 93 82 29 10 79 88 60 28 49 43 89 91 99 63 84 31 46 45 6 25 73 62 66 61 6 42 75 52 
88 11 5 31 35 28 11 33 36 93 1 38 46 44 56 27 69 52 12 63 47 56 15 76 29 77 34 35 57 49 45 46 48 74 53 32 14 52 32 53 
55 35 87 87 59 34 3 2 12 32 68 84 28 58 56 79 16 47 80 64 44 26 77 94 52 63 77 5 59 68 71 93 41 67 44 55 53 15 59 31 
18 78 78 37 25 56 26 37 48 90 89 16 44 26 23 76 61 38 96 32 68 85 10 79 25 19 66 17 29 4 50 50 44 77 92 64 65 34 36 18 
97 22 76 61 48 42 26 55 63 75 96 32 8 26 78 90 79 23 68 38 25 18 32 1 92 26 66 81 42 50 13 65 27 54 34 39 57 7 82 11 
43 35 45 72 26 91 24 71 90 45 79 5 43 21 69 53 30 68 93 77 66 43 65 61 65 34 49 65 37 93 33 46 8 78 53 11 49 27 17 43 
44 53 86 25 18 59 83 2 14 25 58 45 52 98 70 54 8 19 41 95 39 59 56 51 52 26 15 2 21 27 20 91 78 84 55 75 62 57 88 62 
74 39 21 6 65 37 78 86 69 86 81 43 95 83 27 58 28 83 69 26 49 35 19 50 70 48 39 32 68 84 28 49 10 43 28 1 39 27 44 59 
45 12 15 50 68 10 83 59 88 15 8 17 47 21 82 20 81 62 97 44 71 86 14 67 7 61 62 60 38 10 63 99 64 88 15 90 97 78 16 16 
16 56 22 19 45 44 37 23 49 86 68 70 65 75 99 84 32 90 42 89 67 62 49 7 18 41 77 64 16 99 12 92 1 90 90 20 78 2 19 84 
13 11 25 78 79 99 92 99 22 85 69 86 32 11 61 27 96 28 38 76 15 20 75 75 87 48 58 76 23 77 49 39 29 84 17 93 20 13 92 83 
86 75 47 82 75 21 95 63 26 83 88 82 2 48 58 53 63 32 69 27 19 70 80 84 26 64 94 24 41 59 57 87 9 8 9 58 28 79 74 83 
27 45 88 3 28 52 69 8 6 69 15 46 74 38 29 23 60 93 4 41 23 23 47 46 86 81 75 54 97 60 75 36 56 6 88 58 51 71 28 17 
17 80 6 98 22 21 6 77 20 35 39 31 88 23 18 22 98 97 7 65 89 52 45 22 57 60 16 67 78 94 43 73 90 77 63 96 31 69 42 35 
28 87 85 27 85 32 5 13 82 82 6 33 32 91 17 77 57 70 92 81 96 34 31 76 95 91 42 36 62 32 75 62 96 95 72 1 54 71 45 43 
11 74 14 3 89 95 48 3 80 63 32 43 44 2 74 16 65 14 99 18 2 56 6 11 88 23 12 31 84 13 50 13 73 48 72 61 59 3 50 96 
94 43 94 65 94 15 80 39 52 9 78 10 88 27 74 45 31 18 64 31 56 40 90 98 81 87 92 11 24 23 74 57 80 29 52 2 87 62 43 95 
24 25 10 3 60 41 67 30 31 4 32 91 23 68 10 93 54 77 99 6 11 47 75 16 65 43 73 13 3 43 35 41 31 54 25 31 83 18 9 91 
70 97 15 56 26 61 8 6 54 87 3 2 50 26 27 70 24 31 12 26 4 17 70 40 40 40 52 70 3 81 76 79 74 18 54 21 41 76 16 19 
59 90 61 58 41 99 45 27 59 14 14 52 48 34 67 68 62 29 62 14 48 32 50 67 16 97 26 21 28 19 36 24 99 24 18 23 40 42 75 87 
72 92 34 61 63 63 66 59 76 62 50 60 55 87 33 10 51 37 88 2 49 38 9 25 58 46 23 26 22 66 47 48 98 4 57 92 85 20 71 57 
96 14 93 51 44 28 63 85 49 18 65 98 85 75 16 46 45 97 81 19 23 71 62 39 70 34 14 97 27 2 97 4 29 97 71 46 5 12 53 50 
42 37 45 78 42 19 36 31 23 19 87 54 7 40 8 8 10 98 20 27 74 87 36 98 6 63 96 10 81 98 65 20 85 54 82 84 86 52 41 55 
21 17 82 25 45 79 84 81 54 77 95 85 65 77 52 78 82 1 3 92 91 8 83 98 95 48 14 27 79 51 1 57 40 76 34 79 46 38 98 22 
75 33 64 47 64 28 80 58 70 40 87 10 69 17 65 91 76 62 7 88 85 33 29 24 96 78 21 41 56 60 54 46 6 43 86 99 15 44 51 97 
7 12 22 51 73 74 32 20 89 93 18 95 22 60 51 66 47 89 41 71 31 27 89 39 6 10 44 88 96 69 32 28 85 80 5 92 92 66 22 90 
68 44 70 6 55 8 61 71 10 70 36 87 86 15 59 94 3 28 72 54 12 14 54 96 54 35 35 80 14 65 71 53 88 38 13 3 17 10 45 90 
50 75 69 80 42 44 4 11 98 91 59 11 42 27 10 36 38 61 89 18 13 31 54 10 28 23 95 56 16 70 97 66 49 60 8 37 58 27 92 85 
35 9 4 39 34 50 92 8 41 86 20 80 39 79 61 12 93 41 35 43 21 81 45 30 27 91 1 48 98 22 67 99 24 69 53 84 60 36 53 19 
44 47 68 69 99 83 37 99 47 14 78 6 67 35 93 83 16 63 56 93 38 90 66 87 64 85 95 72 90 26 24 79 47 32 11 99 39 56 35 77 
50 85 49 67 48 18 60 76 18 7 95 4 43 73 47 44 17 4 73 40 14 58 89 9 51 9 4 66 17 23 79 17 16 15 83 27 17 85 16 99 
21 83 22 16 25 81 38 40 97 54 40 25 37 17 18 75 4 8 4 79 46 28 27 71 29 81 29 57 43 72 47 75 13 7 76 96 12 1 70 57 
69 41 11 11 86 5 23 70 4 69 8 2 8 94 65 68 13 54 57 30 14 87 11 63 80 76 64 30 76 99 24 17 88 21 43 58 87 79 29 83 
20 94 3 31 13 93 38 72 1 76 19 60 49 63 86 13 77 11 88 30 84 60 36 61 79 25 20 8 5 37 55 22 61 75 59 86 19 71 92 18 
94 28 58 63 71 21 66 67 62 97 85 62 36 44 68 74 96 30 19 87 27 91 35 65 96 34 8 17 37 89 21 6 6 47 3 67 8 44 58 29 
47 56 39 65 63 11 53 58 84 55 86 9 3 30 48 64 31 91 45 64 31 52 99 17 25 10 10 21 80 68 23 41 42 95 26 61 33 10 31 57 
8 41 69 71 45 41 16 83 37 89 78 57 60 93 25 36 31 84 17 76 31 10 74 28 47 87 21 13 34 85 62 64 93 75 97 34 93 44 57 43 
81 13 50 13 43 34 50 83 7 49 58 63 68 21 90 36 91 57 35 7 29 48 55 16 97 77 68 82 77 20 79 2 17 79 55 74 96 82 55 8 
24 67 51 40 91 90 22 63 59 70 95 30 83 81 99 79 84 22 32 92 62 72 36 39 61 29 88 49 15 67 77 75 36 71 32 23 46 37 85 49 
7 65 88 68 66 69 30 17 31 26 20 35 53 88 96 12 85 75 67 39 46 81 21 84 78 21 74 66 72 54 55 69 75 67 27 86 91 24 32 68 
1 75 93 50 92 99 23 83 36 47 55 97 77 76 31 97 46 34 41 99 40 85 87 93 45 90 28 62 83 51 89 78 67 9 64 16 58 89 22 63 
17 26 70 32 82 80 92 96 84 45 72 47 33 92 14 18 73 32 74 67 34 97 52 65 23 31 76 68 72 38 14 89 58 40 10 81 82 83 53 11 
65 29 33 94 2 19 57 43 59 92 33 54 18 32 77 29 3 88 5 94 17 41 84 7 23 5 6 98 17 21 79 72 19 28 16 85 48 51 57 16 
2 1 81 73 86 42 84 10 7 80 95 15 99 67 25 83 95 66 74 46 85 15 84 85 2 32 47 14 33 8 6 44 88 54 47 82 95 56 60 6 
24 38 8 82 3 57 50 58 80 90 26 86 18 2 12 97 92 32 70 14 81 68 2 68 47 64 98 99 26 66 85 29 92 12 50 81 7 82 94 66 
1 60 44 92 17 4 73 35 22 81 46 17 8 54 93 48 93 82 72 88 70 52 1 7 38 62 8 35 37 52 36 34 9 48 64 17 53 26 97 5 
31 93 31 55 82 50 58 89 96 14 38 23 8 71 70 98 92 47 66 21 12 10 30 2 57 18 26 86 4 35 11 57 80 75 94 19 33 64 32 96 
67 1 41 61 95 88 91 38 60 60 12 55 26 25 86 82 64 23 75 87 41 52 68 95 9 35 80 67 61 24 61 49 4 43 51 74 18 40 33 20 
55 28 36 87 85 47 79 9 11 74 48 9 9 68 42 20 33 77 10 42 34 2 90 26 25 19 79 68 11 56 92 64 82 2 87 88 63 15 64 83 
35 18 71 17 19 17 64 30 62 20 77 81 29 54 13 5 74 73 51 7 40 35 70 51 69 43 20 5 65 84 40 30 69 28 65 9 44 35 41 31 
50 17 64 9 85 8 58 20 9 19 49 44 55 86 41 88 40 59 29 69 76 30 38 25 99 66 80 36 73 69 76 39 28 95 36 70 41 69 47 28 
20 92 85 87 17 13 4 36 97 44 56 28 88 34 36 50 28 5 38 59 79 42 59 90 19 53 47 2 81 95 23 31 39 43 56 25 33 59 75 16 
13 63 45 94 79 45 67 38 7 62 75 68 51 12 89 70 28 19 24 46 58 38 61 43 57 74 44 29 48 68 99 51 78 15 18 87 10 25 60 64 
16 93 60 78 8 52 54 31 84 57 48 12 7 77 62 53 73 53 5 91 73 60 21 64 34 17 95 26 65 40 21 66 16 71 13 7 61 84 56 51 
76 65 62 9 49 15 2 71 83 74 11 89 99 26 34 79 93 79 68 72 49 58 48 10 3 28 11 59 4 40 85 29 20 92 23 18 4 32 85 22 
70 1 66 78 52 80 44 63 58 41 69 8 23 47 1 37 31 80 45 1 38 53 7 77 62 17 6 11 74 46 10 1 90 72 7 47 30 16 93 4 
71 64 67 8 59 25 21 57 91 70 44 1 57 12 52 43 17 17 81 53 45 52 82 75 90 57 74 79 8 20 1 14 27 11 90 42 17 49 48 25 
53 81 42 73 6 52 88 33 13 65 62 89 6 31 9 36 27 51 3 92 82 66 72 99 7 38 75 47 84 62 43 86 39 96 6 22 14 14 70 78 
52 36 30 66 43 7 20 93 1 31 3 44 70 67 1 83 95 27 91 94 35 64 86 93 30 80 25 41 71 48 69 91 89 24 20 96 64 33 21 39 
41 80 63 5 46 37 42 47 73 31 93 12 41 10 77 12 32 93 3 31 10 32 98 96 98 37 24 30 64 36 37 20 89 99 84 26 41 32 74 88 
63 89 87 47 73 10 40 21 11 71 47 59 59 72 81 26 69 75 76 8 25 25 55 40 61 41 42 94 63 88 76 67 69 47 31 84 46 50 8 37 
78 32 33 83 72 77 59 73 60 9 97 18 52 50 41 93 79 11 64 28 41 75 30 81 58 59 81 34 41 82 63 26 99 40 16 51 41 19 77 16 
29 16 97 88 13 82 60 12 98 60 79 37 47 3 34 31 45 81 90 85 46 3 42 1 15 26 52 60 94 69 89 63 75 13 31 60 20 65 87 89 
48 62 68 42 26 29 68 36 86 23 78 35 68 78 65 22 74 16 80 41 58 21 28 22 62 50 97 11 24 17 23 26 75 71 65 21 50 88 69 63 
40 91 23 46 57 16 39 68 26 40 99 56 79 88 36 99 26 55 24 44 43 84 92 79 69 96 13 41 78 10 96 28 19 13 44 43 57 87 52 9 
20 73 8 84 80 23 92 90 14 63 18 48 67 38 73 72 64 77 75 17 6 37 18 72 26 18 81 92 17 40 8 71 9 21 80 96 74 53 14 97 
96 92 87 8 76 4 69 19 20 99 94 83 69 18 8 91 41 39 19 60 40 15 69 1 7 20 45 63 7 82 12 7 38 77 88 1 77 94 34 4 
30 43 46 82 75 45 83 92 73 7 65 47 66 78 72 71 15 82 73 69 72 21 31 12 80 30 24 95 58 23 58 30 92 70 28 97 79 25 28 34 
37 53 26 59 70 4 53 96 33 86 17 75 15 75 56 7 57 61 73 15 19 76 89 75 75 44 95 20 56 74 91 95 60 17 95 12 63 84 65 73 
52 99 72 66 4 13 80 56 83 14 94 10 14 16 13 35 94 38 98 1 81 45 54 66 75 18 48 57 86 87 19 25 84 98 81 18 56 94 62 11 
21 50 71 76 89 47 83 32 31 46 90 2 34 5 57 18 80 69 65 87 89 93 89 44 83 43 91 92 9 64 34 9 36 65 64 65 42 16 12 96 
36 36 50 34 53 29 36 11 59 29 17 69 35 43 8 26 59 47 19 87 21 96 17 66 14 26 85 34 54 66 32 86 48 57 46 21 5 15 32 18 
28 59 73 2 90 51 54 83 21 58 69 21 9 99 40 88 20 50 85 49 40 83 81 4 55 67 93 65 12 31 55 34 79 31 76 24 89 39 19 17 
82 87 60 43 7 64 78 9 81 49 34 54 56 57 96 90 56 71 78 89 16 76 50 29 84 79 77 24 25 80 88 69 30 53 62 34 97 91 65 77 
33 48 80 57 66 4 71 73 9 92 81 83 91 6 56 20 74 57 70 18 2 42 66 42 88 77 86 35 55 57 83 52 79 49 98 99 59 76 48 26 
84 68 23 38 21 63 23 5 31 79 36 77 53 95 63 7 76 18 54 56 98 87 74 83 72 65 65 96 89 62 15 91 64 17 91 65 76 10 73 92 
8 91 85 97 97 94 77 86 69 16 36 12 88 9 12 65 37 55 30 38 1 51 77 7 10 42 25 8 16 48 19 61 18 14 68 73 32 88 51 37 
51 7 85 15 10 79 13 58 84 85 30 62 74 71 53 81 83 45 92 88 61 36 26 21 18 57 29 9 75 92 6 97 5 65 62 85 2 4 24 65 
59 57 5 18 20 95 76 98 54 13 91 9 76 10 78 99 29 73 39 76 28 74 51 32 55 95 29 71 83 8 27 92 41 1 28 70 68 73 32 11 
42 38 17 62 94 44 51 80 4 95 93 70 18 56 97 88 32 57 60 91 46 83 95 90 76 95 40 85 11 19 17 76 18 60 5 35 24 71 57 95 
1 66 73 11 89 22 67 15 27 76 35 56 19 48 5 33 42 2 21 21 15 52 25 31 13 56 17 23 80 90 92 21 78 72 88 54 93 5 57 68 
76 13 83 19 90 78 21 53 27 38 73 16 61 75 5 38 8 52 28 47 4 75 52 35 37 52 74 40 80 42 84 58 20 5 51 95 66 83 50 5 
26 73 65 84 69 88 48 86 44 14 88 43 8 68 10 88 6 8 27 36 97 56 61 73 48 15 92 46 18 54 87 6 90 93 25 27 82 51 93 31 
20 72 1 5 67 24 28 41 30 19 30 99 28 77 44 58 79 20 58 13 29 74 30 12 14 6 2 51 32 54 40 61 28 70 25 78 79 94 64 58 
39 93 71 78 61 79 80 52 41 2 4 40 50 57 31 91 81 41 6 46 46 53 9 85 67 23 70 96 15 44 30 46 1 33 34 23 83 63 13 38 
87 99 18 83 59 33 58 8 18 68 17 74 87 92 66 93 70 2 53 52 84 97 52 26 5 2 96 95 14 85 80 13 88 42 92 24 76 58 96 76 
45 5 9 44 20 34 14 93 55 40 80 12 26 45 96 22 49 80 87 26 82 84 43 97 87 76 23 41 55 70 31 11 53 72 47 65 39 27 20 25 
53 50 28 27 84 9 90 67 53 75 20 63 81 84 51 97 61 93 31 52 69 64 82 18 95 81 80 49 18 34 29 21 65 84 64 55 18 30 14 42 
74 96 25 58 34 64 19 75 89 90 69 14 53 92 33 85 18 17 32 23 97 28 55 99 45 83 67 65 75 44 53 2 74 18 87 17 1 32 23 49 
26 17 66 83 41 39 61 91 13 66 75 11 55 80 92 29 54 76 68 79 63 39 30 40 20 99 27 52 58 63 82 61 89 51 49 5 23 97 56 15 
37 18 73 20 72 81 91 67 51 86 35 79 91 71 69 18 20 24 80 88 44 34 3 56 66 47 29 15 78 86 28 34 17 56 25 29 17 71 19 19 
47 10 93 17 22 21 95 40 37 40 16 39 60 50 49 39 46 24 22 52 95 40 13 42 35 49 80 81 63 8 25 24 68 62 96 10 32 43 74 43 
58 8 85 24 7 76 72 66 62 36 6 55 8 78 18 18 30 66 59 53 86 62 73 5 37 21 59 73 34 26 27 46 26 3 27 73 13 10 4 86 
16 49 5 90 46 18 85 88 5 80 41 85 43 22 51 40 47 16 72 90 37 74 93 78 10 16 18 94 85 39 88 78 28 64 83 23 69 48 19 73 
28 4 97 60 28 3 80 17 45 53 58 35 12 2 74 97 7 38 62 15 82 45 91 37 72 81 42 76 69 49 68 67 47 36 31 24 57 26 66 15 
42 24 85 26 18 59 10 35 25 6 81 47 43 67 24 2 42 81 39 54 15 80 99 21 53 97 40 33 29 9 72 22 62 72 89 16 4 35 82 81 
52 39 51 2 17 73 72 14 47 17 56 29 58 53 62 53 48 70 63 76 80 93 53 60 4 74 21 97 87 21 15 64 85 84 66 41 90 32 39 25 
46 15 60 88 93 6 2 75 46 81 17 51 35 4 23 80 94 24 14 89 9 62 81 94 20 6 6 57 94 9 19 20 6 30 56 43 85 60 1 26 
14 82 55 37 99 58 78 40 19 38 17 24 51 39 26 38 34 81 23 51 93 33 60 42 28 36 58 99 81 76 72 19 36 28 87 53 4 40 83 91 
25 9 19 96 27 13 20 23 44 20 61 34 13 86 82 24 73 36 85 33 81 73 35 31 77 15 66 64 51 75 89 99 59 82 9 97 34 94 96 24 
87 72 11 1 37 1 44 5 8 92 44 83 60 14 70 2 22 89 3 70 90 24 77 82 42 75 80 86 59 99 36 68 34 38 25 7 55 17 88 51 
63 59 23 41 67 54 61 51 62 27 8 30 43 95 73 48 1 84 16 51 83 92 30 89 56 85 95 82 41 86 19 1 71 27 81 60 4 47 81 24 
14 98 6 76 70 14 8 2 36 91 14 71 44 63 44 32 17 1 71 70 37 92 7 79 9 26 21 89 16 24 11 44 15 15 87 47 82 1 2 95 
62 90 44 28 11 23 44 98 58 98 50 60 29 51 51 97 73 51 58 24 86 99 99 21 77 5 86 73 71 67 21 13 21 15 81 24 65 20 75 64 
3 45 83 6 62 22 88 57 55 76 18 16 24 14 43 68 60 28 27 60 77 16 84 27 43 51 24 48 81 13 17 48 72 47 62 40 12 95 45 5 
96 78 22 44 20 98 40 86 72 33 22 47 52 57 1 79 72 21 88 25 41 52 74 73 33 64 38 36 42 83 5 71 12 7 16 28 39 75 33 27 
65 10 33 53 36 65 70 10 85 11 26 43 47 27 16 69 13 96 16 49 85 20 94 12 66 67 42 42 51 42 25 18 86 21 6 8 83 20 85 6 
60 47 85 32 41 29 37 61 12 3 60 5 42 93 46 69 58 55 9 9 36 18 17 19 11 69 57 32 3 20 37 82 52 57 82 20 31 63 43 67 
5 34 91 58 55 18 52 51 48 58 61 42 12 75 54 5 12 64 7 34 59 59 92 53 14 28 31 55 36 39 76 94 61 56 67 83 23 17 62 76 
10 77 96 99 52 55 21 17 68 1 91 69 44 70 22 10 42 6 82 20 6 33 41 72 12 15 91 16 61 45 17 4 21 47 76 28 10 89 59 93 
61 47 41 82 30 54 49 66 4 57 87 2 70 60 38 20 48 28 67 38 14 40 62 67 12 2 98 96 32 11 37 10 78 4 91 80 4 2 77 39 
1 5 79 81 38 74 22 82 12 54 55 92 18 54 17 20 85 44 66 80 99 75 46 4 4 44 21 38 72 18 55 78 22 16 77 16 21 22 40 88 
90 80 26 10 11 7 10 41 92 9 5 24 70 26 85 58 55 38 42 93 5 25 38 17 77 90 97 58 42 57 31 73 61 76 78 20 75 17 6 72 
54 82 9 62 74 12 30 26 53 4 95 80 76 14 39 78 71 31 10 79 53 82 16 92 63 93 51 65 2 86 71 32 66 59 64 97 6 72 17 58 
21 60 74 45 51 54 49 81 50 89 1 81 61 39 62 38 87 49 88 35 25 83 99 39 18 36 43 39 43 17 13 58 4 20 96 88 77 85 65 3 
85 99 16 23 90 31 22 36 9 52 55 3 47 37 97 89 51 91 21 28 7 28 28 64 58 67 56 49 57 50 91 2 42 87 60 33 65 76 72 71 
98 6 41 84 52 24 84 98 60 73 16 93 76 16 14 63 9 95 19 49 21 17 76 92 44 45 39 67 34 31 86 84 85 38 94 26 8 83 64 22 
44 24 31 71 38 55 82 19 70 39 65 57 25 76 95 59 22 9 85 32 79 22 35 35 4 21 54 98 47 44 79 46 71 82 36 37 52 94 19 57 
71 31 9 95 86 40 69 84 58 56 6 15 53 91 9 39 68 49 2 13 74 82 59 9 25 63 45 65 56 60 36 80 12 10 38 81 54 91 28 84 
39 16 60 65 88 6 61 29 67 68 5 94 87 57 26 38 90 43 73 97 63 88 82 65 66 79 54 38 87 53 8 66 42 5 91 14 58 63 47 76 
84 93 55 77 72 67 32 28 15 28 50 64 69 38 77 22 41 68 32 44 51 70 91 96 19 23 74 19 14 73 17 5 13 48 84 7 20 88 93 95 
97 10 41 63 94 33 80 20 35 35 81 28 20 97 83 79 30 20 79 50 92 84 4 21 43 85 14 67 27 5 63 70 41 71 65 54 58 7 97 83 
76 40 85 84 55 72 77 44 60 82 31 46 95 71 65 64 14 5 67 98 20 74 88 29 33 18 53 1 47 90 70 42 17 56 63 48 6 54 32 43 
65 46 70 27 83 71 14 51 64 21 64 39 40 35 16 7 71 83 66 79 49 23 28 26 10 14 99 33 38 90 66 52 23 94 24 56 39 15 66 14 
80 39 13 24 17 43 36 71 32 89 21 34 24 86 34 85 93 27 14 75 89 39 83 69 83 20 94 88 52 88 48 9 82 91 38 74 58 33 13 8 
49 91 5 38 47 84 7 68 76 3 41 64 23 68 69 61 36 13 25 95 19 79 44 40 8 93 49 49 98 3 40 58 73 56 64 61 3 91 88 61 
73 38 3 17 21 5 73 66 16 91 6 1 42 93 58 19 24 39 59 4 4 86 89 28 91 77 67 9 86 41 75 30 85 46 51 46 44 42 28 23 
55 61 27 99 33 38 87 67 10 56 66 45 75 27 20 66 6 82 60 73 31 67 12 18 72 17 18 24 80 61 20 80 6 56 66 80 82 33 35 60 
70 74 55 27 38 46 53 46 82 45 34 38 75 23 60 32 52 52 5 78 5 83 49 51 17 32 39 48 75 93 74 82 92 44 54 20 90 5 58 42 
17 35 59 70 40 90 91 21 15 98 96 40 63 12 69 29 88 10 20 75 4 16 83 12 78 68 74 31 4 60 49 44 28 38 94 32 51 59 1 84 
74 93 76 31 62 29 44 23 27 87 53 94 9 85 18 23 94 31 18 10 9 73 51 53 4 58 98 59 53 44 81 80 7 12 79 19 49 46 6 49 
9 23 58 95 72 69 45 30 59 92 8 60 6 69 40 49 19 14 50 79 7 83 76 53 19 86 34 58 85 3 39 44 69 98 20 16 27 31 56 63 
56 20 78 40 64 85 37 42 40 87 17 58 88 89 38 98 55 95 34 89 34 96 88 63 51 3 2 48 64 71 12 42 65 36 86 20 88 31 36 21 
16 43 62 51 37 75 70 63 37 40 78 17 89 94 45 96 56 67 93 47 95 55 85 72 3 15 9 83 26 60 98 58 5 86 2 52 66 92 90 91 
30 96 90 41 10 31 68 40 31 30 48 50 60 85 68 22 88 20 74 68 95 52 56 42 75 75 14 39 11 33 91 28 75 2 10 24 16 63 32 52 
50 47 67 50 44 35 68 88 69 6 73 34 50 23 48 75 53 87 96 58 84 46 64 10 55 20 67 1 31 41 78 33 78 47 87 36 53 10 29 29 
74 19 29 17 34 93 80 84 34 45 54 39 7 75 65 96 63 92 65 89 71 71 92 81 62 40 71 49 14 52 80 74 96 10 29 3 80 88 23 78 
44 15 17 38 31 46 98 54 8 8 75 92 40 32 12 24 65 86 30 64 84 92 8 37 69 87 48 57 20 91 86 47 95 31 62 23 76 88 54 37 
38 43 62 32 40 64 85 51 44 57 38 41 6 83 39 77 51 81 91 42 68 96 19 74 58 20 44 82 24 19 81 50 84 7 28 94 37 10 66 11 
3 28 98 65 27 22 88 45 74 6 48 98 17 24 32 67 93 5 70 75 74 98 19 18 84 25 76 25 49 98 84 27 46 87 70 39 39 81 9 13 
82 79 55 61 18 13 90 75 49 10 9 6 25 14 14 86 5 36 91 86 30 48 1 97 8 15 84 35 68 14 32 19 30 99 65 35 49 25 91 6 
39 71 36 69 26 91 21 98 57 8 23 52 62 26 41 99 53 56 11 86 5 41 31 22 4 32 79 95 29 87 39 10 11 31 26 78 93 70 53 37 
12 16 83 69 98 99 70 55 35 63 82 31 60 29 59 15 37 76 9 57 61 5 56 63 11 55 95 86 31 67 27 50 86 75 86 11 37 51 97 48 
95 54 10 82 99 49 90 3 92 46 94 73 67 43 55 42 17 95 56 25 56 17 52 44 53 88 86 39 77 45 14 1 94 8 94 68 76 88 62 30 
86 24 84 34 63 61 79 55 13 38 29 60 71 2 66 17 55 93 16 88 6 30 36 90 15 12 66 69 15 70 70 37 21 98 91 52 43 89 77 71 
37 75 70 77 86 11 49 71 13 91 52 52 2 42 86 61 94 23 22 11 8 27 9 84 62 5 9 85 30 63 23 37 96 55 64 4 69 8 59 22 
55 73 76 69 27 59 37 79 51 13 51 55 36 31 62 73 7 90 4 96 73 15 67 12 30 75 35 70 41 8 67 17 51 46 85 55 22 70 68 66 
61 83 30 87 55 46 20 31 97 50 83 32 1 68 77 6 78 24 84 85 11 74 15 15 8 59 35 31 9 73 65 59 55 69 6 92 88 92 27 84 
20 57 69 81 44 17 50 64 55 61 98 27 81 39 12 40 56 62 80 82 83 66 28 72 88 38 80 99 3 42 11 19 49 2 67 82 96 33 45 62 
71 62 55 5 78 62 6 50 76 78 71 51 34 91 99 19 61 84 17 31 56 35 16 7 58 76 79 2 62 44 59 71 96 1 43 14 67 9 74 72 
38 72 80 9 2 91 55 29 66 39 77 6 68 59 10 10 66 1 81 71 72 58 47 18 48 74 64 62 50 68 4 94 13 86 30 20 27 7 49 34 
79 76 47 63 44 76 76 50 28 14 34 77 53 66 83 51 17 90 7 54 21 12 15 9 88 59 40 28 67 62 42 14 63 62 8 15 90 72 56 27 
99 83 73 18 38 61 13 32 98 42 47 90 78 76 72 80 56 57 52 61 61 64 16 44 64 44 71 2 75 76 96 13 52 73 66 74 62 8 44 17 
56 72 36 6 46 16 68 66 16 79 37 92 81 76 10 45 44 18 18 58 48 63 86 1 47 36 38 64 97 72 38 92 44 62 4 32 67 56 50 10 
92 92 13 8 56 90 78 6 93 9 60 17 28 53 62 22 99 11 96 92 89 46 8 66 63 2 56 78 41 58 49 38 3 32 27 62 36 68 69 47 
20 24 61 24 27 66 10 77 78 78 70 98 90 33 83 48 38 10 26 28 60 72 55 34 48 60 74 48 78 40 69 35 3 10 95 60 88 98 87 68 
29 5 75 32 38 17 15 71 49 26 45 72 80 61 40 1 82 59 16 5 72 8 39 5 91 86 61 13 67 71 11 63 62 58 15 98 20 42 16 80 
50 24 45 75 96 9 35 61 93 74 6 15 34 74 45 8 48 84 39 13 20 29 61 27 91 41 50 32 40 21 83 62 18 89 99 29 48 40 84 30 