40 387
9 67 95 21 32 12 98 32 2 10 44 91 40 25 12 84 21 41 40 38 52 14 39 20 80 60 69 26 24 68 43 88 12 37 51 85 21 72 1 38 
53 30 30 61 13 1 29 15 38 7 78 67 68 84 2 61 47 12 31 51 47 33 13 66 98 49 99 93 20 50 88 10 85 84 23 11 84 81 6 18 
81 94 16 33 69 92 27 10 5 46 54 58 96 51 55 26 8 57 13 49 72 73 90 89 32 56 88 15 79 20 64 48 1 94 10 65 55 90 21 23 
35 33 92 45 33 81 20 77 52 32 70 99 71 81 3 14 46 5 13 42 40 52 42 9 1 20 73 50 44 44 13 12 30 62 20 79 45 55 84 47 
2 73 22 86 45 71 37 81 44 5 84 90 99 80 63 30 7 52 41 7 63 86 83 69 38 15 4 94 69 75 40 72 99 26 21 77 32 54 56 83 
39 60 54 94 95 8 18 92 74 77 6 9 65 7 32 79 8 89 44 1 60 15 88 87 22 64 82 1 58 97 21 35 5 78 93 95 76 6 84 53 
73 44 5 41 48 33 14 16 81 51 96 73 16 68 27 12 2 32 16 10 2 33 17 12 76 81 79 53 33 91 9 60 33 75 87 11 71 37 90 39 
37 57 17 88 22 3 42 95 60 82 6 32 25 64 29 6 75 41 66 26 70 34 27 90 2 33 52 87 95 40 82 32 41 35 49 47 30 35 89 7 
77 99 64 36 25 13 45 8 92 13 43 21 39 54 4 11 25 18 35 33 61 43 69 77 59 75 51 31 73 24 66 11 42 80 27 10 4 26 60 90 
92 6 40 26 40 40 93 56 40 58 29 68 67 75 92 28 63 98 80 66 70 3 12 48 35 67 66 50 52 97 91 43 37 72 51 4 47 35 36 68 
63 75 93 20 56 51 26 70 52 27 72 19 38 31 5 53 55 82 95 57 4 60 48 9 70 95 48 90 5 8 22 53 15 83 66 87 45 14 37 81 
47 10 54 76 59 98 21 11 60 90 14 33 83 12 95 76 3 16 2 31 64 49 23 77 16 82 57 38 14 34 67 71 21 89 91 66 35 24 97 53 
20 40 7 18 21 50 48 16 60 88 39 35 2 68 87 96 24 43 56 85 67 65 69 87 13 6 40 34 46 48 93 6 29 32 50 87 23 77 64 76 
77 44 94 79 1 55 17 7 90 14 61 19 15 30 2 33 38 56 59 68 11 21 75 33 81 42 95 80 66 21 2 50 24 75 76 20 37 78 65 61 
90 41 34 47 52 68 36 19 27 24 16 62 28 45 56 9 65 54 25 13 88 28 19 14 2 43 78 59 81 99 86 35 93 67 44 80 40 92 9 81 
19 4 51 50 12 46 6 48 39 47 50 96 95 26 46 83 35 45 82 17 72 63 70 52 70 50 15 92 78 78 99 22 49 57 39 23 27 97 61 56 
79 3 21 82 69 97 1 77 69 49 95 5 1 33 73 88 56 30 3 46 24 93 46 91 97 32 37 13 87 74 60 71 79 21 19 2 10 39 45 66 
29 99 30 12 74 23 94 26 81 94 61 53 27 41 26 97 91 42 84 33 35 6 14 77 86 49 94 28 43 21 39 43 64 72 98 9 55 23 58 16 
64 64 21 54 35 20 30 86 50 64 21 28 12 27 15 47 17 85 78 10 66 58 11 88 55 59 17 28 99 35 35 68 45 64 4 31 44 20 27 31 
63 16 64 89 6 16 58 36 68 34 66 63 99 65 90 64 47 61 91 44 96 28 86 42 90 37 37 23 97 54 54 77 92 32 21 60 39 19 29 92 
41 92 39 30 28 40 28 66 50 40 21 13 18 19 35 52 96 86 57 24 36 58 15 59 77 3 78 59 77 42 59 22 6 98 38 11 28 81 38 29 
21 16 6 30 98 50 34 36 46 73 30 57 7 15 28 60 35 65 92 36 13 70 15 43 28 27 72 66 43 48 23 85 83 67 57 5 79 23 33 75 
83 92 27 89 72 55 41 4 50 37 1 43 92 38 35 24 42 20 72 25 16 96 9 34 60 91 36 83 32 27 89 17 13 7 20 4 5 28 58 19 
94 51 90 61 96 48 97 4 95 3 49 37 82 48 89 79 16 79 43 63 16 25 13 60 47 7 40 78 22 15 93 21 86 54 55 1 41 53 76 16 
62 99 82 21 40 35 62 39 56 17 1 27 28 59 47 24 98 4 65 27 32 99 56 61 81 87 38 60 99 85 6 23 34 44 41 73 75 99 3 2 
93 56 41 59 57 12 61 96 69 99 40 57 6 18 52 97 91 60 75 58 41 83 77 87 28 59 68 82 64 32 82 68 31 99 8 77 54 2 68 30 
48 72 74 20 72 7 71 1 25 95 56 57 20 78 54 20 70 87 45 13 16 32 60 35 10 23 18 97 42 35 44 50 20 81 49 40 37 32 63 61 
8 13 85 11 49 9 41 67 54 58 25 90 76 97 59 3 94 1 99 69 85 70 91 87 17 86 85 50 98 46 54 92 76 86 83 84 85 62 45 17 
1 13 83 73 32 24 10 87 61 89 22 4 98 13 97 20 69 34 20 72 78 26 75 35 20 8 16 89 27 20 80 59 19 25 2 20 58 37 57 78 
53 81 72 19 64 20 54 43 76 52 51 15 83 45 10 19 13 36 10 78 27 86 95 25 81 19 9 21 32 26 61 9 16 75 87 66 21 41 14 43 
12 73 63 14 56 34 59 52 21 82 35 62 24 60 55 77 14 95 37 23 32 90 50 87 47 3 51 31 73 21 32 71 80 67 70 29 99 31 28 1 
53 72 80 4 7 67 32 74 94 70 31 12 41 87 22 19 60 59 25 27 79 49 49 39 20 29 34 8 14 50 78 33 27 18 98 26 72 25 4 68 
60 21 47 24 99 27 5 88 80 82 27 17 36 7 31 11 79 11 71 87 25 46 90 31 67 92 11 61 18 17 17 80 30 80 16 74 62 74 13 63 
63 77 10 32 27 18 56 45 48 65 84 65 36 95 81 59 26 20 51 64 82 18 20 25 90 5 37 73 66 35 60 89 12 68 94 66 28 40 48 85 
82 2 76 18 8 66 84 19 82 45 74 44 28 23 4 39 37 22 41 24 32 85 12 90 66 29 98 74 39 19 3 15 61 71 81 78 18 99 38 76 
9 54 15 41 44 89 19 79 81 74 86 17 27 54 43 96 9 44 11 45 82 19 55 92 52 87 32 26 68 76 48 4 61 6 27 68 9 62 71 31 
73 92 84 28 98 34 20 62 42 53 16 54 27 17 67 28 36 86 40 52 99 38 16 31 84 79 14 94 89 32 92 57 62 92 3 35 46 2 95 94 
43 93 25 3 38 37 64 24 12 1 26 42 7 57 48 16 9 72 2 32 89 10 86 21 42 9 31 67 32 13 47 55 60 47 30 39 99 66 60 9 
35 97 24 82 76 48 65 5 33 17 66 94 7 56 64 33 28 12 89 4 68 6 73 8 72 64 46 26 66 7 91 52 78 36 91 53 9 69 81 71 
97 73 25 11 51 47 45 94 64 25 37 7 59 94 17 99 37 48 11 24 43 24 51 33 48 86 1 79 31 69 54 33 24 51 74 98 41 52 95 43 
29 17 84 78 28 89 1 33 69 30 61 85 73 10 31 49 1 65 88 39 96 84 98 32 71 68 41 81 57 75 62 67 83 1 50 96 36 4 93 59 
78 48 52 26 32 5 98 42 46 20 8 42 94 89 18 82 91 69 54 84 72 51 8 30 99 32 66 28 42 47 81 44 59 92 22 24 46 6 25 50 
95 15 4 48 36 23 83 15 75 29 68 62 66 72 96 33 17 5 61 86 5 79 35 66 73 46 65 25 96 50 44 36 26 60 2 87 87 81 69 80 
86 18 44 2 93 69 23 49 59 79 57 70 58 13 51 30 20 60 73 63 24 47 6 57 54 83 51 96 46 58 34 33 92 59 21 48 96 34 83 17 
9 83 36 28 21 51 31 84 20 74 42 40 82 10 34 66 86 41 56 74 58 75 97 34 16 38 26 73 59 49 52 13 1 19 19 1 32 41 74 70 
36 6 37 3 29 61 59 48 61 13 78 19 45 38 85 22 45 58 56 5 18 58 49 66 70 33 38 4 25 21 51 59 99 28 13 72 42 36 78 86 
38 96 67 23 83 52 16 42 45 66 76 50 67 99 97 72 56 99 51 43 59 78 69 82 77 31 5 32 42 68 27 2 34 5 63 72 81 78 57 63 
30 67 33 85 85 15 12 41 81 7 43 82 61 48 61 29 70 63 34 49 5 8 98 25 18 81 59 25 42 61 9 37 8 49 2 49 65 70 68 11 
85 96 68 32 89 69 25 36 94 46 34 6 9 66 72 80 68 37 49 54 25 61 16 69 77 50 3 46 81 92 33 66 51 60 32 53 17 49 65 57 
43 92 79 32 26 10 65 97 26 53 53 85 96 58 88 26 91 91 36 99 78 16 10 23 93 1 52 87 15 97 15 98 38 2 90 94 77 46 93 91 
31 10 79 34 92 5 56 52 52 84 42 13 88 59 46 13 62 72 79 1 12 99 12 97 86 33 6 39 57 53 85 73 65 47 52 16 74 22 70 36 
81 11 20 19 40 75 65 38 40 37 69 61 46 14 72 68 69 75 15 50 30 85 48 83 46 33 79 43 58 45 22 58 24 33 58 72 98 58 45 40 
36 60 16 32 99 25 14 86 80 17 72 78 69 78 36 3 40 58 53 71 4 70 72 80 35 88 30 2 18 59 7 71 99 27 53 23 39 52 38 51 
44 11 81 24 81 42 22 14 3 70 59 16 79 49 78 97 15 10 73 41 93 16 92 49 64 60 3 2 96 75 88 39 65 30 18 72 54 47 25 61 
50 81 22 73 29 66 37 78 5 50 28 54 88 21 95 64 66 97 58 86 70 65 59 59 29 94 64 96 98 19 49 55 77 45 26 51 39 13 10 73 
22 20 24 4 38 49 47 22 87 91 9 45 37 67 45 5 13 21 45 73 75 82 22 68 57 40 97 40 71 4 94 53 87 72 75 26 53 52 86 52 
26 18 60 98 64 80 17 52 82 27 90 8 70 4 24 82 63 13 42 38 7 79 25 67 14 15 16 60 30 87 3 85 12 77 82 11 26 19 96 28 
93 32 5 77 38 84 27 26 28 36 56 66 90 91 28 52 47 17 70 17 89 75 21 57 10 14 75 54 16 54 81 52 2 90 73 4 43 40 52 34 
16 82 40 76 70 41 22 90 69 83 33 62 74 78 17 12 24 71 4 61 9 44 35 14 84 33 95 43 90 46 93 10 33 40 62 95 53 5 76 26 
16 17 20 55 2 56 33 84 97 81 43 36 64 77 19 30 85 10 25 46 78 92 5 34 35 20 53 92 60 1 92 5 26 21 4 32 95 90 16 4 
2 28 97 88 92 14 20 9 40 44 55 70 8 38 32 14 62 19 99 36 5 59 35 78 11 87 61 85 42 71 67 13 89 75 85 77 23 80 79 70 
45 70 45 76 39 74 37 32 28 55 45 74 90 41 86 85 42 4 96 67 3 72 1 98 71 13 46 44 87 27 15 38 55 32 63 92 92 67 11 37 
82 62 88 39 45 85 63 15 81 13 50 52 31 63 50 15 26 77 45 15 47 76 85 37 86 64 34 1 44 6 26 86 92 68 74 88 94 37 41 45 
88 52 90 46 18 91 79 33 18 70 71 77 15 99 64 98 33 82 9 13 97 64 84 16 58 47 66 34 99 44 40 22 20 46 16 45 93 95 86 10 
8 4 16 60 33 41 88 21 7 92 47 52 81 91 43 53 68 66 81 65 65 99 59 38 16 51 94 18 45 70 6 32 31 84 93 14 59 25 67 78 
53 1 51 79 35 90 26 69 11 81 67 8 3 18 56 60 64 96 56 22 44 91 11 67 47 68 95 63 58 13 46 36 47 97 28 92 68 99 62 99 
83 18 54 37 73 83 5 90 33 8 42 29 3 61 76 36 62 33 5 52 21 93 87 16 23 31 63 35 43 73 33 65 28 87 52 4 89 76 68 66 
67 24 35 67 20 64 18 75 11 10 82 7 90 21 6 4 79 69 51 37 41 31 39 92 50 38 60 87 62 47 49 88 48 15 27 75 45 34 40 39 
79 10 68 40 58 84 31 15 93 49 97 92 92 42 25 10 29 2 88 71 20 74 31 89 26 84 34 3 49 52 17 21 10 60 10 88 47 42 34 49 
77 80 95 41 1 54 34 11 88 21 98 72 77 33 15 87 58 13 98 89 13 43 62 85 88 1 61 29 39 62 61 76 5 14 83 26 44 59 88 97 
33 27 83 9 30 98 56 47 55 48 54 31 42 22 37 23 86 47 96 59 63 68 65 79 50 23 99 55 18 83 77 82 35 56 90 16 37 87 45 10 
82 2 23 26 94 73 95 12 97 18 59 60 24 95 23 97 52 50 4 55 56 30 84 16 82 20 82 29 23 46 91 33 7 98 47 56 86 81 74 83 
24 39 21 7 77 57 49 8 36 89 3 64 1 2 33 23 46 89 7 17 84 83 66 4 29 72 44 39 54 48 84 30 67 88 31 75 76 19 65 93 
1 87 57 72 85 28 44 20 9 60 15 66 69 27 22 69 54 69 96 53 91 42 44 42 65 78 84 74 18 44 87 26 22 51 23 61 76 56 83 95 
70 93 52 32 31 6 28 95 1 64 16 25 99 35 79 54 30 29 23 89 94 47 22 98 2 99 15 50 22 86 27 40 26 67 75 82 43 66 31 35 
45 92 89 10 86 80 79 41 13 51 16 63 70 38 7 48 59 35 75 6 36 63 4 73 39 29 68 41 5 20 12 45 24 35 32 75 53 6 53 89 
3 61 52 49 80 79 76 14 66 12 30 44 91 22 84 24 97 19 86 86 8 89 13 95 76 97 18 6 92 46 63 16 25 8 76 87 11 94 82 30 
3 10 99 11 2 88 19 7 93 61 85 61 54 27 81 52 57 16 1 64 42 51 79 57 1 68 33 50 80 82 16 35 44 97 63 24 88 48 28 27 
26 28 10 73 11 15 72 96 37 78 11 51 95 81 97 39 68 45 52 69 35 78 12 13 39 45 15 17 13 38 23 61 72 64 51 27 96 61 5 84 
26 56 37 94 90 84 36 31 15 56 9 45 57 5 80 26 4 77 7 11 90 30 8 93 50 56 29 40 99 56 86 80 93 30 3 16 56 4 22 53 
27 19 2 4 48 55 51 94 85 85 15 12 96 43 3 41 7 43 35 50 72 6 8 19 34 69 47 3 58 34 76 84 39 25 23 27 74 18 49 65 
11 96 57 90 82 26 45 70 67 22 5 71 53 97 50 97 10 80 39 77 22 90 85 64 88 90 85 93 26 57 87 2 21 8 73 25 29 31 10 25 
80 40 90 78 33 50 68 97 5 1 83 25 90 49 35 5 17 75 95 72 94 41 20 1 36 2 52 87 6 49 5 68 16 71 65 47 79 16 33 68 
20 36 20 35 28 45 6 66 9 30 54 77 73 9 76 24 66 9 84 6 26 7 43 13 5 95 96 18 6 12 95 87 65 16 80 97 86 30 14 11 
71 94 36 81 8 73 36 15 9 96 31 46 29 43 45 27 94 68 42 56 48 14 77 55 34 69 90 8 48 52 64 32 76 96 54 44 15 77 70 64 
84 88 14 58 26 50 48 25 73 91 19 27 37 92 3 49 92 14 66 73 82 57 70 91 59 4 70 74 12 8 87 58 31 41 31 70 80 59 73 99 
94 74 16 19 77 56 47 89 5 25 6 57 20 36 87 58 39 95 4 24 91 85 3 2 26 77 52 49 15 66 16 73 24 91 56 74 16 95 51 11 
42 51 32 59 25 70 63 89 14 12 25 56 17 95 67 28 86 72 10 22 86 50 23 37 5 16 90 74 39 64 39 97 67 27 22 65 49 2 78 51 
41 87 12 32 45 63 6 62 28 96 19 87 77 47 93 87 76 68 35 91 25 62 87 53 23 10 49 54 54 1 20 51 12 15 36 96 51 59 55 61 
26 24 25 10 25 18 15 60 17 68 67 29 13 45 97 32 16 68 16 46 83 81 45 48 12 30 88 17 81 75 44 36 57 29 44 83 94 1 27 33 
16 7 51 15 27 63 8 63 57 67 23 43 37 38 82 69 92 1 37 23 31 97 63 79 6 40 32 83 62 5 75 34 34 25 92 38 28 83 42 17 
46 13 31 32 95 89 78 12 61 25 35 40 32 1 99 59 9 77 80 70 43 85 77 98 25 86 63 11 31 80 61 95 11 9 88 31 60 26 5 57 
81 89 68 99 36 8 46 77 99 98 21 98 32 28 32 99 93 44 97 79 28 78 68 76 88 24 4 31 94 42 14 49 28 25 13 55 26 44 75 70 
29 15 55 8 89 87 7 16 88 92 88 20 8 71 13 24 81 88 2 89 99 65 65 26 80 68 7 99 39 88 44 61 21 89 57 37 6 61 16 27 
88 55 33 95 15 71 41 22 37 19 58 39 16 50 97 83 78 99 61 87 98 5 77 67 61 48 90 56 9 46 7 77 22 1 9 45 79 80 52 97 
81 29 63 19 24 70 98 39 78 63 96 17 86 54 62 72 93 25 32 53 77 82 24 23 25 36 70 96 58 83 4 83 45 84 46 11 59 72 18 25 
98 20 91 64 40 94 46 12 76 77 31 63 91 97 57 23 31 6 53 65 45 68 30 96 47 49 25 84 92 28 20 14 45 97 77 4 87 12 75 49 
1 89 92 60 89 96 95 36 9 80 79 20 76 53 39 26 27 94 18 53 45 47 71 49 5 44 6 31 86 67 48 9 92 38 68 86 31 73 51 88 
65 66 8 81 7 9 62 16 46 73 88 44 66 69 7 1 3 51 43 84 94 16 84 84 46 55 92 6 89 68 82 60 92 56 38 52 4 1 72 93 
82 58 94 31 73 31 88 66 34 84 47 79 12 98 95 54 8 93 15 19 72 24 59 2 41 95 3 8 75 16 13 71 59 80 18 60 76 61 48 24 
37 6 97 48 81 88 71 38 12 54 55 46 17 76 97 76 7 30 37 48 13 14 45 89 98 72 63 8 3 2 98 54 80 7 20 22 88 81 2 37 
37 57 81 89 53 5 81 27 36 21 9 96 39 61 32 41 98 41 26 6 28 41 8 51 32 14 97 40 53 21 16 13 42 89 62 25 73 76 89 28 
29 88 27 54 3 46 84 54 15 1 23 27 54 49 44 70 72 23 85 74 3 21 67 65 59 95 75 22 91 89 46 4 12 56 41 34 69 98 14 65 
75 5 19 25 36 65 66 72 8 91 24 22 24 23 27 36 48 1 33 73 26 31 85 81 45 32 49 80 74 85 38 89 89 86 79 18 14 51 13 81 
96 5 75 66 56 5 6 60 99 51 94 50 60 39 25 31 10 41 81 10 77 69 88 32 73 62 74 3 26 18 53 27 50 10 3 4 59 48 57 30 
19 79 49 84 57 92 5 53 3 76 99 29 54 39 85 19 54 28 99 89 27 40 70 63 63 25 3 70 38 45 24 62 73 74 92 74 40 21 13 76 
93 51 30 45 32 50 25 80 92 78 79 37 14 43 52 40 73 19 43 16 49 36 40 21 75 2 81 12 92 98 17 51 67 77 47 55 28 30 98 33 
31 72 15 91 5 27 79 20 65 62 91 31 15 78 43 62 85 71 12 36 10 59 67 68 50 91 94 69 23 10 95 51 91 60 15 15 83 71 94 77 
76 61 24 12 49 11 77 18 46 42 89 45 63 94 77 84 55 62 74 82 68 82 38 72 77 95 40 68 70 59 83 77 98 54 76 79 96 12 10 29 
73 58 95 45 67 40 85 45 37 4 50 7 27 82 40 68 88 78 7 32 88 20 80 3 74 32 12 8 99 67 70 41 60 87 36 62 15 44 66 94 
50 76 62 64 89 97 67 20 19 3 42 47 51 13 40 71 89 68 80 21 56 86 72 58 40 53 55 54 31 20 85 14 50 54 15 28 26 81 92 45 
8 21 28 64 10 78 51 60 74 42 9 24 65 80 78 59 44 2 24 19 55 86 60 8 96 55 80 9 99 41 4 31 2 93 79 84 43 11 94 59 
21 48 29 84 77 89 2 58 27 44 4 71 59 29 8 65 11 94 29 51 62 94 15 87 73 78 13 45 63 72 67 87 39 99 6 59 33 40 53 86 
92 66 40 46 56 71 1 73 22 34 95 50 11 31 7 47 2 25 7 19 93 16 65 12 84 41 98 59 17 15 22 69 75 65 43 60 33 55 6 68 
28 59 74 94 77 43 28 83 64 70 5 73 88 93 31 69 67 67 18 30 54 84 39 70 35 8 21 72 47 1 69 90 13 32 99 36 67 68 32 66 
34 26 68 4 39 19 71 60 10 26 87 57 28 59 10 19 30 29 69 69 38 50 49 16 27 89 69 27 90 42 61 98 95 40 66 21 7 35 11 35 
77 33 74 87 59 70 98 75 85 92 80 31 49 10 93 95 78 82 5 28 93 38 23 21 46 33 67 34 44 82 48 22 48 1 40 96 19 1 38 63 
90 35 60 20 16 88 25 63 26 43 19 94 72 10 53 34 57 41 62 31 38 83 16 84 12 82 93 55 21 73 9 1 23 85 57 57 93 12 32 26 
41 64 24 25 3 5 72 32 83 50 16 78 63 58 89 67 60 96 37 29 5 96 92 23 56 68 43 5 78 56 21 4 55 18 80 62 9 33 17 37 
46 40 56 85 97 37 23 65 75 93 71 24 80 12 62 45 27 23 35 9 81 72 20 37 53 23 77 93 95 94 68 33 87 6 17 23 70 96 66 37 
2 64 36 34 32 53 11 2 61 56 85 6 3 16 31 87 72 4 26 86 88 43 47 66 26 24 27 5 3 61 48 63 24 41 2 90 79 25 80 13 
98 18 42 83 45 24 59 39 84 99 87 80 68 48 99 98 26 90 46 8 70 74 9 79 12 42 17 24 20 97 63 36 82 58 23 17 19 42 47 89 
57 74 82 15 96 41 17 21 60 82 27 28 85 49 28 3 37 82 91 2 47 28 17 20 31 27 62 87 95 35 19 9 73 82 76 68 24 39 98 37 
90 87 14 43 74 46 66 89 6 63 56 45 76 28 8 10 10 90 87 35 85 30 81 99 27 45 83 39 2 47 52 41 88 19 97 9 49 28 33 24 
74 12 32 89 45 96 35 34 90 79 10 18 98 91 75 61 28 83 89 12 77 44 16 32 55 80 37 51 48 68 88 95 15 12 20 49 16 67 91 93 
84 71 11 54 49 27 53 99 82 65 61 59 12 4 75 58 29 96 42 88 23 24 60 8 41 38 93 82 73 31 61 46 21 51 86 83 27 37 88 74 
20 91 70 5 20 24 17 46 4 69 88 43 44 47 55 53 5 46 50 95 26 62 63 9 33 59 7 1 93 17 56 66 90 54 35 39 74 17 49 6 
37 35 4 85 4 6 38 68 45 64 82 31 71 75 60 94 5 21 11 46 14 76 20 40 56 1 32 25 4 57 13 12 82 42 40 97 40 59 53 81 
31 27 71 90 28 74 32 98 38 74 42 34 81 99 82 31 78 62 48 5 73 90 24 62 45 47 55 54 94 6 21 10 75 55 33 54 18 90 52 57 
57 97 2 80 11 81 7 19 78 42 13 96 74 60 65 62 86 15 47 47 2 62 75 53 3 83 2 90 4 26 36 86 47 95 47 5 30 57 71 95 
18 81 67 9 73 12 35 52 4 48 33 87 37 96 84 27 60 94 22 76 65 75 68 11 2 48 17 67 83 42 75 14 6 98 99 67 70 53 59 78 
82 99 84 68 2 64 97 93 70 89 72 79 4 99 32 71 77 89 12 46 42 15 87 31 69 80 99 10 29 78 67 42 43 42 9 83 7 70 68 79 
30 62 37 90 80 52 42 57 92 98 86 7 12 52 36 96 94 62 67 27 93 52 15 65 89 69 19 60 58 75 85 67 63 61 85 18 19 99 46 43 
95 50 23 8 24 94 59 63 7 2 75 15 2 88 54 59 79 43 42 10 13 51 27 16 93 39 90 98 61 25 45 21 20 1 59 15 66 74 67 98 
20 30 80 40 18 57 71 29 36 54 11 87 16 8 22 31 37 15 54 26 27 86 8 9 6 64 40 79 18 71 59 60 45 45 36 39 80 77 44 50 
48 73 49 84 75 21 23 24 17 73 94 45 61 82 85 14 82 41 58 18 68 26 28 13 61 40 42 48 32 99 60 8 64 94 95 21 89 42 81 90 
2 9 4 32 59 97 30 31 6 18 5 48 88 21 36 38 60 30 64 82 92 64 30 58 5 33 44 19 50 14 51 49 29 18 91 94 77 69 27 13 
24 70 22 61 60 98 70 79 26 27 94 78 34 42 78 14 2 37 59 58 62 72 81 30 11 62 62 43 94 41 52 60 48 49 15 16 83 90 83 11 
62 9 58 63 49 46 15 55 19 98 80 54 51 31 83 8 17 58 25 7 55 25 86 76 94 88 54 86 50 89 45 4 19 38 94 88 38 7 86 49 
12 39 10 24 72 24 8 59 91 57 54 46 85 44 71 81 68 87 95 94 84 66 39 4 71 14 45 53 43 80 30 5 30 69 96 17 12 46 84 89 
45 32 31 33 90 23 45 87 45 3 79 88 92 34 24 87 39 29 84 61 56 59 57 28 10 15 60 90 58 20 87 61 43 82 26 93 49 48 33 54 
77 81 22 4 83 86 73 62 98 43 4 44 71 10 45 44 53 56 82 39 88 91 61 56 25 19 12 65 28 60 92 50 32 73 6 19 22 57 82 16 
52 87 47 53 8 89 95 68 32 1 96 53 99 37 92 82 78 46 20 60 4 55 47 43 20 52 9 66 38 88 79 60 34 92 69 96 52 48 57 13 
83 28 45 77 72 79 51 64 58 13 53 25 9 78 86 37 82 15 92 37 69 56 42 53 37 82 51 20 84 22 32 90 44 43 51 72 9 64 20 55 
21 18 77 30 12 43 95 76 45 86 97 86 19 18 50 30 9 31 89 42 10 21 53 14 85 22 73 37 26 77 66 38 54 55 81 81 5 19 50 67 
38 78 84 50 65 1 32 64 59 71 24 97 45 53 51 8 29 75 16 48 2 91 82 75 65 98 92 58 86 76 89 33 83 34 72 43 49 93 59 46 
54 33 36 99 3 22 92 22 83 66 31 87 66 9 74 53 50 97 83 33 43 49 18 15 94 69 74 88 11 13 5 58 18 20 75 31 77 83 27 56 
53 84 65 4 21 55 95 78 69 49 77 37 86 93 54 71 85 62 78 65 93 77 35 1 22 34 18 32 97 23 19 21 53 29 99 52 97 22 32 59 
25 58 44 65 83 48 8 79 99 24 31 87 17 40 26 30 76 50 15 87 40 77 2 92 38 62 53 81 8 27 45 2 24 64 25 53 93 40 17 52 
92 63 60 62 78 27 64 43 96 93 16 47 68 54 16 59 83 39 80 81 85 30 85 44 10 33 63 22 69 58 26 23 49 28 96 41 82 3 13 98 
9 22 52 52 72 17 61 99 45 25 43 9 42 11 80 2 30 11 63 41 22 52 53 50 5 69 41 61 98 48 17 9 35 28 12 80 86 2 61 90 
57 31 97 48 81 40 83 69 18 77 60 91 71 58 35 36 34 82 70 30 42 60 77 53 27 49 21 23 14 88 9 84 30 56 65 43 63 74 78 98 
35 5 84 16 31 57 5 74 16 64 4 20 73 29 1 84 64 70 87 27 73 79 3 96 1 47 1 6 5 80 59 27 74 99 13 77 34 80 55 54 
17 29 75 83 82 36 40 80 56 51 15 29 21 39 75 14 56 69 33 49 86 75 49 91 26 41 96 37 7 5 18 34 86 92 78 37 9 64 62 28 
65 52 25 75 6 63 57 90 54 5 99 17 94 51 36 97 94 58 30 90 33 34 95 23 61 64 19 94 16 50 90 48 40 84 89 59 35 68 63 63 
37 38 88 82 42 96 43 32 63 18 58 29 80 99 83 30 99 34 1 16 64 11 74 5 99 60 7 32 52 82 57 98 51 76 17 70 10 89 39 86 
6 4 8 75 11 82 86 79 27 78 42 81 55 23 83 82 1 71 83 17 40 95 2 88 12 89 54 1 43 89 51 22 20 98 20 14 5 88 93 77 
42 82 12 34 33 42 62 78 17 33 7 52 77 61 43 3 27 10 82 66 45 6 22 10 53 71 21 20 92 14 39 94 34 66 20 43 14 38 21 88 
82 1 90 26 56 14 63 69 74 59 1 16 64 36 77 71 74 61 98 18 88 24 53 71 46 93 1 54 82 51 83 48 84 33 77 30 11 4 56 44 
31 88 80 68 35 77 11 98 39 51 9 65 67 17 2 82 48 87 68 88 57 45 94 58 41 84 92 11 75 35 10 44 86 79 25 82 71 32 76 24 
62 12 36 38 95 42 32 56 26 99 69 43 68 16 81 97 26 1 15 96 43 67 75 87 10 24 84 31 10 24 74 51 8 43 12 22 5 11 93 18 
74 26 89 68 96 69 14 48 12 2 30 51 82 21 87 9 2 12 57 71 10 48 8 5 2 83 96 71 9 79 7 40 82 90 58 38 50 69 9 75 
12 10 47 18 30 93 80 63 72 93 8 81 29 20 75 27 11 82 4 29 65 26 33 39 29 34 90 15 19 32 21 54 46 82 58 82 68 36 28 44 
52 74 10 18 74 86 24 42 27 21 17 90 31 91 26 12 41 97 71 63 96 74 22 45 22 35 89 29 67 7 5 8 12 61 62 11 24 97 84 44 
20 89 47 15 91 97 75 8 69 27 72 37 46 24 44 67 69 67 18 23 97 77 68 6 19 43 84 89 68 75 4 50 55 42 90 59 70 71 77 81 
18 13 80 60 45 10 26 97 4 33 47 11 9 7 95 93 94 24 55 58 25 59 41 21 60 89 8 3 91 34 74 68 81 11 10 72 7 4 24 92 
87 35 25 21 96 51 35 37 43 79 53 62 15 36 3 78 25 42 62 31 13 44 48 69 52 26 52 47 53 37 89 80 78 79 66 18 48 49 48 13 
5 98 73 5 90 34 12 98 59 51 99 76 6 19 74 51 87 39 61 35 35 39 64 12 21 70 9 71 68 25 22 34 32 90 92 64 18 27 18 51 
95 37 7 36 96 5 28 15 15 6 26 49 55 14 39 61 79 24 24 58 10 35 49 60 1 46 39 40 21 52 47 52 39 74 30 21 78 2 3 63 
39 63 56 78 76 81 98 26 51 31 39 41 14 24 94 26 3 44 2 79 2 65 58 56 89 47 56 49 50 77 76 7 43 93 59 93 53 75 7 92 
91 14 67 68 5 17 50 1 69 37 91 18 23 55 8 65 19 59 90 74 57 14 26 17 58 83 89 8 88 85 39 84 92 11 75 3 57 34 93 63 
37 65 35 92 27 52 47 74 85 34 47 79 31 10 86 94 5 73 29 8 66 60 34 80 25 66 75 7 85 38 58 69 88 37 67 43 15 44 13 91 
39 4 35 10 62 60 56 91 81 19 77 78 54 86 40 19 54 46 66 52 39 9 52 5 3 93 34 52 77 86 38 50 31 49 49 93 6 71 72 9 
88 10 80 99 20 69 95 26 59 42 13 80 40 79 86 55 3 82 74 51 55 39 66 35 94 59 90 76 52 43 36 66 41 19 60 26 23 31 67 51 
44 73 77 30 44 51 7 72 86 6 35 68 48 46 93 48 43 79 37 2 78 5 42 18 97 66 56 22 26 26 58 67 71 78 58 54 52 74 63 70 
85 6 56 44 28 21 57 11 68 85 69 63 17 56 34 78 90 73 67 41 8 44 26 88 98 71 11 7 22 17 81 80 68 30 91 70 61 18 85 44 
48 38 69 55 85 8 54 92 33 58 52 52 49 40 2 51 49 33 61 48 76 15 96 35 74 85 36 2 87 60 40 33 59 64 5 29 79 54 25 21 
35 37 47 96 28 92 20 58 33 92 65 9 92 74 5 95 47 46 24 35 95 32 9 10 93 56 25 10 14 67 66 24 76 47 1 1 17 95 47 48 
40 51 32 21 6 56 86 34 61 45 86 88 41 42 4 5 39 75 11 82 23 79 34 34 97 4 49 6 70 30 19 3 86 47 87 68 17 92 99 42 
82 40 89 80 90 60 63 96 19 8 21 80 53 51 64 98 90 22 28 82 82 77 10 51 86 62 91 13 55 37 18 92 17 35 61 43 15 8 17 30 
22 7 60 86 9 96 25 96 90 40 55 94 63 63 65 28 56 36 64 50 45 89 96 6 68 72 10 66 72 22 29 80 45 98 2 17 94 43 90 85 
42 26 30 19 70 8 26 6 15 27 61 6 60 32 49 58 47 56 42 10 91 12 56 65 38 92 84 28 36 8 97 44 57 2 41 12 56 90 74 50 
3 2 80 44 78 5 83 81 24 39 47 13 55 38 47 60 48 2 73 99 18 12 25 47 60 53 45 82 94 64 39 16 55 29 50 85 66 8 64 50 
25 41 81 19 18 1 10 46 1 21 3 74 6 28 40 18 87 47 65 16 8 36 60 78 82 25 77 12 60 26 16 48 91 44 63 37 41 31 88 84 
95 72 2 69 2 75 74 16 81 62 51 6 14 63 74 34 81 23 31 9 4 88 74 88 77 8 70 62 30 88 71 12 95 47 97 23 67 44 37 93 
64 36 54 94 33 53 55 35 22 8 44 25 52 84 58 72 14 25 80 47 96 62 17 16 90 71 95 20 76 26 44 9 83 62 69 31 77 91 32 15 
59 64 21 52 33 88 52 38 69 21 4 3 85 36 65 78 66 4 47 55 78 97 32 11 31 26 91 40 74 91 90 34 78 48 73 92 81 68 97 54 
37 9 26 30 42 64 33 88 31 66 57 24 99 44 95 64 20 23 48 52 14 14 28 78 22 1 29 8 36 39 53 5 70 93 37 71 21 99 20 97 
4 70 46 90 10 56 6 8 5 9 35 16 34 25 12 3 73 66 87 3 35 48 56 51 66 70 40 17 82 45 21 87 57 39 55 98 10 19 92 12 
90 37 50 48 13 85 7 89 7 87 21 27 80 70 87 40 51 40 28 59 3 59 24 35 24 95 29 96 42 19 41 52 90 54 94 96 61 77 66 87 
68 96 13 31 92 27 63 21 17 21 44 67 11 7 79 55 69 81 95 20 34 39 60 53 38 75 49 61 33 93 70 5 31 48 87 64 84 93 25 84 
52 39 39 79 79 75 53 49 70 8 87 45 72 8 31 21 25 56 46 12 17 69 31 98 71 9 32 46 64 14 44 66 62 86 7 88 11 80 31 81 
53 59 11 77 80 84 94 67 21 15 23 89 26 99 21 80 51 12 32 15 98 22 67 47 33 38 44 10 81 28 79 97 18 82 6 31 53 36 13 60 
16 10 72 7 70 65 93 18 79 86 54 19 62 49 89 77 53 66 36 71 84 14 20 48 80 21 8 71 96 29 38 46 88 29 68 57 50 38 97 67 
13 23 36 50 95 92 64 49 8 69 65 42 46 83 3 92 56 53 71 62 86 76 6 89 93 98 66 17 60 85 64 69 41 23 51 79 98 37 6 22 
90 36 38 43 47 49 37 64 54 20 64 15 91 37 33 92 53 62 29 90 85 74 99 30 50 5 3 52 90 63 50 91 57 30 63 10 42 69 4 20 
31 14 67 31 43 39 49 65 49 55 52 86 78 24 30 86 18 84 14 53 22 83 84 42 66 72 63 73 88 91 13 96 10 56 84 13 83 73 60 34 
47 43 25 12 19 79 70 75 34 91 41 77 83 58 14 38 69 42 34 41 89 97 23 91 94 40 4 71 7 62 68 16 7 46 46 53 37 45 21 14 
11 67 50 30 48 24 1 57 21 49 88 80 45 7 81 83 49 41 4 50 65 51 43 40 27 65 64 52 34 44 80 41 84 24 19 41 96 89 38 10 
64 66 38 71 20 31 40 17 23 36 23 18 95 13 82 44 1 3 36 86 62 66 55 11 15 56 36 47 73 22 23 41 10 95 84 69 45 90 98 92 
44 48 45 48 29 91 90 4 71 46 46 39 67 68 78 55 48 79 51 59 17 26 29 30 79 16 79 40 21 42 8 45 48 54 20 49 82 38 11 76 
86 44 39 45 8 27 21 3 76 3 62 99 86 68 55 64 5 84 41 56 3 47 51 91 57 12 47 17 27 92 96 78 92 15 65 3 36 5 99 48 
48 30 26 97 46 45 6 30 49 30 81 59 45 16 86 49 78 99 45 3 87 48 92 23 48 41 62 74 21 56 26 13 56 83 11 21 31 53 74 63 
4 99 28 63 37 91 24 83 45 21 38 29 75 43 6 53 75 97 6 68 63 93 81 17 7 24 45 79 99 16 93 47 43 90 77 80 12 9 2 96 
46 79 52 68 51 76 36 73 16 21 66 96 74 47 97 20 19 95 39 30 79 22 62 63 99 57 24 63 20 64 52 65 17 73 41 95 61 7 94 79 
31 32 20 66 18 94 14 99 40 55 70 6 35 43 81 79 91 51 26 95 81 25 3 79 33 76 73 99 33 80 17 76 85 71 4 72 38 80 77 70 
41 7 54 87 62 79 79 28 43 76 61 15 96 89 1 56 27 51 56 35 10 77 51 58 27 41 77 37 68 68 47 8 38 97 89 67 73 27 22 28 
98 31 50 75 19 89 2 52 96 13 96 18 59 66 71 29 84 42 14 53 55 67 66 98 24 79 27 65 33 96 4 55 74 12 3 52 84 95 31 35 
24 40 90 22 35 69 17 78 74 39 2 59 57 67 76 27 95 85 9 49 71 19 97 32 40 2 65 23 59 84 85 59 11 47 49 96 84 35 61 16 
64 69 17 59 21 71 11 48 57 85 50 88 80 66 33 34 51 88 28 17 63 16 1 38 57 22 38 52 21 65 28 67 76 48 31 3 61 53 23 91 
44 65 93 67 73 51 96 10 65 97 67 35 25 22 77 94 6 85 24 75 4 37 82 83 96 13 23 40 2 99 7 30 46 64 67 45 5 32 87 99 
27 74 14 83 78 46 89 89 12 19 24 8 84 30 30 88 61 25 28 31 31 47 66 43 22 47 73 40 70 31 71 46 40 99 75 17 33 86 52 12 
30 47 64 57 69 61 28 26 45 36 33 24 57 90 85 19 35 1 63 30 68 12 33 82 31 27 10 59 87 70 35 31 90 89 93 20 56 63 2 70 
51 84 36 94 34 68 38 96 51 49 66 76 96 10 20 79 74 81 58 7 14 4 35 13 76 23 94 83 54 78 91 81 94 5 47 40 39 40 48 22 
45 52 64 49 95 45 50 80 46 99 18 20 13 68 24 31 7 49 50 52 82 14 80 41 12 79 53 73 1 67 32 54 67 94 41 21 36 67 40 87 
58 67 1 96 19 10 67 10 73 69 69 30 66 15 67 83 63 59 12 5 67 88 94 69 39 73 84 57 73 56 38 66 50 81 64 60 90 95 93 13 
23 54 5 97 78 38 71 60 60 6 85 37 66 40 92 96 67 56 3 67 82 31 85 87 90 66 5 54 80 57 80 40 28 27 63 45 56 53 53 91 
78 12 99 69 61 69 11 50 65 73 98 74 7 50 15 92 28 19 80 70 38 87 12 49 85 78 99 26 45 82 66 34 38 67 89 5 61 82 40 66 
98 34 35 18 55 41 10 57 71 93 38 71 24 18 46 40 83 35 59 91 61 74 50 36 48 93 57 15 5 89 54 72 94 71 91 87 36 70 28 23 
6 71 32 45 29 59 25 97 65 36 99 85 73 55 80 49 23 81 95 51 58 34 64 72 3 32 40 31 34 93 38 99 14 59 57 32 42 5 42 30 
47 95 11 10 9 95 75 4 77 42 51 78 99 98 56 27 51 99 5 22 57 26 86 97 4 72 65 1 67 37 57 90 11 60 25 23 98 98 53 4 
49 60 66 78 47 16 28 12 91 38 47 17 40 30 68 20 13 23 24 47 97 33 5 74 70 8 93 5 50 53 94 92 37 58 74 51 60 76 16 58 
14 20 29 10 9 7 21 91 43 23 19 64 77 99 24 97 74 20 13 35 85 55 84 88 30 42 61 97 15 53 24 54 10 61 57 41 48 78 7 66 
58 20 44 92 45 3 65 80 2 36 64 37 79 59 11 29 68 72 39 67 68 9 2 97 69 94 4 71 70 2 19 95 54 93 85 42 38 25 59 41 
8 66 19 73 57 81 33 22 47 81 29 86 95 65 52 43 74 65 35 64 85 6 51 75 52 18 83 69 18 63 4 82 11 69 18 31 81 34 48 19 
9 52 64 42 5 88 80 78 3 77 51 62 66 69 65 67 11 78 72 70 13 64 91 62 42 88 4 3 76 70 91 7 57 57 48 32 12 61 87 73 
83 41 98 75 88 3 30 63 42 47 85 16 32 42 35 66 86 86 18 12 82 88 69 79 63 99 33 45 74 48 33 32 75 56 39 99 19 34 47 40 
58 76 2 79 1 56 55 24 70 20 32 75 53 27 14 71 63 66 71 83 39 6 21 93 87 18 29 35 87 80 38 63 59 8 3 39 61 93 95 77 
3 31 77 21 17 67 63 97 90 42 18 81 68 88 91 30 42 22 93 68 9 36 99 18 56 73 60 85 15 60 85 12 20 23 92 13 35 98 78 70 
62 10 20 72 98 7 5 84 12 80 41 87 15 75 46 6 12 27 43 94 82 34 78 31 12 13 5 28 71 77 76 19 8 96 32 49 33 79 49 35 
37 73 59 39 35 12 21 49 26 36 91 31 44 79 96 64 39 19 63 26 41 54 66 15 31 9 63 99 16 84 75 4 93 64 5 96 58 39 59 38 
17 74 97 47 60 72 14 25 71 90 60 6 35 35 15 35 55 93 12 32 4 41 45 64 87 80 17 17 62 83 67 15 73 55 98 63 57 43 13 3 
26 94 18 99 71 19 60 87 98 10 67 30 68 24 59 27 80 98 48 50 41 53 53 12 78 61 93 77 67 97 42 49 15 53 20 98 35 39 25 99 
19 95 55 89 54 17 33 90 14 65 36 69 16 56 76 8 70 74 6 38 70 55 9 47 70 52 72 76 62 84 37 40 21 74 11 41 72 98 79 90 
28 84 61 26 23 55 84 91 73 65 98 48 36 11 80 44 89 2 29 53 95 43 22 73 84 64 12 9 98 17 23 34 70 33 37 9 42 5 75 88 
72 5 41 14 30 64 46 91 71 52 62 79 83 11 63 59 70 46 48 55 1 44 74 66 44 57 79 79 38 22 42 25 8 40 1 86 19 9 56 39 
91 1 72 73 49 42 65 70 25 3 13 32 79 19 27 83 29 18 95 63 98 93 57 69 88 56 60 14 93 96 17 70 25 66 35 65 51 30 3 11 
29 24 63 26 7 87 10 68 46 53 21 73 3 92 66 91 39 70 96 3 89 1 16 91 6 65 29 97 19 15 39 87 20 68 36 38 1 86 82 39 
82 88 23 51 91 8 26 47 94 28 62 20 33 55 45 31 57 89 10 49 11 55 32 86 48 76 1 91 92 60 67 45 67 71 88 70 83 27 55 56 
73 63 85 65 41 32 71 51 74 58 71 40 38 40 59 78 45 2 97 98 14 49 30 63 82 97 11 1 74 77 78 58 86 47 31 95 14 42 38 82 
75 63 55 43 30 11 94 28 62 9 16 90 28 56 34 36 34 82 35 63 66 73 51 47 66 10 19 13 71 36 96 11 37 28 94 78 34 54 96 18 
59 28 83 31 25 80 54 78 78 25 63 63 40 99 7 52 91 71 39 41 28 80 61 73 59 41 48 54 52 36 9 33 99 54 12 39 3 63 41 77 
52 16 58 39 92 25 96 14 69 17 99 63 19 53 30 53 58 57 46 32 54 35 45 62 12 62 56 1 60 26 34 68 64 66 53 21 63 39 60 43 
44 83 45 61 75 95 65 1 34 50 9 97 65 94 38 25 16 25 25 64 6 1 99 46 71 44 99 22 87 78 79 36 84 9 25 44 78 73 19 85 
65 82 1 50 61 26 19 35 38 83 35 79 71 12 27 92 40 6 70 81 81 14 15 12 11 40 19 32 3 17 29 77 6 83 1 85 34 49 47 96 
69 15 51 84 14 60 50 13 84 23 4 55 13 35 74 67 65 53 81 6 77 4 90 48 84 79 31 92 27 30 63 27 85 65 55 58 89 83 63 48 
44 88 90 98 50 47 31 89 78 34 50 42 51 63 61 21 10 35 14 54 30 89 93 22 76 14 4 16 51 43 40 6 53 24 80 7 8 28 42 95 
64 46 88 2 7 34 67 40 64 17 65 91 8 20 61 22 12 59 59 43 51 82 94 63 98 11 86 43 46 83 67 88 65 37 52 67 41 66 82 49 
47 37 74 45 20 60 76 48 19 67 58 81 49 63 97 40 57 93 11 57 20 50 51 97 73 3 35 79 81 72 45 4 51 10 37 95 69 52 49 79 
31 96 69 15 28 80 43 33 48 27 47 42 64 73 25 7 40 35 41 32 80 3 35 38 46 44 92 68 70 62 67 87 98 13 85 12 84 20 84 23 
72 86 59 32 8 54 34 86 96 10 15 17 17 90 92 95 36 57 64 65 62 95 91 39 2 37 82 41 58 98 15 3 89 13 58 52 39 38 96 95 
29 71 14 10 4 24 4 55 28 92 14 62 41 25 52 75 78 60 36 40 42 98 1 74 92 42 68 70 11 31 22 33 91 65 87 77 40 56 89 55 
97 9 66 25 48 81 43 96 59 89 90 81 12 84 69 63 41 81 43 9 99 61 48 20 6 60 22 5 64 51 69 2 44 71 93 88 26 71 41 41 
59 71 57 11 42 88 12 96 72 52 53 71 14 42 61 66 81 15 55 79 78 16 23 49 98 23 40 67 38 44 58 48 17 30 74 47 5 73 96 30 
99 18 88 82 40 99 77 33 24 50 66 41 58 16 6 36 86 44 98 54 56 53 56 21 30 84 91 95 26 95 75 75 42 96 4 26 76 89 46 31 
82 4 98 32 96 46 8 56 87 22 31 35 54 73 84 3 14 77 2 77 58 52 3 32 99 13 74 70 36 71 42 26 33 86 46 12 96 51 35 70 
12 79 26 98 62 16 51 97 82 77 56 97 18 44 98 81 71 58 34 48 81 85 76 91 71 23 88 51 94 43 91 79 36 88 69 57 45 30 62 42 
82 89 88 25 37 77 32 76 56 7 68 76 53 31 5 41 10 44 77 89 97 72 71 47 46 82 3 13 4 61 42 74 98 34 36 17 29 70 88 67 
94 31 32 47 57 1 62 84 63 59 37 70 92 82 80 30 2 60 89 54 4 29 4 74 1 68 43 57 94 81 80 75 60 70 75 51 48 16 65 19 
56 22 45 20 95 92 82 1 62 22 42 27 30 81 96 95 13 86 38 76 63 37 98 81 66 69 12 88 58 67 58 51 49 97 88 45 6 80 42 59 
79 37 76 34 85 17 16 81 60 88 77 73 33 8 90 5 42 23 96 73 29 28 59 33 69 1 78 46 73 78 11 8 93 44 50 46 9 90 90 47 
72 81 43 68 59 58 17 93 83 44 36 72 2 2 87 49 30 3 60 82 50 87 78 27 56 96 74 61 89 66 44 89 47 56 64 27 13 20 92 94 
53 63 85 94 47 90 10 15 26 96 69 83 93 43 67 45 51 74 76 18 5 65 59 49 73 78 21 56 77 49 25 41 29 19 79 69 15 74 27 41 
1 51 13 40 82 40 71 22 9 65 22 94 68 58 83 53 29 4 75 31 38 46 55 20 57 79 50 30 81 73 52 78 27 79 91 44 38 71 46 36 
90 64 35 57 31 61 60 83 17 13 46 81 21 16 92 73 59 76 6 42 6 57 71 62 22 92 67 65 47 54 41 40 70 26 56 48 82 84 41 25 
35 84 48 15 90 92 97 31 41 81 65 83 98 79 35 48 48 4 47 4 86 17 13 20 14 4 59 66 4 63 98 24 11 80 59 15 52 22 29 45 
32 38 58 52 63 77 30 86 6 1 63 9 50 64 52 78 35 20 92 91 54 30 41 42 13 37 45 51 41 69 36 51 82 78 6 76 54 16 65 48 
66 86 55 22 29 28 52 10 96 61 52 16 98 34 6 45 57 91 94 3 23 91 53 81 98 59 78 23 68 81 69 41 14 36 26 99 18 3 69 43 
29 10 25 29 42 31 30 79 48 95 57 1 95 43 33 57 24 97 56 35 57 69 39 20 87 26 57 56 30 98 39 93 78 98 15 59 88 55 69 84 
29 82 27 30 2 62 94 38 86 35 64 19 96 42 73 2 52 19 15 63 88 5 81 14 93 2 41 28 39 18 17 50 89 43 10 52 66 65 62 91 
52 53 24 27 83 44 23 49 16 53 61 15 88 77 33 73 79 69 76 99 68 36 19 24 20 40 92 38 82 90 19 91 8 1 8 76 40 46 90 91 
49 97 36 7 8 53 58 53 50 27 45 37 51 5 9 81 88 76 34 9 57 49 6 76 68 24 97 77 99 61 97 77 10 25 22 29 29 17 19 2 
15 7 62 97 32 87 40 7 6 89 69 61 30 54 9 67 94 86 55 64 39 97 39 97 37 40 67 29 47 87 84 37 95 32 16 79 48 69 85 28 
75 17 7 81 25 13 28 86 98 83 6 55 54 55 79 51 64 77 78 56 84 50 5 10 43 61 33 47 87 39 54 99 56 89 79 78 5 51 46 18 
11 53 38 47 87 6 99 30 63 36 20 47 85 57 46 72 31 66 42 57 87 11 89 34 44 25 97 12 87 7 17 90 11 2 10 31 10 80 52 75 
13 12 91 82 64 96 4 74 82 74 71 58 43 93 99 37 36 14 21 13 61 45 14 61 45 91 22 1 27 97 84 89 38 94 28 31 13 73 86 36 
89 49 8 49 23 85 94 72 11 70 25 49 99 99 91 81 11 67 35 54 91 95 94 28 56 94 34 54 81 98 5 67 88 4 53 8 90 71 51 89 
99 44 87 58 47 40 14 88 75 83 30 51 82 6 60 83 32 22 60 73 15 57 30 84 62 32 44 59 17 95 35 21 40 96 44 39 93 16 61 46 
79 62 64 5 84 2 37 24 98 69 54 12 40 35 34 36 82 17 74 83 18 1 39 47 15 12 50 56 31 47 3 8 63 72 99 77 68 12 16 24 
40 32 35 98 39 73 31 20 66 84 68 27 91 45 73 59 6 24 60 74 25 34 37 54 81 80 40 63 41 39 23 56 8 69 8 47 41 18 67 80 
54 74 37 30 86 57 29 33 40 59 74 67 64 9 3 93 27 40 86 62 2 56 45 82 68 92 18 76 37 38 21 63 99 91 82 79 73 23 23 67 
89 86 99 42 15 99 49 85 2 78 14 68 21 47 81 4 44 92 66 54 33 89 4 64 42 80 41 78 57 74 94 26 65 64 93 44 48 36 78 77 
71 49 81 48 63 85 66 36 20 88 88 30 3 54 76 4 13 47 27 82 28 19 64 28 43 73 65 1 55 62 60 32 46 26 48 52 55 93 44 5 
54 65 9 91 39 66 72 94 10 91 53 97 73 3 60 43 38 55 21 64 93 32 98 18 85 51 32 41 65 40 45 38 54 14 23 83 16 31 75 72 
80 90 16 71 39 8 13 87 50 25 64 21 48 14 27 66 72 51 70 25 17 60 38 90 22 91 74 74 51 6 46 65 57 66 98 54 79 80 33 13 
98 73 61 71 37 45 64 18 80 10 49 98 85 61 73 78 47 4 95 55 55 54 44 79 4 31 70 36 21 49 62 72 69 91 9 61 30 89 3 40 
64 73 34 56 52 97 24 65 32 88 5 57 13 34 80 90 74 21 41 14 89 30 33 24 67 66 94 84 98 55 11 96 6 56 69 41 87 38 11 43 
4 9 2 65 49 98 83 16 43 48 83 18 74 93 37 85 77 92 31 20 51 56 56 55 50 72 75 10 11 92 74 37 7 70 94 59 90 22 26 3 
98 90 76 57 31 94 50 57 26 99 23 73 15 97 60 43 43 88 94 70 10 27 80 43 91 73 48 68 16 42 54 41 32 41 86 4 12 45 17 72 
11 21 56 99 72 10 10 69 5 30 38 3 56 9 65 24 96 58 52 32 30 60 17 79 29 29 16 19 58 99 6 97 2 49 63 68 99 94 45 80 
24 83 4 24 98 57 57 98 23 26 11 63 29 80 97 77 69 32 50 5 79 94 77 97 91 45 84 48 44 96 49 65 75 72 83 11 95 96 90 41 
72 81 30 14 99 60 69 81 73 25 51 13 93 49 83 91 44 40 60 22 4 46 8 57 70 64 92 39 65 33 11 33 95 66 51 24 75 90 13 74 
23 94 27 93 40 97 15 52 2 59 74 91 8 86 86 82 68 40 97 13 18 59 12 45 96 24 90 15 87 74 82 63 99 63 92 94 45 24 57 87 
85 62 27 76 85 80 5 31 6 29 81 76 79 42 42 92 92 38 11 53 19 12 49 59 23 66 10 37 63 50 93 15 48 15 9 11 48 12 70 73 
31 65 91 45 10 9 23 24 76 1 42 81 2 42 44 79 67 69 51 48 82 85 54 76 85 5 80 59 10 61 72 8 1 43 18 62 12 83 48 25 
30 45 65 24 23 6 71 54 67 69 92 82 11 75 43 19 37 30 82 62 74 88 47 77 16 40 92 84 60 24 24 70 82 45 91 52 41 47 24 89 
17 81 73 81 94 27 9 28 76 2 61 66 14 44 36 5 38 44 76 98 25 84 46 99 12 14 39 6 91 53 14 11 45 74 33 78 32 10 1 3 
25 49 8 92 16 92 38 63 51 8 22 22 65 6 67 51 22 57 80 69 42 53 72 13 63 55 71 45 63 51 4 92 78 45 22 12 20 18 95 50 
95 68 9 17 43 9 82 97 94 34 93 41 76 65 57 60 71 6 78 48 52 36 81 68 3 31 68 68 25 22 32 94 48 73 32 50 97 58 2 48 
9 61 86 35 57 14 64 85 64 29 39 16 17 93 45 70 67 52 53 27 60 58 99 52 43 51 72 21 87 23 12 27 72 91 75 43 96 91 79 34 
86 56 12 39 2 43 95 43 42 62 76 81 56 9 40 36 34 19 11 72 39 30 15 55 83 72 81 27 21 41 88 48 80 99 63 44 62 13 48 99 
19 13 1 50 76 11 42 31 48 49 28 23 16 78 65 76 62 62 85 21 75 96 11 9 67 49 96 68 22 92 5 35 45 7 20 96 21 28 88 15 
46 58 18 80 90 70 88 42 7 77 9 82 67 57 92 69 56 17 19 90 59 94 85 95 45 57 28 19 76 11 86 88 1 74 44 33 1 68 19 91 
9 68 8 32 97 61 40 5 79 37 31 18 91 42 98 96 30 79 26 32 34 57 47 44 53 22 29 68 45 43 22 87 48 27 32 7 89 23 29 41 
1 60 60 99 47 7 39 38 41 22 42 85 4 9 88 57 44 69 59 79 39 99 90 93 97 90 19 26 20 46 12 12 19 15 90 39 81 2 74 32 
71 81 3 77 24 17 70 83 16 83 32 73 56 3 53 48 19 33 91 67 37 61 58 20 21 75 64 61 95 49 80 54 58 78 69 24 54 61 69 62 
46 39 30 33 27 42 86 40 61 20 93 25 31 76 12 8 12 2 99 51 48 9 44 6 96 88 60 81 51 95 77 13 68 15 43 62 41 17 1 66 
24 98 40 96 95 22 42 82 87 87 2 17 50 53 60 67 78 67 38 52 60 29 70 23 89 52 80 72 43 65 19 64 4 74 53 47 91 5 25 64 
17 78 16 63 63 7 27 84 37 58 34 84 14 79 76 92 30 26 20 17 15 43 68 93 29 5 64 19 56 20 31 82 52 39 55 77 51 40 12 2 
6 83 8 44 6 68 38 79 80 51 50 36 99 89 54 25 20 32 40 29 96 16 4 64 8 34 23 83 16 29 63 56 29 8 65 14 94 6 2 61 
3 58 55 20 77 49 68 51 31 46 90 55 80 71 64 8 24 63 28 25 61 57 49 76 32 10 43 97 56 63 80 81 52 81 40 87 29 7 81 19 
51 76 46 59 9 80 9 70 77 38 11 92 2 52 2 40 96 59 46 28 20 91 13 99 91 8 25 91 99 57 74 86 31 30 22 60 3 12 45 87 
92 23 63 41 24 33 10 90 73 90 8 26 69 96 40 82 34 70 4 89 13 79 10 75 51 58 31 90 12 6 11 83 39 64 84 19 25 37 91 32 
14 6 1 94 84 32 90 56 26 9 52 3 12 52 26 82 74 51 95 64 74 57 35 40 79 23 7 73 45 45 75 69 37 15 18 46 94 5 94 30 
66 99 3 4 70 90 6 12 22 7 17 88 30 88 83 88 66 82 27 96 59 39 20 42 85 54 30 52 79 47 76 63 17 69 40 89 97 51 76 39 
58 15 34 43 3 44 13 35 64 5 17 20 59 69 22 87 52 34 25 88 12 23 33 58 92 89 15 78 16 95 60 52 85 69 98 50 36 32 17 26 
60 67 73 48 67 35 73 96 36 55 24 53 92 52 58 36 93 61 8 49 87 36 53 31 93 85 96 73 76 18 40 75 15 52 32 66 83 82 1 62 
16 3 70 43 54 77 30 69 76 42 19 42 8 70 39 32 10 14 64 87 33 24 78 62 16 9 59 1 65 66 94 47 17 29 48 59 10 45 48 79 
87 15 74 37 82 27 9 5 23 30 16 4 50 48 92 16 15 88 19 27 3 38 39 20 71 87 48 71 51 82 38 50 21 19 49 14 94 73 25 27 
4 78 65 16 99 45 15 93 31 14 59 82 73 53 76 10 4 21 81 5 20 57 12 33 48 90 1 81 26 39 97 26 60 7 38 28 75 45 45 65 
38 1 64 66 95 36 10 42 18 51 19 41 39 94 12 52 78 17 38 3 17 64 85 18 95 27 92 97 25 83 92 21 61 39 24 83 21 15 95 93 
93 11 41 6 89 22 25 42 16 23 61 82 23 56 28 49 35 57 35 3 43 35 45 54 70 94 75 75 6 23 52 20 75 4 89 34 4 79 5 3 
70 79 41 50 11 86 1 19 96 38 44 30 23 41 16 70 74 69 7 22 33 21 25 88 92 71 99 92 59 74 52 87 87 65 97 33 40 14 13 88 
98 59 98 18 62 37 24 60 79 16 72 79 97 96 6 70 76 32 27 1 56 16 15 23 88 80 77 75 66 81 74 47 93 21 9 53 52 22 29 19 
25 2 92 69 15 73 24 97 96 36 89 99 85 19 3 18 25 34 60 7 95 13 82 47 9 46 33 56 24 95 8 54 66 23 45 87 47 38 92 65 
21 93 96 22 57 41 74 45 65 65 58 75 69 96 41 64 56 64 73 13 5 23 46 42 65 77 77 89 18 76 51 38 77 14 98 8 7 18 72 62 
41 44 17 79 71 25 83 79 35 14 58 29 5 8 59 77 39 64 11 14 39 17 57 84 64 69 38 26 39 33 33 73 97 20 84 79 83 70 46 91 
6 31 18 86 84 6 79 67 33 40 91 5 65 61 46 58 33 79 93 17 17 54 98 43 66 58 32 97 18 42 56 42 45 35 8 30 22 22 96 38 
93 45 73 11 52 44 94 94 49 25 6 85 59 58 90 26 32 38 45 32 77 28 94 21 76 3 10 47 96 62 92 59 35 94 5 74 69 73 17 47 
72 24 83 62 50 23 65 65 31 79 63 84 17 22 80 82 16 93 3 41 77 91 74 19 77 12 56 14 68 83 85 34 21 13 9 51 18 67 75 27 
89 35 80 83 29 92 81 30 55 15 96 46 66 25 97 91 37 52 63 82 6 80 99 58 31 4 52 74 72 46 63 96 25 37 49 3 81 1 64 7 
94 44 45 34 42 7 33 73 97 47 99 16 71 4 17 69 81 90 27 86 30 39 73 47 2 34 86 31 61 26 76 8 50 13 38 89 70 10 84 99 
87 67 32 80 99 75 98 45 84 98 59 36 33 75 10 56 68 42 72 49 76 14 26 25 31 82 25 72 65 60 48 92 8 67 49 43 42 24 26 90 
83 26 64 71 56 15 13 34 20 14 17 16 12 27 12 30 71 78 54 18 35 86 4 91 61 42 95 16 27 5 68 3 88 93 79 12 87 30 55 97 
65 7 6 3 28 75 44 56 41 52 31 48 16 14 51 6 94 63 57 18 31 83 8 6 86 26 92 53 45 53 85 64 71 66 27 16 95 73 78 53 
95 48 72 63 76 72 54 89 30 67 87 76 72 10 77 90 31 70 81 84 76 19 33 20 26 70 36 97 90 17 50 22 12 5 39 27 74 86 67 18 
45 92 94 99 63 16 35 88 10 34 37 4 25 64 38 36 70 10 35 53 41 24 37 62 88 32 8 62 23 9 54 21 6 9 4 26 66 54 27 42 
56 76 95 81 49 99 13 11 51 65 71 86 48 20 65 2 28 84 58 65 24 8 5 8 73 8 60 92 15 24 49 83 13 37 49 25 78 33 29 6 
53 56 59 66 73 54 26 27 82 18 80 82 45 77 67 17 87 38 59 38 22 68 78 86 59 63 94 42 92 16 26 38 23 30 61 36 50 7 28 72 
44 73 19 96 67 10 5 21 99 2 81 55 39 94 58 81 81 2 71 33 10 51 78 92 6 69 49 54 35 31 49 87 75 53 15 7 79 96 58 34 
25 38 83 65 19 50 29 16 16 7 16 31 20 3 76 94 74 82 58 21 36 49 85 15 89 11 12 3 61 65 5 16 69 22 81 97 70 81 46 92 
72 42 95 4 49 3 2 52 28 71 2 29 19 66 69 43 8 28 16 16 71 19 46 73 13 24 72 71 86 98 34 45 44 96 12 62 50 12 95 52 
36 75 34 36 56 70 1 83 66 75 59 33 37 8 17 98 76 74 27 26 57 12 68 39 68 28 42 75 51 7 41 50 84 67 59 38 70 10 44 82 
62 4 31 27 73 19 18 65 56 87 22 24 34 34 41 64 55 31 30 66 93 70 90 98 36 9 37 85 52 3 29 59 29 67 77 52 66 84 91 53 
23 85 30 47 66 15 67 23 7 16 67 57 35 59 32 92 7 61 75 90 55 37 46 56 35 10 23 89 75 86 34 38 37 96 59 3 5 6 54 47 
46 68 68 85 47 72 47 90 70 60 6 46 13 30 24 47 29 5 89 12 89 82 60 44 16 91 35 36 49 90 95 36 23 70 92 60 36 3 81 21 
26 95 74 59 38 36 49 35 88 93 36 86 13 82 70 50 79 72 35 13 50 71 84 43 26 84 17 32 12 19 37 75 59 30 55 15 82 79 29 72 
33 53 69 12 55 81 35 67 4 13 10 78 95 19 51 70 84 36 12 23 87 4 92 74 29 37 55 90 57 87 46 78 31 24 47 89 39 36 10 44 
46 96 61 23 57 77 94 54 89 86 4 70 83 28 8 84 90 86 40 33 4 92 20 56 75 25 13 20 54 40 77 53 86 14 5 38 53 79 63 33 
1 3 80 9 24 56 14 69 80 14 99 74 75 3 58 27 93 30 52 37 77 77 69 50 66 44 44 49 32 95 96 21 4 4 3 43 89 64 36 30 
71 48 7 21 75 20 72 30 19 95 91 1 60 40 9 53 25 24 2 91 38 11 53 62 46 87 39 48 79 78 56 67 43 16 91 59 80 23 68 47 
71 63 45 35 23 19 10 1 8 48 48 82 34 84 8 18 21 70 89 45 85 33 94 11 41 38 49 83 55 56 84 27 79 98 52 70 67 85 39 26 
18 60 3 19 51 53 53 33 19 9 82 8 92 48 89 5 37 6 93 99 37 87 35 87 6 76 33 79 54 9 54 90 45 8 56 4 24 8 62 35 
4 86 88 67 85 7 42 66 95 78 89 66 62 33 92 38 32 14 69 21 17 26 44 61 62 64 65 72 15 11 4 99 38 48 15 96 57 95 13 94 
38 80 6 67 82 6 63 30 15 23 86 4 99 49 10 39 50 68 35 92 54 13 47 58 32 64 60 56 53 65 65 82 43 77 90 85 69 88 53 65 
10 78 47 30 95 81 86 27 72 70 16 45 92 51 45 51 23 58 31 23 12 47 78 10 84 25 53 64 86 22 36 31 9 44 29 40 7 15 75 92 
93 15 49 90 45 29 75 45 60 23 58 27 1 97 83 20 44 80 95 20 72 32 93 95 20 72 65 76 95 45 12 96 89 9 87 27 70 88 28 92 
35 51 33 24 46 45 61 77 72 34 53 88 43 18 33 64 45 44 75 68 43 82 83 8 85 46 8 28 77 29 16 43 17 70 62 60 63 1 46 6 
41 30 86 8 2 13 87 59 49 86 5 33 19 97 75 66 58 82 68 91 95 90 37 25 37 37 40 22 93 78 4 43 58 78 75 35 86 77 84 63 
61 64 9 39 78 5 67 36 79 95 33 77 90 44 29 17 49 77 73 8 51 66 76 47 67 49 28 63 62 58 78 39 70 97 84 71 62 24 63 66 
92 81 77 75 25 59 65 94 44 90 29 19 77 89 42 20 15 40 44 56 35 89 55 14 93 43 51 73 20 76 57 58 77 57 6 3 50 82 66 61 
5 84 68 58 87 55 43 74 32 3 87 41 85 76 75 80 32 96 80 94 54 64 48 8 40 8 78 98 44 92 9 22 99 74 34 97 56 91 78 57 
43 62 7 22 72 31 28 65 62 99 84 1 30 5 12 89 90 84 44 29 15 32 45 13 88 86 98 98 95 58 22 47 4 58 12 85 91 8 1 9 
60 38 60 70 11 10 12 32 28 15 81 21 29 28 13 81 7 75 35 18 46 7 34 59 62 58 44 92 68 38 16 93 24 83 82 84 63 88 84 72 
27 66 73 6 64 94 5 69 85 25 36 63 97 20 36 5 92 61 15 25 58 1 57 70 57 79 47 19 20 17 75 61 34 27 90 34 56 38 87 38 
9 48 84 60 13 1 98 99 93 34 39 70 71 24 6 54 58 50 32 72 94 6 42 16 5 56 81 67 70 49 55 45 96 89 75 17 64 7 62 3 
19 87 87 63 78 54 90 66 12 98 54 64 15 57 47 21 85 80 58 53 95 77 24 46 25 2 57 98 15 54 78 59 46 30 41 71 97 9 93 16 
64 3 46 90 43 37 15 35 93 93 63 75 28 40 15 54 88 31 4 72 90 52 67 69 43 58 55 13 65 10 49 6 38 2 68 88 95 44 51 47 
61 33 25 56 66 10 37 58 43 13 3 96 64 43 47 86 85 98 17 79 73 52 25 93 60 60 35 62 22 5 96 58 82 64 20 9 34 27 8 67 
32 97 18 49 11 33 73 48 8 63 60 88 50 94 93 75 32 24 79 33 83 84 89 72 85 16 13 18 78 44 83 6 24 86 11 72 27 10 13 30 
85 41 69 6 67 31 21 84 35 95 2 58 96 65 88 59 89 42 78 36 41 18 60 59 24 57 4 87 25 51 65 26 30 85 99 12 7 4 91 61 
94 53 86 20 49 98 46 57 43 8 86 60 25 96 41 47 53 13 41 16 75 43 96 93 96 74 95 37 13 44 91 45 68 30 66 70 50 14 54 86 
83 18 43 97 7 56 59 53 50 96 48 58 86 18 63 54 14 15 57 90 27 94 42 49 43 38 48 75 5 76 51 13 11 90 15 82 77 37 5 33 
83 2 48 4 42 75 41 9 88 44 48 22 29 9 30 73 72 98 15 7 82 28 24 23 41 45 2 32 97 54 83 65 94 11 91 70 57 53 48 30 
24 33 65 8 37 69 18 39 36 4 57 40 73 93 30 55 13 28 24 93 87 87 33 33 54 19 63 70 92 74 89 91 36 98 31 48 62 8 8 77 
17 62 23 92 38 24 95 45 1 74 13 19 17 44 73 89 43 87 53 67 45 28 47 37 39 92 31 25 1 32 18 24 97 12 79 94 67 47 28 99 
78 32 11 23 31 64 67 5 27 24 90 16 9 25 51 28 15 53 15 27 73 68 23 28 80 65 90 59 71 8 15 19 87 93 84 37 78 71 57 32 
69 26 13 96 61 47 86 27 47 52 56 35 7 16 32 6 13 40 44 85 43 48 34 77 30 28 90 96 60 24 75 99 26 96 34 67 89 67 28 59 
62 45 40 36 91 62 67 64 44 30 54 61 17 25 10 98 73 65 67 85 50 41 82 24 37 36 82 18 66 68 93 46 94 59 35 62 5 62 71 87 
28 75 45 13 50 17 93 75 68 93 17 65 12 25 75 47 65 72 34 22 21 70 22 52 34 47 61 10 39 99 80 2 18 20 96 48 51 64 89 41 
16 61 64 4 73 67 65 21 10 72 27 85 38 39 32 74 22 63 22 34 41 58 66 69 42 70 60 65 98 41 5 39 55 28 22 59 82 53 13 79 
40 98 46 52 41 78 70 70 89 88 34 36 40 34 60 84 34 15 28 1 51 46 88 46 39 17 26 38 70 42 68 1 50 76 72 91 48 82 88 53 
16 9 12 86 28 28 10 80 63 38 60 84 71 82 77 83 45 54 73 26 95 47 20 5 86 25 4 35 3 43 91 45 66 83 12 94 42 62 40 25 
18 89 73 27 6 1 29 79 93 95 96 72 84 68 30 1 39 50 87 95 13 81 24 88 7 87 96 67 27 25 72 90 77 35 47 21 18 41 76 88 
46 78 92 68 58 34 6 45 68 47 54 85 13 21 17 57 3 45 83 58 89 32 20 50 8 58 88 84 42 98 96 45 59 85 7 20 21 31 8 49 
13 70 37 4 65 42 17 31 33 61 11 73 82 99 47 67 59 37 58 68 40 62 90 68 3 57 28 21 41 40 56 8 85 30 11 44 97 16 8 97 
44 48 49 75 7 88 58 27 16 75 54 93 58 61 19 1 14 30 47 41 76 87 86 89 14 50 78 20 13 91 4 56 5 34 55 54 38 19 46 28 