40 451
94 10 2 66 8 7 95 81 56 11 14 80 48 30 83 36 38 85 25 2 67 90 94 36 56 4 40 88 29 34 41 50 78 40 13 45 53 55 93 81 
47 11 50 85 92 45 20 22 91 30 42 78 42 14 17 55 42 1 58 76 53 65 28 18 20 32 33 36 71 9 16 34 21 15 63 33 48 94 65 69 
7 93 64 65 87 74 54 37 88 53 70 47 62 33 77 96 58 98 40 71 6 42 33 15 31 71 40 6 24 28 29 15 15 78 42 9 5 6 70 14 
42 43 42 53 61 99 65 16 78 43 38 74 30 75 20 39 30 71 34 82 2 46 4 34 66 63 13 51 61 77 2 59 10 67 50 68 2 18 33 33 
3 77 44 85 79 77 56 83 59 26 83 15 32 88 19 58 22 79 71 65 56 35 91 61 47 5 72 57 42 60 12 98 59 47 30 19 10 68 64 54 
5 49 68 32 41 45 78 9 66 86 46 52 23 2 63 11 50 90 64 64 74 60 5 52 20 23 33 23 55 1 88 95 65 33 93 30 67 1 53 48 
39 90 25 98 78 32 49 27 43 21 20 94 21 24 11 7 92 42 68 99 73 68 96 1 55 68 20 82 20 18 65 73 31 86 81 91 15 81 28 80 
25 54 33 2 55 72 60 76 59 67 60 76 15 71 53 10 6 32 9 49 43 92 20 70 88 32 14 25 84 84 60 92 87 23 88 20 85 61 55 14 
9 55 26 6 4 41 91 8 59 54 25 71 97 1 56 90 69 18 41 43 35 54 55 51 48 33 22 1 84 37 77 98 85 42 89 35 10 2 54 12 
46 60 81 74 60 61 13 62 77 4 81 79 43 12 75 88 28 16 80 7 28 24 6 58 44 64 78 50 81 93 32 77 17 46 1 32 15 58 44 22 
17 19 7 53 28 83 44 53 20 79 5 89 47 45 11 73 53 34 57 71 2 3 60 80 77 87 48 23 50 70 14 41 53 94 19 44 27 38 37 44 
26 65 49 15 45 36 83 6 43 92 84 18 31 70 57 71 52 98 2 88 57 13 65 68 41 39 34 35 25 27 3 88 42 92 34 92 23 83 25 11 
5 66 65 42 78 15 16 24 96 31 5 21 92 84 81 69 53 73 2 33 84 46 46 96 83 37 84 20 13 18 5 91 43 88 60 45 3 51 15 38 
76 44 29 66 15 75 65 16 54 47 72 93 5 70 34 82 61 9 34 39 14 89 87 48 46 64 75 99 48 83 77 95 58 97 83 33 34 25 19 91 
82 97 89 21 39 32 39 60 45 62 44 32 2 19 77 7 3 18 12 54 24 62 1 84 31 81 21 8 11 20 7 8 32 40 7 3 35 78 72 22 
77 32 82 73 83 69 83 74 98 45 65 25 60 11 7 11 9 91 35 77 94 24 12 72 42 27 7 45 20 28 23 75 63 55 10 71 46 1 38 86 
90 3 61 59 33 29 8 55 88 14 77 47 31 50 30 97 16 88 94 57 50 78 87 50 8 66 17 9 83 3 55 86 84 23 1 31 3 78 24 37 
59 16 58 21 60 91 35 41 9 37 5 85 16 48 43 99 60 95 38 8 6 57 33 74 61 94 53 64 14 44 66 34 54 49 86 98 43 82 39 31 
54 65 90 97 96 68 67 63 45 98 69 39 8 90 75 24 13 61 53 50 45 75 61 26 19 68 35 31 54 48 49 4 62 98 33 21 84 79 15 20 
94 50 36 56 72 98 89 12 93 13 32 67 57 18 90 4 76 49 32 51 66 69 92 11 55 14 27 89 64 32 86 56 45 93 95 17 23 99 63 80 
25 87 66 24 11 17 15 27 8 80 88 43 75 22 19 20 17 16 40 99 66 14 70 27 99 59 51 76 4 43 69 20 40 51 88 30 52 84 42 10 
83 60 43 2 89 63 72 48 7 43 35 6 28 86 83 44 22 50 35 47 27 27 59 78 10 77 42 20 77 8 54 82 32 51 79 48 80 55 63 38 
62 84 8 93 91 3 76 50 89 26 64 50 79 5 55 61 68 49 6 21 85 97 27 8 42 71 30 19 6 45 57 54 60 77 87 84 26 65 67 53 
57 28 84 86 53 79 87 43 32 48 5 17 23 13 52 71 29 83 17 17 4 7 41 2 30 42 96 4 22 85 28 70 91 26 65 10 19 37 31 28 
26 37 28 91 83 23 92 99 80 27 21 60 24 34 67 95 94 22 10 4 57 63 68 96 22 84 33 62 13 10 72 85 89 55 13 86 92 2 50 11 
82 33 20 7 35 27 58 44 67 3 13 1 33 46 75 75 91 41 83 62 2 97 7 85 27 26 46 91 70 33 44 66 67 12 48 86 38 62 45 80 
74 70 43 38 64 75 34 29 17 78 16 61 60 99 76 29 99 59 27 24 66 81 37 73 46 8 19 73 40 55 47 6 29 88 7 20 76 57 72 7 
61 17 50 93 63 8 58 76 90 2 60 74 5 79 82 51 51 57 5 91 4 58 3 15 36 15 78 34 39 34 94 61 68 87 52 84 99 8 39 25 
34 91 3 97 81 77 26 98 83 30 91 24 57 51 13 25 63 64 62 22 35 24 11 50 58 92 53 13 60 53 79 47 14 43 50 46 56 75 69 61 
9 51 31 7 33 52 46 8 13 14 92 75 33 27 54 80 14 44 84 45 73 3 8 18 88 82 73 33 52 32 23 76 42 82 59 96 26 53 84 72 
27 71 70 48 34 49 88 12 50 42 16 80 75 13 47 59 96 12 19 93 59 40 25 26 78 36 26 13 8 31 53 93 2 61 4 93 18 5 79 21 
20 81 59 82 39 66 49 96 89 26 9 1 15 49 29 11 36 15 38 86 58 68 36 34 12 50 69 53 52 65 67 48 59 1 62 58 24 29 32 30 
83 96 50 73 19 8 48 66 36 97 16 33 92 82 13 14 47 17 43 33 51 47 26 32 2 62 20 95 65 79 99 18 3 1 25 29 29 40 64 3 
7 57 2 44 16 7 89 1 96 4 59 9 22 59 62 26 7 81 39 55 30 4 88 24 93 11 35 3 32 50 80 25 94 31 39 5 68 63 85 7 
20 96 36 81 57 38 14 5 75 90 83 57 94 94 96 24 83 70 6 86 53 94 85 57 55 3 76 52 12 54 28 74 80 72 42 89 56 16 70 86 
59 79 70 54 87 55 43 88 31 11 16 96 34 17 82 73 13 1 45 41 18 67 92 97 23 36 4 53 30 48 69 67 29 82 27 32 37 62 13 44 
48 52 89 39 82 51 12 11 77 8 85 81 31 83 34 98 57 24 11 54 16 41 14 7 80 29 6 59 88 20 80 58 96 73 19 29 81 33 60 51 
45 99 50 72 81 58 26 27 43 58 2 56 77 63 86 50 14 14 40 72 29 36 52 33 3 80 4 37 47 63 37 2 40 86 98 20 96 33 48 13 
6 46 6 37 88 49 51 59 51 62 70 35 6 75 72 7 35 80 17 44 46 56 69 76 34 65 30 44 65 7 95 92 12 71 29 22 9 36 43 95 
68 48 79 29 40 7 31 23 21 24 87 40 79 81 78 69 50 54 39 27 96 22 1 48 21 65 37 32 8 73 1 59 90 30 89 72 45 20 17 83 
75 27 35 29 71 3 33 40 91 83 5 48 58 6 39 72 6 95 59 91 26 68 37 55 71 50 20 17 75 78 66 52 99 19 71 50 36 74 18 49 
71 55 48 19 43 74 62 75 29 2 10 12 82 18 59 42 33 25 23 35 87 62 66 61 70 36 75 56 88 66 32 82 77 42 43 90 81 99 84 39 
21 26 77 37 26 90 84 38 38 21 96 22 78 95 86 55 79 95 6 8 11 19 26 95 86 45 35 75 60 41 71 35 69 28 62 67 85 7 11 34 
30 91 54 8 5 44 71 16 39 20 20 32 58 93 34 56 4 59 50 10 27 61 24 47 34 18 12 91 34 73 58 15 56 26 2 89 62 39 51 84 
9 95 6 88 2 67 64 95 17 61 73 77 25 13 42 33 11 22 32 33 97 11 44 63 69 2 1 36 79 10 22 87 7 13 64 66 62 43 70 63 
46 67 51 84 68 34 17 54 53 77 43 52 6 39 48 31 40 47 47 9 27 52 78 42 13 60 47 14 1 33 86 21 28 76 74 30 36 68 12 74 
13 78 57 84 4 91 85 66 98 63 47 23 10 83 24 96 60 34 84 34 60 68 28 34 18 14 62 81 9 62 76 51 92 62 92 8 34 2 52 61 
57 49 72 49 71 54 35 39 46 79 56 44 1 67 39 17 62 72 40 66 94 86 65 82 67 46 82 44 93 13 21 44 55 86 75 88 16 84 85 66 
18 21 35 84 47 60 13 89 23 12 13 32 4 13 75 3 54 34 70 24 50 72 10 61 89 87 44 65 6 14 73 25 77 31 47 65 47 62 94 45 
92 83 68 51 99 16 87 45 37 9 45 53 8 62 88 22 49 1 53 65 14 36 28 19 33 96 16 40 29 37 25 98 24 57 74 58 98 7 34 47 
46 51 5 80 92 29 80 94 17 37 63 14 71 79 9 76 73 40 49 60 43 6 60 31 73 51 96 8 61 30 15 81 89 7 22 70 79 27 34 24 
88 84 73 51 10 92 20 6 88 97 73 36 24 21 25 5 23 76 82 17 33 67 5 27 11 65 67 59 19 57 37 38 35 64 11 22 42 58 13 54 
23 50 95 90 44 20 89 57 30 71 86 76 96 68 91 70 88 41 72 4 66 35 84 31 67 9 28 54 34 52 39 94 55 95 1 30 72 37 58 42 
95 27 75 5 23 76 24 48 97 10 60 58 21 70 28 56 63 99 49 31 15 51 97 45 60 74 25 10 6 11 22 49 49 50 39 67 30 41 95 62 
56 23 15 15 42 62 16 28 32 47 76 37 75 22 35 18 38 54 75 44 57 67 71 55 5 69 78 14 61 6 59 97 11 53 61 11 55 46 32 80 
91 49 53 85 80 83 69 19 54 10 17 38 54 91 34 71 32 78 53 49 54 96 13 60 7 24 11 20 47 57 50 3 84 53 97 40 52 87 23 54 
35 70 55 22 70 37 51 27 12 14 76 11 38 59 14 18 84 65 6 81 21 81 71 33 55 51 44 56 99 17 89 14 37 22 81 36 24 10 23 10 
29 29 27 79 46 51 19 57 58 26 69 65 36 27 19 85 65 69 75 14 87 87 58 9 23 10 11 21 93 9 77 95 99 82 56 26 90 48 37 70 
75 16 5 79 49 97 17 79 90 59 63 45 26 60 99 17 5 18 65 51 55 57 34 39 1 7 49 44 69 33 23 57 62 49 15 71 58 66 13 73 
7 11 27 81 71 66 2 34 33 11 11 86 48 50 30 96 7 97 61 13 36 44 88 72 49 62 43 50 35 84 87 92 84 4 80 95 50 26 30 26 
5 83 80 75 1 73 5 17 99 23 85 71 87 20 14 1 24 68 47 67 44 31 98 94 29 98 51 26 64 28 58 59 75 90 97 24 98 8 52 88 
82 28 55 12 33 33 32 61 66 38 41 3 21 94 32 61 66 86 54 31 65 57 28 50 11 30 36 62 59 27 92 47 85 47 11 24 46 25 18 96 
26 7 27 72 95 44 18 85 90 59 62 67 40 79 40 1 92 2 66 81 60 12 46 58 68 64 46 7 43 33 37 89 6 35 78 32 66 24 91 50 
5 48 43 57 67 67 93 24 72 56 56 2 2 38 59 50 96 79 91 98 20 28 74 36 84 74 52 62 66 79 58 26 93 86 3 23 42 54 2 72 
54 27 28 53 52 67 60 72 85 59 12 15 8 77 45 81 10 3 88 17 47 64 62 23 12 9 49 45 2 50 9 38 68 8 63 13 95 30 17 14 
47 84 92 82 21 52 17 74 75 19 78 92 9 79 28 62 97 47 66 42 63 8 81 12 46 20 88 67 23 97 91 80 7 13 52 90 22 29 98 21 
12 15 66 21 55 49 9 87 16 25 24 4 28 23 50 71 61 5 77 37 85 97 6 83 50 13 74 98 7 76 84 81 26 29 23 86 47 64 29 95 
42 14 67 94 87 27 31 65 44 58 28 60 58 55 82 61 49 36 75 7 28 48 36 18 88 25 51 69 11 57 88 57 7 54 98 51 16 99 89 84 
18 54 83 64 10 92 72 99 52 50 35 54 92 55 38 88 66 73 52 39 70 44 29 41 48 84 21 44 20 61 73 49 58 43 58 26 66 38 65 29 
99 62 53 55 90 30 10 59 17 82 88 92 39 98 14 92 19 97 48 19 87 55 91 6 58 16 1 71 51 12 28 36 41 2 45 55 91 62 7 73 
59 80 40 80 55 72 4 51 95 80 20 93 86 49 86 2 44 47 12 76 64 33 4 39 52 41 57 93 61 71 1 40 49 30 72 78 57 2 94 12 
78 30 82 47 25 32 39 63 34 4 52 96 31 85 27 94 65 88 43 20 97 81 29 47 79 10 46 88 91 59 49 83 40 96 80 78 59 31 41 15 
8 19 23 11 35 26 24 28 66 3 5 80 42 77 77 95 95 6 51 63 26 65 48 92 24 38 22 16 72 86 97 25 43 56 7 43 76 79 88 4 
62 83 50 28 53 22 57 94 97 16 52 54 62 49 80 16 17 59 62 86 61 73 41 12 93 77 66 12 36 57 17 3 47 30 20 90 59 21 28 14 
4 38 82 66 46 63 21 96 84 27 2 10 95 7 4 64 87 74 86 33 5 79 71 57 10 54 76 68 11 39 36 69 42 53 79 7 86 8 4 74 
38 2 13 38 88 81 29 40 7 43 47 43 90 40 48 33 42 6 11 69 84 89 88 63 98 13 37 75 90 35 64 17 42 72 80 87 1 64 27 69 
93 3 46 5 8 71 59 49 3 86 64 42 28 16 81 85 70 29 25 87 68 53 84 98 59 73 80 55 77 37 99 89 23 31 90 80 35 6 8 17 
65 81 39 55 24 98 75 78 20 92 88 3 75 1 47 30 87 74 46 4 11 6 68 76 69 12 37 1 64 66 29 3 7 74 87 44 28 40 48 88 
84 18 43 90 92 47 54 65 71 37 29 56 31 31 13 17 89 91 62 20 98 26 89 15 40 70 89 27 84 62 21 41 66 62 60 15 34 80 9 73 
16 35 98 69 75 52 7 22 13 22 93 64 27 59 32 92 23 11 58 22 15 79 97 33 97 77 37 19 17 22 71 94 94 81 46 58 48 16 81 63 
15 90 47 31 86 81 50 3 12 43 29 21 12 99 28 89 3 47 68 58 77 73 70 35 25 73 29 2 77 40 99 39 67 28 69 36 36 73 20 10 
54 11 48 53 70 79 99 9 7 36 37 32 64 77 25 31 56 23 29 61 20 51 35 46 14 9 27 97 58 24 95 13 97 4 59 67 8 43 16 52 
50 72 65 63 97 79 14 1 63 70 46 27 22 31 92 1 68 67 83 72 76 63 9 53 42 95 86 19 29 80 67 42 32 71 59 76 71 18 58 48 
82 49 69 83 80 41 22 44 78 88 90 2 65 20 14 72 67 22 61 99 27 6 10 55 86 25 56 61 35 30 89 59 53 31 28 84 5 6 26 80 
52 53 3 96 55 71 19 86 85 95 57 62 95 81 35 92 22 18 44 32 47 69 60 35 33 60 91 8 28 14 5 65 13 23 89 98 66 20 50 40 
62 76 70 13 28 83 60 35 72 57 82 75 94 82 73 89 65 36 45 19 48 97 97 49 34 47 52 82 86 97 89 88 55 71 40 76 99 62 32 4 
75 41 92 92 46 45 32 48 16 78 82 61 3 43 98 36 74 79 3 94 82 51 92 71 1 42 59 98 71 80 85 28 18 58 2 62 78 11 92 62 
7 12 47 98 17 77 73 5 58 74 42 19 33 85 63 33 78 14 36 3 62 32 82 49 61 57 82 66 50 4 2 94 38 24 62 17 45 58 70 16 
41 7 42 65 85 70 80 3 72 29 22 96 39 22 71 73 12 7 70 20 10 4 80 3 67 34 95 63 4 72 67 40 17 9 35 40 67 96 42 35 
6 68 58 88 47 34 72 14 63 6 59 33 62 38 43 73 99 43 38 56 98 98 97 19 63 51 16 63 47 16 67 90 58 48 66 85 12 66 62 40 
83 50 13 21 98 66 77 59 47 51 92 24 11 25 37 83 22 26 13 72 34 64 78 75 86 43 12 28 92 19 74 97 71 68 86 15 33 50 60 88 
14 37 34 12 54 44 29 45 91 57 38 12 77 41 96 34 73 69 88 95 52 41 31 93 4 62 48 42 44 39 13 87 62 29 41 83 11 11 83 17 
47 34 70 42 23 92 95 37 37 49 75 96 35 3 3 54 63 73 19 10 51 66 86 32 49 63 94 88 23 66 94 84 41 73 71 75 46 79 36 98 
67 54 92 35 99 92 51 52 50 85 83 3 94 17 25 32 87 85 90 96 20 88 17 97 71 32 33 22 48 94 78 44 87 63 42 86 64 12 28 31 
29 89 13 89 23 56 80 5 45 25 71 48 21 96 35 61 61 54 12 52 27 69 8 30 48 65 99 96 47 73 6 82 1 67 9 77 6 18 9 55 
45 95 82 27 95 12 72 32 74 99 28 58 69 56 49 5 26 40 55 79 14 11 62 21 23 89 45 97 90 59 57 65 20 61 93 29 91 78 7 92 
13 21 66 98 88 22 36 96 72 4 86 46 47 12 19 37 67 20 2 20 68 88 63 99 49 53 83 68 29 41 21 10 24 78 88 28 21 8 40 75 
99 93 83 29 99 84 82 52 17 17 55 65 16 45 92 59 39 30 82 93 17 75 12 11 82 84 78 66 40 77 55 67 64 73 3 65 48 61 78 88 
43 10 8 11 29 64 97 87 13 70 23 66 4 71 39 40 50 89 91 45 57 10 3 9 84 99 29 47 83 24 30 28 23 10 92 7 57 77 22 21 
42 89 95 1 78 63 86 75 76 27 64 10 1 94 97 27 10 67 58 73 75 39 38 91 28 80 17 39 25 47 94 35 39 63 39 22 67 42 55 52 
11 24 44 45 80 37 74 14 23 91 65 44 12 75 30 97 27 18 19 87 34 66 85 63 78 69 54 23 17 75 50 68 92 39 50 52 58 70 35 36 
80 27 22 27 78 32 78 13 13 27 11 58 38 52 50 26 69 77 7 31 35 52 54 40 96 25 86 76 99 50 15 16 23 50 27 8 27 60 25 8 
97 30 30 18 19 74 49 58 75 1 10 61 80 68 90 3 19 39 66 23 15 71 41 2 41 9 41 20 55 45 15 33 86 20 58 70 3 39 80 46 
96 44 19 81 2 46 98 68 39 9 85 77 80 86 87 36 7 21 20 19 53 36 2 28 75 24 6 27 15 50 34 69 55 97 86 13 80 30 41 48 
4 51 89 6 81 48 6 44 59 90 97 55 54 99 75 87 75 63 10 56 11 6 92 16 18 23 70 32 69 95 45 22 24 74 38 61 2 37 58 62 
77 14 6 88 93 74 5 59 43 81 30 51 15 17 81 31 94 94 60 10 26 65 46 54 59 4 54 31 1 54 7 38 73 46 92 83 3 8 17 56 
62 35 24 64 86 60 94 88 91 18 90 97 15 96 85 18 40 30 49 97 15 78 98 42 51 24 87 10 21 11 93 81 82 30 88 50 92 75 32 4 
36 63 86 64 49 33 26 83 37 97 61 27 51 76 82 11 36 92 49 89 16 55 12 13 67 32 44 32 73 21 51 44 28 36 20 45 49 27 35 48 
68 94 4 97 14 45 7 88 78 84 80 67 3 78 54 21 90 15 43 97 49 50 93 36 88 63 11 81 14 91 39 50 44 80 3 33 92 78 4 26 
41 16 68 29 25 60 59 82 42 3 78 34 81 21 58 91 32 36 80 15 42 73 11 76 43 33 33 76 22 80 57 25 2 42 12 66 46 88 68 47 
1 41 47 22 47 7 88 32 41 47 53 94 52 66 45 23 68 80 27 90 30 65 80 91 3 2 44 43 7 8 12 74 99 8 37 62 73 35 85 13 
7 73 32 85 67 44 77 7 23 55 21 15 75 65 58 43 34 62 36 40 7 78 34 41 69 93 36 87 56 60 27 50 52 42 13 33 61 54 93 43 
97 5 66 99 82 50 92 40 61 84 55 81 28 20 8 54 94 81 58 15 64 8 1 73 34 55 66 33 58 58 87 4 56 20 69 85 7 85 70 66 
17 73 82 11 77 51 94 72 18 62 81 47 6 26 30 93 33 43 37 73 53 21 39 70 20 51 87 65 74 67 40 73 8 15 29 5 52 80 25 36 
44 7 89 20 32 61 25 41 42 63 8 88 85 17 22 55 94 6 59 83 80 48 39 44 20 26 63 85 39 88 92 87 27 62 21 69 78 70 13 18 
64 3 74 81 20 72 17 4 87 52 10 83 56 50 40 2 7 25 49 92 84 71 76 57 52 51 70 37 87 6 12 59 66 59 54 90 41 18 79 50 
27 52 36 73 23 68 64 61 82 85 10 16 96 96 2 54 55 81 75 46 34 34 80 96 61 90 85 60 58 93 24 62 85 44 85 14 29 57 60 22 
76 75 76 28 74 47 53 58 47 31 31 72 71 71 71 97 74 25 82 42 99 43 11 69 85 12 9 91 50 74 52 69 26 93 63 58 91 21 97 13 
35 33 18 6 43 56 4 13 15 89 44 17 65 76 48 94 19 93 94 91 46 41 61 10 48 94 20 66 13 22 19 33 87 9 57 95 91 14 42 41 
3 92 94 43 37 17 34 86 32 88 60 35 23 62 21 23 56 77 73 13 75 12 78 74 6 48 29 60 65 14 69 44 66 50 22 34 82 34 49 21 
31 94 94 29 33 91 69 49 14 12 34 11 6 48 73 96 36 57 47 50 63 42 34 82 29 60 47 53 50 36 98 65 29 3 58 47 12 5 10 96 
56 90 83 9 98 17 97 6 16 86 43 69 62 73 53 90 83 11 19 47 56 14 66 69 84 50 77 9 63 51 83 89 44 12 65 9 22 45 80 39 
43 78 82 22 80 65 55 6 35 29 38 19 33 5 57 92 82 79 97 4 55 25 72 53 69 8 50 3 3 97 32 62 34 55 36 71 12 79 45 45 
84 56 6 88 16 15 50 31 51 44 67 81 54 87 96 3 59 69 10 11 34 62 2 71 65 78 18 49 68 73 1 63 81 19 76 97 93 8 91 14 
29 27 83 90 39 24 83 63 7 23 80 86 91 97 7 24 4 2 45 41 75 20 72 46 78 73 35 4 18 72 46 52 66 68 17 3 86 43 41 44 
3 38 40 9 78 7 45 12 54 11 75 54 10 53 65 39 68 7 52 77 88 48 42 58 84 82 98 2 98 74 97 12 31 19 34 59 18 47 35 14 
15 17 36 38 55 12 6 67 41 89 70 82 17 57 87 35 99 54 57 26 91 7 50 5 80 13 46 78 81 20 30 92 29 92 16 95 94 76 70 15 
27 79 93 8 11 69 81 64 3 45 61 59 17 5 68 82 89 83 88 88 67 55 54 45 44 89 48 50 86 79 77 73 20 39 75 29 72 72 7 35 
91 34 49 57 71 58 17 89 94 56 74 74 57 94 31 13 91 27 6 28 41 68 24 83 77 29 70 90 22 79 9 74 81 83 32 19 75 41 4 94 
56 3 60 72 67 73 93 44 52 84 38 67 32 73 78 18 59 53 95 88 21 88 71 76 81 88 97 62 86 53 16 39 35 52 8 58 38 26 86 66 
23 54 37 59 1 43 97 11 71 51 94 54 88 72 82 2 96 82 61 42 51 24 59 87 27 84 41 7 40 95 51 44 76 62 54 11 43 86 24 50 
4 92 98 77 44 26 77 6 76 78 55 16 54 76 13 34 69 33 76 80 80 42 45 73 23 36 32 25 44 53 90 89 81 79 77 97 42 57 59 50 
73 79 4 42 82 56 63 28 33 72 99 58 74 53 93 94 33 31 81 2 91 25 45 26 87 47 60 34 39 29 47 72 39 76 60 27 21 85 20 4 
35 92 52 23 79 95 33 76 31 65 13 1 16 97 34 87 13 35 2 89 22 56 23 5 18 86 90 2 94 94 63 18 94 12 12 27 72 79 62 44 
99 4 44 32 22 11 49 15 93 11 90 66 39 55 4 5 34 90 55 89 48 83 78 71 92 53 15 78 80 84 7 60 15 93 22 2 22 52 68 33 
99 40 72 9 40 94 25 17 14 83 7 46 69 48 79 41 37 86 39 94 34 85 57 22 3 94 84 16 98 16 55 62 79 45 75 35 31 10 37 25 
5 85 35 75 89 56 21 32 63 50 67 34 92 37 28 25 90 82 77 6 8 19 71 81 1 19 72 59 50 98 71 6 56 28 30 27 78 41 70 18 
44 55 89 42 83 42 43 80 78 87 96 37 16 17 43 50 75 90 90 51 54 14 45 31 21 82 78 55 97 68 63 56 78 33 14 30 29 45 94 22 
16 38 13 33 82 26 5 34 27 14 98 20 52 23 85 22 82 17 98 55 16 7 17 59 49 69 74 8 25 26 10 1 78 53 6 93 74 26 11 67 
37 28 31 22 51 73 60 71 10 51 95 30 74 48 50 65 31 85 68 96 66 82 28 20 32 65 56 25 40 63 24 72 48 6 61 1 93 24 96 25 
45 59 88 75 76 19 42 85 95 14 2 16 49 80 73 71 21 86 77 40 64 79 16 88 10 87 72 27 26 24 51 36 97 51 41 95 25 90 80 54 
11 97 29 7 86 55 65 78 6 33 52 92 87 98 46 32 52 40 58 16 52 45 70 41 47 53 45 1 85 32 46 98 17 6 40 46 59 50 2 5 
2 23 43 66 60 16 64 46 36 37 84 35 70 9 10 7 33 8 93 89 24 14 93 31 85 75 8 78 61 19 42 50 62 42 46 44 71 47 70 17 
29 71 53 98 99 72 21 94 37 8 24 70 69 62 76 26 70 10 6 50 38 50 66 39 36 57 36 15 50 79 53 57 11 72 71 47 91 88 55 83 
81 25 53 57 51 59 11 62 36 63 66 85 79 27 76 71 9 84 32 22 14 76 81 95 12 42 5 4 98 86 59 76 41 94 84 66 18 42 8 80 
44 22 99 91 34 52 64 24 39 89 67 2 47 42 89 80 2 51 77 59 22 26 11 94 41 90 34 98 39 48 60 65 56 92 7 90 35 52 39 43 
60 29 44 34 65 56 85 14 60 24 41 66 66 32 48 90 38 40 28 97 75 69 89 90 40 9 75 69 49 53 15 54 52 87 70 13 55 24 24 68 
96 84 86 21 10 97 79 98 22 8 47 8 15 28 47 30 36 35 69 7 91 62 57 17 29 63 51 23 79 72 36 56 55 24 23 67 8 46 41 83 
21 12 90 2 35 8 76 32 82 44 93 13 2 97 83 3 48 46 51 83 25 5 13 58 39 75 63 79 37 56 41 94 18 52 53 51 98 52 71 88 
25 25 66 92 82 14 95 23 61 36 99 19 45 47 97 15 14 33 65 18 84 73 7 31 45 57 14 13 2 17 57 59 8 12 32 63 28 60 23 82 
59 58 79 94 32 38 4 11 1 75 17 62 83 57 6 68 15 76 63 79 9 9 31 98 50 85 58 99 42 16 69 59 72 1 33 27 85 55 20 90 
77 72 56 57 48 37 25 18 98 64 91 5 26 90 87 53 54 40 29 82 15 14 29 9 38 98 64 10 23 43 45 89 72 95 55 33 69 14 28 84 
10 53 93 32 48 85 48 71 22 41 53 67 64 53 55 50 76 69 62 43 19 36 14 84 68 94 64 93 35 25 80 48 31 21 46 61 9 48 22 79 
35 55 56 77 46 70 96 75 45 6 83 70 17 69 46 96 71 12 81 25 6 61 93 48 18 7 30 39 76 14 77 19 17 85 33 98 12 42 22 6 
96 59 46 43 92 13 10 48 75 5 85 31 10 12 51 43 19 35 31 17 49 15 10 74 40 91 56 11 90 54 5 18 19 8 49 39 70 27 10 72 
54 81 64 6 97 72 61 38 32 60 59 80 32 91 90 10 84 28 13 3 99 58 56 43 28 41 94 84 57 54 12 80 44 73 81 84 10 95 28 85 
50 66 35 22 14 66 94 86 93 18 96 93 37 38 60 66 30 92 91 61 36 1 81 55 4 64 57 11 58 99 98 48 44 82 50 79 72 4 31 71 
38 26 51 63 39 44 46 88 38 62 3 33 67 22 11 87 76 42 83 57 70 93 47 27 67 7 84 53 77 38 21 71 26 62 10 95 86 94 56 38 
88 48 85 2 32 18 2 5 87 76 76 98 11 52 88 63 92 31 56 78 82 38 26 59 8 59 23 13 47 11 58 39 99 13 59 77 53 1 40 90 
52 64 39 47 51 67 13 53 68 30 38 62 12 41 79 75 46 8 48 47 57 82 68 41 85 74 28 92 69 98 13 86 92 49 55 69 96 46 71 46 
79 51 51 58 21 21 48 61 56 5 71 86 36 98 3 5 7 86 13 46 12 74 48 76 64 99 12 17 39 12 44 4 93 62 52 20 39 14 77 34 
15 64 69 78 69 2 85 32 56 81 11 99 60 98 70 80 29 3 35 81 95 9 36 45 2 58 35 64 39 13 99 49 53 83 69 79 6 97 2 45 
10 32 13 60 43 62 60 97 9 62 86 11 52 43 87 55 41 29 20 50 11 70 8 29 50 86 41 84 8 44 86 54 35 82 67 4 78 25 78 36 
64 30 30 42 62 80 92 8 30 1 3 26 36 94 66 6 16 32 1 71 75 47 60 24 47 31 48 24 88 72 85 7 90 31 39 65 15 98 28 91 
7 12 92 21 82 56 57 1 59 73 95 78 17 71 91 32 58 56 85 76 94 85 76 21 53 50 87 44 83 70 87 57 24 45 59 98 61 93 57 32 
25 7 84 60 85 3 56 22 91 53 13 29 17 64 7 95 87 49 82 72 96 75 79 58 52 94 9 28 28 60 50 63 75 94 26 44 49 30 84 88 
18 95 66 60 48 7 90 72 92 9 8 10 17 11 11 65 66 60 23 24 24 2 61 92 85 24 55 31 1 72 96 27 9 31 75 12 31 43 64 41 
13 43 30 18 2 60 47 85 49 97 48 25 79 64 62 43 89 72 22 79 50 30 35 32 54 72 34 25 76 81 49 68 71 36 95 24 72 73 90 88 
61 97 32 28 93 64 72 55 45 37 44 6 50 8 46 39 94 25 1 61 52 48 85 59 10 35 2 30 44 14 84 84 25 30 64 56 92 25 16 7 
70 31 84 61 10 91 46 73 87 78 2 2 59 7 87 83 94 99 19 19 19 41 42 30 22 46 84 33 94 55 57 87 88 89 36 53 6 29 31 15 
23 30 65 82 29 64 63 40 86 1 11 51 38 21 83 27 53 91 83 11 95 16 65 49 80 73 81 62 98 94 28 69 11 3 42 95 22 53 20 54 
75 88 16 40 83 23 28 82 36 87 16 33 94 7 3 49 49 95 20 43 33 50 33 11 91 30 51 71 6 59 36 24 58 70 28 22 92 67 77 56 
31 59 39 82 38 91 84 3 87 76 69 62 54 94 79 68 79 21 11 43 9 89 93 27 27 55 57 15 55 80 57 46 69 72 37 25 87 17 65 98 
91 6 95 2 15 46 71 42 38 40 15 72 80 33 22 95 36 67 17 96 84 80 93 99 32 44 19 86 48 83 42 87 16 32 4 91 90 88 9 23 
19 24 18 30 96 22 26 88 62 88 39 34 18 10 79 26 56 89 98 16 19 85 66 61 44 42 76 94 22 1 73 71 48 74 87 14 94 85 40 89 
79 97 29 6 67 54 69 91 40 50 6 82 27 9 36 6 84 30 6 18 58 82 76 28 49 50 20 48 6 55 11 25 51 46 25 87 37 77 79 98 
41 45 97 22 2 56 24 20 3 68 41 3 31 30 42 15 57 5 84 19 72 87 61 9 88 49 28 83 78 68 4 29 24 44 9 3 81 15 96 87 
7 93 65 57 54 67 15 4 63 66 38 60 29 42 55 37 47 5 61 69 99 89 60 7 28 98 79 24 29 61 35 59 56 5 85 14 42 26 82 33 
37 49 92 3 92 22 25 78 4 77 37 19 42 56 79 35 2 49 91 11 77 10 97 18 14 97 44 56 26 15 21 11 41 7 98 22 96 22 53 53 
37 27 80 44 56 98 30 82 82 86 48 14 41 83 79 43 47 96 11 66 33 90 82 38 84 54 29 38 32 3 18 86 94 74 3 3 49 48 43 84 
96 52 85 14 22 49 92 13 66 81 97 12 73 94 6 97 29 54 86 29 54 37 4 24 1 66 7 94 1 91 26 39 50 50 52 52 58 96 24 96 
80 22 24 50 59 47 9 27 40 1 69 93 67 10 86 20 10 44 56 9 30 51 71 28 99 9 28 67 18 10 38 32 3 17 39 76 74 3 62 97 
25 90 41 78 63 30 57 10 85 54 9 60 30 97 80 87 80 10 31 6 91 14 4 19 72 99 83 91 27 83 24 79 37 62 52 9 31 7 3 87 
38 9 29 89 16 33 99 1 15 71 63 15 28 95 24 18 97 49 10 49 19 85 33 3 17 62 61 51 23 88 73 64 98 34 93 9 19 94 18 78 
9 3 79 78 16 56 54 49 21 19 68 8 21 25 3 4 29 58 72 65 92 31 65 98 26 76 2 77 48 42 9 24 64 33 89 90 56 84 19 58 
78 91 11 39 43 80 21 92 50 64 53 75 17 16 13 72 82 9 45 59 4 45 54 37 84 13 36 83 57 40 57 42 73 61 33 72 16 80 42 94 
22 22 40 42 42 96 67 6 73 2 40 74 31 83 68 74 82 68 87 30 33 36 2 4 91 19 52 85 94 28 78 76 42 79 4 5 87 64 74 67 
96 25 51 63 38 69 3 29 75 49 54 57 22 1 92 75 57 90 7 85 65 62 1 90 47 74 78 21 29 50 60 5 88 49 10 13 76 60 63 56 
22 15 5 63 80 27 70 91 49 78 34 20 34 48 72 67 42 38 98 43 46 6 99 13 87 65 77 6 52 12 15 67 47 76 19 5 14 40 99 89 
23 43 94 85 12 53 61 12 18 55 99 54 13 47 4 45 14 81 69 75 7 76 8 92 76 65 80 24 16 68 46 1 39 46 30 47 58 20 54 41 
65 69 98 72 16 27 89 96 30 68 76 63 50 30 7 45 9 80 39 28 72 89 37 29 88 72 68 51 19 95 14 73 49 27 56 3 97 43 87 20 
13 9 79 33 82 26 54 92 87 21 39 85 28 62 72 70 31 67 1 36 22 17 66 29 85 43 32 5 76 42 83 74 83 78 84 92 18 65 49 72 
86 48 36 1 60 72 75 51 55 32 69 82 30 72 7 44 6 37 41 62 14 43 73 31 27 6 16 72 98 57 5 79 66 92 97 78 57 50 52 25 
45 85 58 32 95 24 94 84 46 15 37 27 89 29 58 75 23 74 81 53 2 13 83 60 38 27 6 79 42 50 89 79 67 48 12 57 52 15 73 65 
2 26 12 8 88 40 58 31 50 21 41 59 87 58 52 70 24 18 20 11 1 15 46 19 42 28 29 90 13 86 21 28 40 71 48 84 51 66 67 20 
77 16 54 99 22 35 79 90 38 98 30 88 15 77 65 11 40 56 56 14 51 39 3 19 94 70 27 68 88 1 80 85 51 24 52 38 91 40 58 61 
2 26 52 76 25 65 92 66 68 15 8 91 13 73 77 12 38 52 18 24 61 82 22 24 34 88 59 60 29 35 99 24 7 75 3 56 41 81 77 65 
43 25 77 61 57 28 72 17 1 90 62 54 22 7 78 96 40 70 49 93 62 58 54 11 69 35 64 84 50 73 62 65 51 60 48 14 12 31 6 90 
25 10 12 41 24 3 3 78 39 52 34 46 29 11 39 2 26 66 38 13 53 70 22 36 91 43 36 10 68 33 79 30 83 81 81 73 90 10 43 91 
63 76 86 89 72 34 15 15 83 67 94 2 41 86 40 53 12 63 90 16 50 31 13 20 75 21 68 3 86 36 10 70 40 54 96 71 35 74 30 7 
93 85 46 22 30 5 59 82 23 85 40 91 56 49 28 5 77 64 35 85 46 8 88 48 48 37 18 50 70 92 67 48 24 83 86 17 32 79 40 75 
4 80 62 79 81 2 34 78 74 5 62 72 54 65 56 4 49 94 73 67 11 19 8 47 13 1 87 76 19 37 37 73 69 87 20 1 31 52 52 53 
42 33 93 64 55 68 65 70 66 76 69 70 11 57 83 32 46 39 83 88 42 21 33 51 18 98 38 44 43 48 51 95 97 72 83 57 10 26 28 91 
62 41 95 54 85 74 34 49 71 40 80 5 57 59 62 91 75 71 13 54 33 37 91 20 10 52 37 64 52 15 81 1 43 80 46 68 52 1 65 79 
65 16 59 80 52 5 87 60 87 70 38 16 73 6 23 23 8 90 17 26 95 35 1 65 23 4 9 44 88 63 45 91 59 9 6 90 25 47 75 9 
4 6 79 99 57 60 43 43 38 80 37 45 97 33 59 65 42 4 83 45 62 75 10 72 74 10 5 44 60 35 12 38 15 26 53 51 9 50 3 76 
51 49 40 13 45 3 49 47 18 87 42 99 67 90 35 84 11 63 58 23 43 88 40 15 66 43 49 26 21 64 23 79 18 16 38 70 25 31 78 54 
83 57 92 34 76 20 25 46 3 58 51 27 67 14 47 52 18 32 10 84 79 96 70 7 72 37 53 84 5 57 69 2 48 7 82 42 53 53 84 90 
70 81 35 42 26 1 50 8 3 72 52 49 78 84 88 87 48 15 62 72 76 79 92 59 27 43 35 44 91 47 88 15 4 99 96 43 6 55 68 54 
88 19 94 71 41 71 33 8 5 61 79 47 27 32 97 17 45 47 68 53 69 16 69 91 60 20 42 86 7 52 99 95 98 20 64 87 58 47 61 70 
70 21 97 78 10 19 36 42 71 21 14 4 18 54 21 86 45 31 71 78 9 80 8 24 48 89 41 52 69 9 91 84 78 80 64 84 99 23 23 72 
89 57 64 21 96 62 72 44 2 73 89 92 57 53 64 63 42 42 11 88 82 44 15 12 99 28 93 61 19 10 86 18 63 31 2 44 37 64 20 83 
73 28 8 59 18 59 6 44 77 91 73 1 46 55 45 4 21 20 93 32 77 46 53 35 47 30 25 12 83 95 80 7 6 65 17 90 55 45 63 91 
35 30 22 82 53 2 62 69 42 75 41 85 92 25 8 20 46 53 70 59 64 25 86 35 28 36 49 52 36 17 63 71 27 59 43 67 3 97 29 58 
49 80 62 32 82 70 28 47 80 29 29 46 16 1 80 98 35 38 67 30 49 89 92 97 35 10 61 87 56 52 13 29 95 9 2 70 16 93 53 59 
98 79 80 87 48 28 66 79 32 30 52 34 46 98 56 27 98 71 70 63 83 26 13 77 61 71 71 58 87 48 82 4 71 90 54 85 57 8 13 53 
43 53 19 39 57 69 69 36 22 87 21 37 45 23 83 72 74 30 2 1 19 19 88 63 7 94 13 84 75 1 8 70 72 26 53 61 96 56 7 3 
9 52 97 22 15 18 78 83 99 98 26 51 88 21 31 33 74 80 41 47 54 29 10 81 45 9 22 11 61 52 11 54 6 51 47 20 64 75 52 98 
81 35 72 47 70 84 76 98 15 46 86 86 1 51 98 94 17 29 4 25 32 77 38 83 14 86 36 86 90 31 1 3 33 74 97 98 90 91 58 83 
14 78 10 46 16 35 76 94 55 36 11 79 15 63 97 57 15 9 18 16 45 19 29 44 29 23 92 77 30 35 85 61 75 7 25 12 79 1 76 93 
14 53 98 38 6 23 47 53 54 35 68 29 72 38 64 68 40 60 91 50 18 7 88 5 48 25 37 9 67 43 69 23 27 81 11 84 9 32 13 65 
53 74 33 92 8 89 89 78 92 86 48 7 85 48 11 25 6 30 55 97 18 42 85 43 30 55 20 13 85 1 16 50 64 83 15 64 16 25 15 71 
85 83 91 28 17 77 28 38 33 47 98 99 64 74 75 81 75 24 5 78 80 88 58 18 9 9 97 15 12 23 73 16 94 69 99 99 43 85 78 36 
47 84 76 60 13 79 41 91 71 30 64 5 97 21 62 7 47 66 24 74 80 26 93 98 66 38 33 57 74 8 14 6 61 60 59 92 28 94 48 6 
73 43 88 59 76 1 55 15 32 78 74 54 14 8 87 29 88 82 43 54 83 52 39 8 57 7 13 18 85 30 4 80 64 72 27 54 69 60 36 37 
3 44 14 55 67 35 22 41 16 39 94 5 27 10 7 41 91 77 71 24 16 12 57 98 71 32 13 96 44 2 91 56 83 10 78 16 18 53 41 54 
19 86 9 13 46 39 42 27 17 94 59 83 60 97 8 88 66 52 16 17 34 34 16 80 96 24 38 55 17 21 97 86 60 3 89 67 62 61 46 74 
84 22 31 9 21 65 11 29 74 77 53 79 70 86 13 61 22 77 72 48 75 53 17 37 76 97 13 70 68 23 89 5 86 81 42 28 54 43 35 5 
64 77 90 62 15 10 24 62 76 9 2 29 41 88 8 14 47 35 37 20 67 51 24 71 30 18 29 28 57 44 40 3 21 45 12 78 39 3 49 55 
91 17 33 91 82 76 23 29 42 94 92 81 83 67 90 93 70 32 78 85 91 54 92 36 42 76 44 15 78 52 20 46 7 94 83 96 58 53 95 48 
36 38 85 52 84 57 63 86 27 38 76 45 87 88 95 13 67 49 32 71 16 6 98 60 52 72 72 82 71 88 24 77 36 31 70 98 79 5 14 70 
13 30 91 54 77 14 35 28 71 94 74 10 9 87 60 76 9 95 27 93 29 6 73 58 45 95 15 39 90 16 8 18 56 80 88 80 55 15 40 82 
99 79 91 11 28 45 15 54 37 6 82 46 69 22 95 44 45 94 80 34 97 46 95 80 61 75 31 60 76 32 38 11 51 74 6 75 77 50 49 27 
93 7 14 34 56 41 36 38 89 50 65 28 93 29 22 59 39 82 73 65 85 73 6 78 63 99 73 81 3 56 60 9 42 8 17 10 44 52 69 37 
20 9 58 47 74 24 96 38 79 94 89 16 7 63 91 11 30 93 75 44 25 2 44 16 20 77 58 45 20 18 21 39 3 31 17 42 92 7 42 89 
64 18 18 15 59 26 88 54 33 96 86 66 9 94 34 38 6 77 95 26 30 22 31 32 62 93 40 52 69 35 26 39 70 87 39 18 20 51 43 91 
10 75 87 64 38 32 8 21 75 46 95 35 34 51 25 45 63 2 56 76 38 99 27 26 80 6 9 92 57 74 19 58 4 44 92 94 55 97 45 39 
73 34 87 38 3 19 34 72 4 37 23 92 96 31 1 23 22 69 35 25 15 98 58 40 8 33 75 77 20 92 41 4 65 44 3 91 84 47 2 59 
11 66 67 59 21 94 75 52 44 39 79 90 64 12 53 5 48 22 65 71 86 47 11 97 76 54 25 23 45 34 10 86 64 4 10 34 6 17 13 34 
91 76 31 49 54 28 34 14 21 59 9 5 21 82 72 37 22 14 70 96 23 74 81 79 59 49 76 5 48 80 3 55 25 4 79 4 82 59 43 43 
89 46 6 88 5 66 58 44 31 8 61 36 64 28 37 74 12 6 55 67 27 54 23 63 76 61 26 40 36 7 59 5 40 22 64 77 45 98 49 1 
73 33 15 88 86 93 8 96 11 62 85 8 11 70 24 21 34 70 11 30 32 60 84 21 50 20 44 95 96 65 54 5 99 77 32 38 28 94 55 58 
47 49 29 78 83 86 83 67 35 38 82 27 77 65 13 78 32 12 93 33 94 1 3 41 8 91 82 40 88 21 83 66 37 60 87 80 16 68 91 3 
72 94 92 87 22 63 66 90 39 35 6 45 27 14 24 76 14 93 59 61 89 81 4 77 3 95 92 97 36 64 45 90 25 88 89 38 67 68 83 88 
66 55 11 80 13 76 5 26 71 15 84 67 79 17 74 99 76 81 42 42 56 14 13 81 4 61 25 58 90 38 80 13 47 25 97 58 50 65 90 1 
32 83 42 57 74 9 92 1 24 30 77 66 86 86 45 14 91 39 7 52 59 35 44 74 88 87 30 27 48 78 40 28 82 13 83 79 51 42 76 88 
71 92 22 43 26 30 32 52 61 38 82 27 63 93 33 42 2 53 49 71 15 30 58 98 38 12 73 71 75 22 22 65 94 56 12 84 97 76 77 64 
23 69 29 47 52 28 32 85 27 99 21 71 82 13 44 17 50 63 32 3 29 32 93 68 52 66 38 92 85 9 47 66 60 73 51 52 65 44 33 10 
65 76 32 16 73 40 13 50 28 12 59 55 51 26 64 77 55 60 43 88 26 5 13 41 90 2 38 18 92 3 89 36 4 50 22 13 19 37 19 67 
49 37 54 18 43 85 65 81 55 50 80 23 49 8 41 52 49 64 16 5 91 97 56 98 7 71 26 94 37 91 84 39 79 22 67 61 23 14 15 47 
81 85 28 61 12 27 32 7 34 12 70 92 11 77 30 17 19 82 39 26 85 52 65 48 82 84 63 38 7 20 65 64 91 76 40 12 75 7 67 5 
9 25 11 52 89 37 18 54 1 2 5 43 78 95 10 30 94 30 27 92 27 17 32 34 12 4 94 83 27 49 33 14 91 93 43 83 15 15 12 98 
13 40 87 2 68 45 20 54 68 11 74 64 9 14 71 47 56 64 81 97 6 56 45 33 75 13 72 85 18 5 28 82 34 70 47 97 11 45 60 82 
98 59 11 95 76 54 19 31 45 39 60 41 28 3 49 76 74 27 25 82 99 10 74 55 53 20 14 64 75 55 85 54 97 53 72 42 7 65 92 54 
78 25 68 43 70 89 80 18 39 98 8 63 31 91 41 89 8 84 42 62 76 61 19 90 47 33 92 24 13 44 97 2 80 87 4 31 24 72 86 62 
95 5 45 3 59 16 75 31 82 27 97 73 30 57 68 84 94 33 66 87 38 62 23 43 73 26 63 21 81 48 58 45 64 19 79 73 67 20 2 68 
1 19 49 53 63 98 40 97 90 20 4 65 75 93 1 28 53 16 56 79 11 86 7 92 51 55 56 20 89 26 45 17 73 66 73 43 14 93 37 22 
71 13 72 48 38 55 23 43 10 28 45 54 36 3 95 32 41 41 2 70 50 14 23 51 1 82 72 78 45 99 33 62 94 1 72 98 71 37 93 47 
47 97 47 29 17 69 61 91 33 1 88 3 10 18 67 94 95 48 39 65 95 17 89 32 65 67 93 98 17 89 58 10 23 54 4 61 65 67 29 39 
62 11 4 56 12 57 93 34 95 85 59 45 86 66 23 53 48 57 2 86 68 49 85 18 8 62 89 84 73 43 32 14 24 15 8 59 23 10 72 52 
32 94 55 40 44 81 85 22 65 46 99 6 53 7 63 20 17 50 23 91 86 67 14 24 79 42 28 64 61 29 49 28 11 52 9 76 74 8 74 31 
71 59 11 55 39 80 20 88 66 93 5 63 68 49 20 10 27 23 18 8 8 57 10 59 5 56 75 21 99 86 98 47 96 62 59 89 12 95 99 11 
72 34 7 28 33 8 99 64 36 52 27 24 22 50 77 4 59 88 97 52 74 26 69 46 80 36 1 14 32 28 88 4 44 73 86 58 76 68 28 28 
98 65 3 50 82 6 16 64 35 72 41 98 14 97 3 30 83 58 34 13 72 73 50 65 51 85 26 68 76 66 46 7 76 45 27 20 64 43 16 24 
10 48 15 10 84 7 85 30 6 47 96 69 87 38 95 70 7 26 38 80 63 39 60 17 19 8 49 67 35 94 69 46 8 35 75 85 20 26 7 24 
83 93 69 88 74 47 14 95 63 10 8 46 45 76 56 92 15 88 98 73 71 29 28 82 63 37 23 47 49 45 67 82 36 97 72 92 37 70 3 9 
65 84 27 77 83 5 84 27 28 12 20 46 88 78 10 94 65 90 6 27 65 98 39 12 29 70 15 66 87 95 98 65 80 10 94 18 50 26 15 70 
82 64 49 26 47 98 7 78 3 59 77 31 34 92 17 75 35 3 24 30 22 11 93 28 10 99 58 60 75 30 55 61 78 40 30 81 22 81 72 98 
96 50 40 37 80 77 23 68 52 97 6 12 63 51 32 88 36 63 12 82 25 26 2 95 49 12 20 75 67 42 71 7 5 87 23 78 13 19 52 49 
22 20 94 39 39 83 59 84 85 28 72 60 24 85 51 61 8 71 2 23 94 36 60 41 21 28 25 44 76 21 29 64 99 33 26 26 91 85 16 12 
66 61 98 60 35 43 85 49 61 42 22 69 75 44 45 71 27 74 11 51 70 20 28 58 49 17 74 80 4 36 18 2 27 61 66 23 69 47 36 11 
11 18 2 79 48 38 36 5 49 69 78 39 46 81 55 74 2 77 64 33 62 33 22 53 68 77 67 56 64 72 12 45 79 9 45 87 13 51 52 94 
47 17 52 54 67 11 92 97 89 84 37 44 49 97 59 28 16 25 69 50 32 12 5 84 25 60 29 56 95 57 23 41 46 98 65 75 28 27 98 57 
87 69 37 94 28 75 9 42 41 49 71 45 85 16 2 17 60 22 11 79 33 51 14 96 50 86 43 46 48 7 86 12 25 10 28 97 77 20 76 45 
71 25 54 73 93 9 96 60 43 81 76 39 40 98 79 71 53 2 98 81 9 3 14 72 62 86 1 4 95 19 30 59 17 2 61 71 68 66 19 8 
40 33 51 65 89 51 9 16 91 2 85 42 73 66 10 49 22 79 94 18 82 87 40 67 10 93 80 2 5 78 92 29 47 96 21 16 49 98 68 84 
82 9 89 77 52 85 76 28 93 21 2 63 79 29 43 58 82 73 57 40 71 57 23 45 76 47 81 3 43 82 50 17 24 82 30 5 77 21 75 26 
16 87 78 73 74 26 79 95 11 45 84 23 22 86 41 75 24 22 80 70 94 72 35 21 4 17 50 8 86 64 14 1 82 76 13 24 58 55 56 76 
74 18 78 44 53 73 84 31 41 33 19 49 57 52 11 94 14 35 57 90 58 30 19 56 84 18 4 96 83 96 54 38 44 26 74 56 19 49 33 83 
87 41 6 89 40 33 92 36 52 1 52 46 18 16 77 98 61 84 41 20 99 54 64 93 76 81 10 76 10 83 37 90 57 25 8 67 45 60 65 73 
57 35 54 98 2 24 85 32 63 27 83 91 53 24 36 11 24 85 64 98 82 51 70 98 3 18 15 59 59 61 71 69 39 25 46 52 51 68 7 67 
17 30 22 62 79 65 71 69 82 16 67 49 75 49 6 2 17 56 48 14 46 94 78 29 37 87 14 15 86 75 29 23 58 70 90 61 7 51 46 43 
26 31 81 92 5 37 39 74 40 85 95 30 16 43 12 48 92 85 26 2 78 83 6 58 55 19 16 39 72 30 43 69 27 84 54 55 66 73 11 79 
51 77 21 24 43 70 97 83 96 86 88 6 75 70 66 54 15 9 70 1 55 35 68 94 11 49 88 5 30 32 3 30 29 64 49 7 72 72 48 43 
14 35 9 56 31 86 95 32 79 82 22 94 66 56 19 72 57 50 25 27 25 98 36 31 31 40 70 74 66 77 40 8 14 84 1 89 80 56 94 68 
38 52 37 14 21 63 89 31 3 69 60 33 39 9 2 48 86 30 21 70 95 79 29 11 40 39 88 39 73 13 66 76 93 13 74 64 9 13 49 75 
55 86 68 88 90 78 90 64 13 93 81 97 29 78 55 67 21 90 41 92 90 39 93 98 57 34 71 49 52 36 93 7 39 55 3 82 5 62 84 22 
63 71 23 91 33 53 43 73 87 43 21 35 76 39 33 83 53 14 8 43 88 70 38 95 25 23 83 45 41 16 99 6 83 92 96 22 56 14 38 6 
86 61 89 18 51 65 86 49 70 39 93 27 96 34 41 16 99 84 8 24 41 24 94 58 86 37 18 86 12 28 38 6 61 34 17 18 32 69 36 77 
6 4 38 6 56 11 66 62 7 85 11 25 39 21 21 84 45 86 5 28 26 44 19 62 37 43 40 8 82 23 85 16 14 72 82 82 7 83 41 70 
32 67 84 25 57 32 47 80 98 11 54 31 20 49 90 63 77 54 62 29 38 75 63 10 64 89 84 89 34 30 51 12 24 44 49 51 3 66 29 88 
26 7 76 56 23 25 49 13 28 95 12 25 35 24 42 99 67 18 67 39 8 69 55 4 71 98 41 23 55 69 61 39 65 42 26 47 7 5 53 3 
95 28 68 41 11 43 90 14 16 25 68 84 68 23 54 82 42 73 14 90 12 15 41 3 57 80 21 98 16 32 65 51 72 88 49 15 34 58 1 3 
60 80 1 73 27 2 64 98 33 10 44 99 69 52 43 85 30 14 46 33 14 78 75 15 60 26 65 77 89 60 33 82 87 71 94 11 16 92 74 78 
22 42 71 31 27 72 34 62 23 61 88 66 93 90 96 41 55 44 18 78 54 23 58 57 6 21 36 95 23 59 58 54 28 1 62 17 47 26 55 80 
17 60 86 57 37 91 84 23 57 20 19 8 31 45 46 51 98 31 69 76 67 82 37 73 56 96 83 56 84 56 53 69 93 98 9 94 49 18 37 36 
59 79 96 47 67 42 86 9 89 39 19 72 77 29 32 4 97 6 71 52 41 93 35 32 23 61 80 54 75 31 95 1 64 14 68 57 16 70 28 58 
92 78 24 48 5 18 71 30 99 89 33 47 97 16 61 80 39 69 66 97 66 29 66 6 66 14 83 55 53 21 27 36 95 69 23 6 60 20 1 3 
28 3 31 86 15 59 33 54 65 64 7 67 92 3 66 81 35 23 75 83 97 82 48 12 55 70 64 35 21 71 35 9 95 90 72 72 22 73 15 51 
16 3 26 54 65 93 15 18 19 6 79 40 64 64 53 81 51 55 52 33 16 83 12 26 21 51 59 37 12 99 65 28 90 34 96 98 53 46 68 26 
21 74 63 97 54 30 59 96 3 72 61 16 21 46 19 21 87 17 11 24 86 48 44 71 55 59 38 65 26 82 24 29 70 75 83 15 3 54 72 93 
23 71 1 88 16 38 88 14 86 76 76 33 81 4 20 50 35 27 75 48 12 36 26 75 64 39 48 29 81 45 58 14 97 84 6 10 34 25 9 29 
98 91 77 51 8 53 45 7 32 42 40 55 93 85 66 85 97 29 46 55 96 86 91 12 1 7 36 86 79 85 61 27 98 8 39 99 16 6 37 13 
42 95 22 67 26 77 75 61 64 84 46 87 8 66 3 9 32 41 43 43 40 77 23 75 23 32 88 11 35 76 86 7 96 66 99 91 49 44 78 55 
72 71 5 35 44 25 80 67 16 29 78 70 97 91 53 79 45 85 28 77 29 20 45 98 35 59 51 23 60 39 50 66 94 97 71 70 35 93 17 45 
78 49 54 91 59 42 44 54 49 99 94 75 3 5 3 88 48 25 4 84 97 70 60 25 8 27 44 66 22 80 7 33 59 27 20 17 3 50 25 23 
5 71 1 57 18 74 42 68 83 86 57 99 28 91 3 5 67 22 99 56 85 32 75 60 29 8 43 75 86 34 17 70 25 42 70 26 67 49 18 15 
93 13 5 35 54 7 88 55 32 13 50 5 23 51 84 29 50 71 25 54 69 25 16 79 51 83 13 53 61 29 96 72 1 60 22 1 13 4 12 36 
45 35 44 48 83 57 78 59 58 74 83 35 46 17 40 86 99 29 78 92 53 14 56 48 54 61 50 11 35 2 32 50 98 5 18 94 22 72 87 10 
81 30 34 22 22 27 55 17 93 8 57 73 88 97 34 57 70 40 80 83 61 99 55 35 32 6 51 44 76 31 75 84 70 55 28 84 15 95 34 62 
83 96 68 85 6 31 3 20 84 2 84 78 22 85 52 95 93 29 22 18 56 97 59 88 27 91 63 17 59 18 53 33 75 40 86 51 46 33 23 71 
66 89 85 97 77 55 34 55 9 4 75 24 9 64 40 85 18 41 36 80 30 9 84 88 85 19 74 85 11 15 88 95 90 62 91 43 17 82 79 80 
44 43 60 66 25 88 76 8 66 20 83 29 62 28 70 12 74 24 24 67 81 50 17 28 48 94 68 12 91 79 12 61 62 69 64 45 27 19 54 22 
33 11 26 13 88 20 78 90 45 68 27 70 97 19 53 88 70 59 12 15 22 5 47 59 45 63 64 11 7 73 82 97 18 19 24 83 4 57 22 68 
74 45 3 76 18 65 46 67 13 95 43 17 25 28 15 72 6 53 1 74 1 20 55 40 42 77 82 53 40 49 38 45 35 25 41 57 52 68 92 62 
55 51 15 70 62 66 41 97 11 89 86 48 16 17 84 44 47 48 82 18 29 57 83 40 45 53 15 46 19 31 45 47 17 24 36 49 19 46 48 32 
12 59 55 88 10 2 73 24 46 86 44 18 25 80 87 29 45 30 34 39 59 77 33 1 88 81 86 2 1 82 98 64 30 51 23 61 88 59 95 65 
29 3 18 71 1 86 57 28 44 43 86 69 49 63 52 2 95 83 96 64 39 74 45 62 75 1 82 83 68 15 8 72 71 72 4 69 73 78 83 3 
63 87 63 74 10 68 80 11 89 63 30 15 51 97 96 98 66 79 2 54 55 86 2 55 47 62 50 64 91 40 76 46 84 62 68 29 37 21 6 18 
6 80 56 65 33 59 75 69 28 49 48 76 52 79 36 96 24 24 41 77 87 4 81 63 95 56 35 91 89 17 71 54 92 72 57 61 66 28 39 42 
77 77 39 77 31 17 3 67 19 34 98 70 59 74 48 89 61 7 47 62 5 70 93 69 15 42 84 98 6 84 78 98 38 84 15 27 47 99 84 95 
40 86 49 3 39 23 78 53 82 28 36 82 24 8 58 88 97 39 97 7 44 4 96 60 90 42 82 35 78 19 88 18 31 78 82 17 12 71 97 10 
92 45 84 69 38 65 99 48 53 72 33 66 84 74 58 76 14 95 19 34 7 12 16 42 99 15 68 48 73 49 38 60 51 73 32 61 19 66 5 84 
70 36 18 60 59 69 98 49 48 97 23 97 66 24 23 27 74 50 18 11 99 78 33 21 21 87 52 67 2 89 68 20 75 38 12 31 27 51 67 47 
35 27 71 58 22 86 54 62 71 67 48 31 91 24 52 31 7 65 48 67 30 79 40 8 41 52 11 93 32 63 47 2 19 35 67 17 94 18 1 90 
30 81 58 55 56 14 13 16 47 86 52 7 2 69 85 15 40 67 86 89 67 46 31 32 46 19 60 21 97 20 5 12 99 23 73 82 86 76 13 95 
5 73 81 65 18 38 6 74 29 64 87 31 9 27 61 79 33 62 56 74 85 32 69 93 83 94 59 74 39 38 12 98 16 42 65 6 1 90 87 62 
14 19 34 66 54 92 44 60 80 86 64 24 7 61 62 7 38 59 35 10 21 79 73 35 17 84 47 6 74 81 49 99 80 60 80 54 60 66 50 33 
3 88 17 27 67 6 20 92 81 10 82 80 33 31 40 70 4 23 69 33 54 82 82 22 3 52 34 62 94 14 38 77 91 4 61 52 49 10 15 54 
67 68 20 66 82 39 41 9 55 79 93 82 72 90 43 4 70 19 61 3 9 67 15 4 8 55 29 27 52 78 89 68 41 32 31 54 53 45 40 68 
97 33 10 55 17 90 8 83 72 45 45 55 62 66 28 55 53 52 78 98 94 52 25 16 70 10 33 8 63 8 50 71 20 55 55 68 42 63 18 26 
81 50 88 27 27 8 32 54 54 31 52 86 86 37 55 92 9 55 7 58 84 17 23 67 67 23 66 78 50 56 75 57 3 97 20 50 92 50 41 19 
48 57 13 51 75 11 30 68 10 39 82 58 27 13 69 97 84 14 84 19 92 39 79 46 59 94 68 34 73 98 31 75 25 65 72 53 30 95 39 84 
40 12 23 69 15 3 97 84 26 56 77 92 84 65 86 51 17 93 66 23 50 43 47 35 35 89 22 46 76 16 89 87 75 85 57 15 35 38 23 66 
30 21 97 80 93 97 3 62 53 36 86 77 2 11 15 1 91 87 88 14 24 95 92 3 19 42 77 28 83 99 85 59 52 52 26 69 82 6 25 47 
87 91 61 35 63 40 71 38 74 84 80 59 21 13 52 58 41 8 57 67 1 64 24 69 17 31 12 68 23 19 67 23 19 76 41 55 53 56 98 22 
35 7 79 72 87 50 22 75 23 80 77 60 99 22 6 15 62 3 54 46 82 27 88 58 71 19 41 8 8 39 10 49 19 46 55 87 53 39 12 23 
34 36 21 19 35 97 24 15 85 52 83 46 59 10 24 58 64 33 26 48 22 47 5 56 97 2 6 2 11 41 29 8 78 76 59 3 70 3 93 5 
72 42 43 94 20 79 48 34 53 45 34 53 84 25 96 99 67 78 50 24 75 40 31 61 17 86 80 33 20 58 77 42 54 8 54 12 81 59 35 78 
54 2 31 84 28 49 23 56 26 8 57 58 57 20 7 93 97 29 90 91 12 12 52 91 40 81 63 2 63 86 50 22 77 14 28 19 62 49 81 89 
59 22 74 78 98 21 66 95 78 68 69 82 59 53 50 59 65 70 5 94 92 60 95 46 21 59 48 76 32 22 22 79 4 56 68 45 2 42 47 96 
46 38 93 81 42 97 77 32 12 60 15 57 45 30 98 77 37 59 40 97 88 26 15 99 66 27 24 34 50 53 52 55 64 25 7 31 80 53 53 93 
60 25 57 42 3 2 67 53 9 54 79 4 7 85 51 53 86 76 51 53 53 67 42 49 88 85 17 66 46 41 15 25 84 48 23 3 2 70 29 85 
1 46 82 85 29 70 91 10 86 94 26 90 71 21 42 93 65 89 87 63 53 72 49 39 73 96 62 38 96 31 96 29 55 50 65 72 23 69 39 46 
42 43 83 62 7 30 83 11 31 89 81 38 78 44 71 86 69 52 53 82 14 18 69 66 36 16 82 94 76 80 96 35 90 14 40 65 24 91 76 73 
67 8 25 32 5 79 52 54 55 72 2 40 82 10 44 12 28 96 69 90 76 26 50 72 83 58 21 23 76 92 62 84 62 71 53 33 5 48 98 80 
48 88 47 99 39 30 57 71 18 7 42 8 37 23 95 17 7 48 60 6 88 42 67 89 48 23 51 31 81 6 90 19 54 95 23 47 60 63 17 77 
67 49 91 60 83 66 83 11 26 60 80 28 55 33 51 7 52 80 84 68 17 86 65 57 55 39 25 21 29 35 81 59 57 75 14 56 22 90 99 44 
36 79 27 14 20 43 99 67 56 90 80 85 63 21 12 33 62 15 23 43 61 80 36 46 69 60 42 45 23 67 30 40 35 95 9 43 27 43 97 60 
77 29 12 45 37 5 67 1 78 78 92 99 85 15 18 27 89 38 19 98 32 76 95 5 54 80 49 1 77 1 96 1 12 60 87 19 72 58 47 32 
32 19 81 22 10 59 30 75 88 14 95 6 35 86 47 59 37 79 95 43 6 5 11 49 78 57 33 57 31 80 55 33 60 83 61 26 88 4 72 34 
43 92 35 58 33 83 28 33 2 31 25 46 56 63 24 22 22 98 54 3 25 18 56 70 28 25 68 81 33 58 25 1 1 23 71 14 21 20 51 49 
62 78 89 68 73 59 85 87 93 25 30 57 6 1 44 11 98 1 35 78 22 85 5 72 99 23 77 47 85 77 87 52 80 48 2 39 9 21 1 20 
24 15 79 86 77 40 13 45 66 57 8 70 4 18 52 41 54 22 9 44 12 84 83 87 82 51 74 6 73 62 99 72 20 23 79 92 97 27 78 70 
22 80 69 81 10 91 86 87 85 24 28 78 26 90 36 29 70 96 61 51 84 46 82 80 40 9 98 38 16 57 87 45 49 49 81 72 35 1 83 85 
17 66 7 16 21 5 97 76 4 21 24 46 81 69 46 35 57 53 24 24 18 37 22 39 27 60 25 24 21 38 37 61 59 71 60 81 46 35 79 21 
34 14 38 19 42 37 83 22 29 31 56 79 46 40 41 68 43 4 50 57 65 15 1 28 35 28 69 22 69 96 26 6 39 91 10 29 37 69 22 3 
4 86 25 81 91 39 46 37 29 60 49 27 82 89 59 87 62 23 61 35 31 17 78 19 21 88 13 57 66 53 53 60 41 76 88 62 84 90 24 15 
57 43 36 84 44 55 52 47 25 88 56 67 6 96 30 1 6 85 93 98 91 20 14 60 78 74 18 63 2 68 19 56 83 8 17 94 75 65 28 5 
95 75 62 55 47 39 70 18 56 47 58 41 55 60 86 58 13 52 5 68 13 3 25 16 53 3 87 41 38 3 54 62 10 16 66 8 35 51 31 23 
99 23 19 13 96 83 91 22 77 84 12 64 73 73 74 24 44 43 35 61 64 21 7 9 55 9 95 6 90 4 85 65 53 57 93 93 12 16 10 55 
54 36 37 51 86 27 13 60 91 97 71 91 95 95 40 70 12 95 77 6 57 59 68 48 90 50 89 66 91 58 74 17 56 78 45 26 91 9 36 15 
92 64 93 61 32 38 89 75 47 21 93 98 63 73 46 43 68 13 17 95 72 44 9 98 20 40 43 71 53 39 55 37 56 15 6 60 58 83 42 53 
6 19 27 17 2 13 27 93 10 33 42 68 84 12 11 68 78 83 53 4 90 96 39 73 40 15 40 32 53 33 48 51 12 70 27 31 53 49 94 65 
33 76 86 78 71 34 86 61 33 1 19 7 21 46 41 79 87 8 39 69 88 81 51 71 49 28 25 12 90 40 11 56 29 75 80 2 39 96 16 90 
41 35 65 86 38 18 55 42 56 5 35 43 3 76 62 11 7 26 51 93 9 63 21 55 26 13 65 95 55 67 85 79 48 29 1 44 65 22 72 54 
19 17 83 90 74 76 74 69 25 94 43 35 70 22 2 65 80 36 63 84 37 15 30 62 31 51 60 21 79 17 28 46 25 13 21 92 83 12 51 88 
36 40 98 34 21 99 47 64 93 35 7 64 71 97 42 65 99 10 81 48 58 22 79 11 74 10 26 71 6 81 57 88 1 41 52 61 1 74 68 62 
80 34 23 51 40 84 11 25 85 82 53 43 83 51 23 34 68 82 51 5 96 62 89 59 33 59 62 36 5 99 88 42 30 9 60 21 99 17 5 88 
97 50 73 79 7 99 69 73 63 78 50 16 87 6 82 27 99 94 73 89 71 12 45 18 21 41 27 3 75 73 86 44 95 61 76 40 83 72 17 98 
39 48 30 14 75 62 66 71 76 60 23 95 78 44 4 95 55 37 3 73 50 23 36 92 73 72 31 26 37 52 3 16 83 76 54 36 99 84 95 99 
61 44 90 4 24 13 52 68 50 40 20 38 68 51 87 9 28 86 7 70 36 94 10 63 52 93 93 65 97 94 16 50 63 87 18 35 44 5 97 71 
99 57 75 80 73 54 48 46 43 81 78 6 57 91 63 90 57 52 43 31 33 62 21 61 98 35 26 20 98 80 88 1 68 80 46 40 40 91 52 53 
64 62 63 26 45 40 10 27 7 92 51 46 8 90 13 19 36 22 54 76 77 16 52 76 12 37 86 19 12 30 42 23 73 30 19 81 69 96 22 24 
99 82 2 52 2 30 35 75 88 58 30 9 75 23 2 66 32 27 27 9 2 42 66 66 95 35 74 27 2 56 59 50 67 50 46 50 46 73 38 99 
31 85 41 61 92 29 77 88 44 70 27 90 72 70 80 92 16 50 35 65 73 4 4 51 69 98 41 28 68 50 60 51 11 73 95 37 87 14 72 74 
54 78 67 44 32 93 94 41 35 79 55 4 22 45 23 99 41 92 10 91 53 62 65 52 98 64 95 67 32 11 58 64 5 99 88 23 21 22 52 23 
51 81 42 25 79 81 85 40 34 91 12 21 88 75 15 22 5 72 16 43 60 83 78 92 58 50 21 23 90 38 75 8 82 49 86 44 27 4 87 81 
52 78 93 45 92 41 61 16 89 59 97 19 77 36 96 44 36 61 46 91 99 91 85 18 27 71 31 25 3 30 32 26 52 34 64 56 15 33 55 2 
40 94 69 1 67 96 32 16 82 97 83 45 64 69 12 22 62 94 5 79 64 1 21 94 13 66 53 53 52 56 33 36 94 29 67 52 93 1 54 85 
78 90 33 69 94 30 83 23 38 94 29 67 84 16 40 92 17 81 73 31 24 84 70 18 92 17 32 68 16 39 22 70 19 68 36 45 68 65 54 80 
30 68 33 7 77 84 96 38 33 37 26 12 73 2 89 29 98 41 48 88 3 33 71 15 42 10 71 16 58 20 19 13 63 17 75 89 50 41 48 62 
33 95 22 49 7 61 42 12 95 78 72 27 27 73 76 38 85 41 12 77 27 15 36 33 84 22 66 9 88 65 91 37 79 43 28 22 43 35 60 38 
9 78 52 86 25 94 36 2 8 78 2 92 33 7 94 84 31 84 14 7 7 36 64 72 4 79 58 54 22 76 69 57 86 59 25 71 64 20 71 64 
22 60 77 52 38 98 20 47 31 55 80 71 66 44 26 89 47 96 4 5 96 29 21 75 2 76 10 14 6 34 99 1 46 76 89 21 19 72 91 12 
60 78 26 21 26 71 45 49 87 99 30 39 30 20 16 69 59 72 7 38 4 6 1 36 78 22 13 55 94 50 55 35 10 59 81 2 35 1 38 45 
2 71 76 25 81 21 46 70 51 42 96 78 65 88 31 95 7 67 84 13 17 97 1 30 38 65 26 77 94 85 10 90 55 72 56 46 48 93 69 2 
26 40 11 85 38 69 49 90 61 13 77 43 80 7 80 43 3 67 64 80 24 13 70 62 78 1 71 48 5 29 7 93 28 37 73 55 10 95 31 96 
20 20 98 40 27 1 74 95 29 68 20 38 1 16 98 3 57 63 90 61 9 1 99 79 25 98 40 13 89 12 74 6 88 79 72 36 71 42 75 84 
29 84 27 46 12 22 8 61 10 33 14 27 64 18 23 12 18 65 40 7 49 9 47 59 90 57 22 95 26 73 40 45 26 67 3 67 95 95 38 38 
10 57 26 75 67 24 58 45 13 96 88 80 29 73 10 92 28 42 95 29 22 34 10 66 80 51 22 24 31 73 88 84 93 46 43 98 34 88 62 94 
3 84 65 50 6 91 37 21 66 41 63 85 78 70 90 63 47 76 5 63 88 97 75 60 81 97 27 52 13 50 36 85 25 19 64 42 4 18 82 50 
19 76 76 16 63 5 45 63 53 53 9 1 84 75 58 72 68 49 44 85 50 87 55 84 35 68 47 89 71 23 96 4 92 98 90 31 74 40 19 37 
12 73 74 27 48 52 15 61 63 3 93 10 50 64 37 43 97 79 79 33 92 26 37 29 54 45 99 79 78 90 14 60 24 26 36 38 61 94 52 88 
50 71 28 53 60 55 25 6 45 6 5 74 13 73 85 28 8 41 15 97 18 85 39 38 56 47 86 80 72 6 78 45 20 68 61 54 52 98 71 25 
12 61 86 29 78 45 22 45 78 93 9 75 86 91 80 36 68 56 78 24 54 45 66 29 19 97 39 94 65 26 32 2 20 9 10 19 1 50 14 14 
13 51 97 61 38 85 46 78 17 91 46 96 72 24 5 17 87 32 47 74 53 25 46 75 12 99 53 73 77 95 39 72 95 4 61 29 15 30 28 75 
72 36 30 42 78 48 93 25 36 28 5 94 48 9 45 44 58 42 16 39 31 30 65 98 87 65 92 20 99 77 36 39 59 69 61 53 41 52 67 97 
66 21 95 79 70 85 89 12 40 11 31 84 69 21 72 44 83 64 3 94 28 73 54 44 76 72 28 43 96 1 18 26 55 89 18 93 80 74 49 5 
1 55 58 76 15 78 95 5 44 91 57 93 13 8 85 20 11 72 34 32 91 94 94 76 65 90 38 71 94 84 37 12 10 64 38 7 2 1 37 47 
35 65 26 52 82 12 97 96 81 68 75 16 75 82 96 22 82 56 54 79 46 41 29 5 65 27 6 82 86 31 42 77 77 53 17 37 53 4 28 11 
82 95 41 13 80 20 70 57 12 87 67 66 98 4 37 22 25 84 41 28 71 66 69 86 23 2 52 62 67 24 73 12 91 79 62 78 91 91 21 98 
40 54 46 87 33 86 19 27 31 85 21 1 24 67 88 24 54 61 83 10 35 28 31 23 96 56 97 52 21 25 92 79 96 89 62 13 48 47 56 40 
61 12 4 65 46 58 28 73 8 51 62 97 1 56 53 62 22 82 61 51 19 46 42 62 22 76 26 58 51 35 52 64 84 4 21 66 7 25 44 52 
22 49 86 57 28 47 49 44 5 50 88 17 25 57 15 83 63 58 79 78 9 83 96 33 55 57 1 98 64 26 70 39 7 12 43 58 45 85 15 22 
41 78 74 18 99 77 55 78 16 59 8 33 86 1 34 61 15 15 6 27 24 30 91 44 16 52 70 84 56 72 25 3 54 99 28 85 6 84 35 39 
6 62 63 56 48 55 91 94 74 59 37 23 9 46 42 52 73 70 98 10 57 29 83 8 18 74 52 70 47 19 10 26 77 57 6 86 75 18 59 48 
94 66 94 30 7 71 24 34 27 35 24 61 13 81 85 51 41 79 55 75 23 82 71 9 71 53 4 2 41 66 4 43 52 8 62 66 54 49 75 14 
67 44 35 62 15 26 56 21 83 50 89 72 32 67 1 11 52 43 43 22 66 72 47 70 74 28 21 88 25 47 38 49 18 37 56 95 45 48 34 92 
93 14 88 46 94 47 19 19 50 12 95 79 45 60 89 77 88 46 8 41 42 63 37 8 36 68 41 88 88 19 89 34 44 96 2 25 81 37 84 33 
66 53 65 86 68 15 39 26 42 55 48 88 48 95 79 12 24 12 43 30 51 60 86 53 83 61 33 4 98 55 18 25 90 42 60 14 27 83 86 2 
9 28 51 96 31 24 31 36 15 21 82 98 27 58 36 99 48 37 64 44 27 42 14 1 22 70 57 40 78 9 12 37 48 48 49 9 60 19 93 33 
35 23 38 66 24 82 80 44 76 87 81 53 75 38 20 72 66 74 2 34 62 5 7 18 41 57 82 69 37 91 85 64 40 58 55 88 87 37 58 68 
97 35 6 80 82 52 65 11 26 11 1 86 27 83 92 31 87 87 81 65 42 65 21 21 44 72 65 15 3 1 29 29 53 97 78 83 49 53 57 14 
77 74 41 48 63 83 75 8 28 86 98 59 80 31 10 78 65 1 72 6 5 27 70 9 85 84 57 31 21 29 63 89 90 74 49 41 63 26 7 21 
50 68 85 92 32 55 99 98 18 24 79 22 44 53 51 83 39 7 89 55 37 5 32 91 41 1 7 62 67 91 67 19 18 38 85 72 84 94 19 84 
14 52 26 87 33 61 67 82 26 30 6 92 39 22 30 70 89 41 41 33 77 95 45 65 86 48 52 13 56 77 48 76 27 64 96 93 77 46 64 94 
39 36 79 41 3 97 43 76 66 63 83 90 20 21 16 73 44 70 45 96 21 36 35 56 32 88 97 61 23 19 4 78 5 91 54 6 74 69 20 62 
58 95 16 6 57 72 66 93 88 3 91 64 71 59 83 79 34 19 67 26 96 74 94 65 49 6 55 35 88 73 28 16 45 28 28 59 41 91 26 7 
86 66 54 92 15 4 12 75 95 1 90 72 84 48 29 61 48 31 51 39 10 77 77 77 13 21 58 91 76 39 49 52 55 24 23 91 28 34 1 68 
33 24 78 51 6 48 3 99 8 62 1 48 69 91 35 9 65 13 61 3 97 15 88 31 84 59 3 74 1 31 28 18 83 17 8 87 91 45 27 42 
44 36 33 71 46 88 50 98 71 62 47 29 67 35 94 15 3 27 87 56 67 44 11 89 47 75 1 95 45 24 7 7 79 23 13 35 45 61 20 40 
82 18 22 53 62 16 24 82 72 82 76 86 43 53 83 25 96 23 98 7 53 73 24 74 61 76 57 88 50 35 15 34 40 47 67 5 45 37 80 86 
47 65 79 90 54 50 72 42 7 24 70 1 74 96 14 38 63 93 55 30 26 72 84 63 58 8 94 35 96 6 96 96 99 12 42 99 46 85 22 41 
43 40 74 21 72 47 31 13 73 21 64 29 95 56 27 56 36 91 39 13 67 6 97 36 15 40 81 57 47 78 14 4 7 67 86 52 66 20 33 34 
9 71 9 60 62 86 6 95 64 16 61 83 87 69 78 53 59 86 20 54 72 25 46 99 72 81 2 8 44 50 7 1 2 90 99 97 51 42 88 85 
71 33 25 44 62 58 5 79 72 88 75 17 38 70 60 1 50 22 35 29 89 68 27 82 74 77 38 17 70 57 80 46 14 71 24 43 24 82 92 30 
51 61 52 4 74 89 86 22 13 47 85 84 64 56 58 46 93 91 89 54 21 75 60 88 29 95 47 82 58 28 77 87 53 55 25 20 24 83 76 34 
27 21 13 45 15 86 23 79 93 10 11 11 54 97 57 21 26 64 64 58 63 64 50 64 49 46 47 17 34 26 16 57 92 87 54 60 66 85 54 36 
9 5 98 19 69 73 44 7 82 62 77 98 7 16 70 41 67 4 33 80 79 62 4 11 61 53 44 77 42 12 96 19 81 44 74 94 40 87 79 41 
65 88 68 36 1 26 48 49 64 57 86 17 36 4 41 50 95 39 68 92 30 55 21 39 17 8 17 25 12 12 38 99 74 51 53 30 81 56 60 35 
12 88 72 77 96 37 68 27 94 67 46 87 46 19 22 33 81 78 47 60 40 7 70 81 49 62 97 64 43 68 26 49 76 97 40 1 9 23 57 56 
4 18 33 94 64 14 62 79 60 20 11 65 64 16 29 98 79 54 21 46 44 37 60 76 38 74 34 68 10 44 63 10 37 45 73 54 56 51 16 65 
25 96 8 40 82 6 9 17 15 75 3 75 20 5 98 4 97 82 4 54 73 97 50 44 61 47 61 23 23 51 26 27 65 50 10 85 6 79 88 74 
40 17 88 13 57 48 88 76 42 48 79 73 85 49 93 65 12 11 48 70 7 78 4 14 12 22 41 17 30 54 50 74 61 64 33 41 42 77 64 88 
67 23 34 34 50 27 93 32 18 96 94 24 6 94 17 17 97 99 19 66 51 74 92 85 91 12 28 22 8 58 8 86 22 7 19 87 47 59 21 17 
52 56 25 64 76 9 68 49 65 52 11 44 93 15 19 80 69 79 89 88 45 71 83 82 78 5 89 65 98 84 6 85 87 14 79 80 72 4 23 26 
43 57 10 46 45 61 64 33 62 82 97 39 50 74 10 79 85 79 53 88 1 73 39 78 61 63 49 57 24 92 54 66 35 6 99 55 63 9 27 99 
13 13 21 13 39 84 96 24 45 78 13 81 39 80 27 61 18 10 4 65 47 39 74 45 17 83 11 25 78 54 11 77 19 74 10 28 86 13 46 17 
12 51 65 77 80 2 94 72 83 62 73 98 64 76 39 7 80 39 55 26 10 89 40 99 85 44 51 99 92 98 10 41 75 18 66 10 50 54 31 80 
98 94 24 62 52 58 79 18 70 2 11 48 70 1 96 67 81 84 7 74 86 70 89 89 43 12 93 1 98 63 22 18 33 5 28 99 8 2 85 90 
41 17 19 28 19 90 56 72 77 93 92 73 11 86 38 37 38 71 61 12 84 69 4 33 12 47 11 19 40 40 98 2 90 3 73 24 60 68 13 17 
51 59 90 15 1 75 14 58 71 83 95 82 76 20 9 37 59 82 11 11 98 32 72 21 95 36 45 44 39 37 3 25 75 10 88 44 26 71 95 29 
52 55 82 70 76 75 48 48 71 67 88 30 42 2 19 90 87 83 69 53 88 5 57 44 46 34 51 76 48 70 78 41 70 2 76 69 8 10 68 27 
85 64 44 95 68 65 38 60 48 91 10 35 11 29 23 72 73 89 62 80 85 6 22 31 39 88 51 12 71 10 79 36 46 91 35 95 33 73 71 37 
62 33 54 32 32 97 54 19 82 54 69 64 39 17 50 29 38 94 54 3 74 66 75 25 84 49 6 81 31 42 59 94 29 70 96 45 8 64 14 46 
71 76 32 65 52 27 9 7 91 88 27 70 34 67 25 36 3 68 24 38 43 3 99 33 66 10 89 35 71 98 52 32 75 74 41 47 1 71 90 43 
37 66 89 12 70 3 16 53 81 57 15 21 40 15 82 25 17 46 96 25 23 89 30 49 76 13 2 85 14 39 41 48 44 56 78 52 3 3 79 72 
55 76 86 66 93 74 31 36 64 32 36 25 70 19 17 73 12 84 33 43 66 77 99 94 76 31 38 65 37 67 89 28 91 36 20 12 69 29 59 70 
94 37 30 60 64 50 77 10 60 97 94 84 21 65 47 95 29 2 72 91 20 96 49 79 58 30 44 88 31 14 67 86 35 89 97 8 42 41 63 75 
40 24 49 6 71 34 52 44 34 41 80 61 6 80 8 74 63 32 54 53 82 30 98 19 64 68 59 65 29 7 29 14 54 19 82 49 70 89 90 91 