40 479
35 84 71 18 14 90 78 27 8 43 39 33 59 13 39 67 22 24 46 98 77 89 86 62 21 82 95 89 8 3 90 86 57 3 77 89 24 66 16 22 
72 40 67 30 1 84 16 45 94 28 31 23 20 91 67 55 57 55 31 11 51 69 54 75 48 76 21 4 99 56 81 34 54 3 54 20 93 97 7 69 
4 11 88 66 51 4 2 99 78 67 64 8 82 81 26 58 89 99 97 2 18 28 14 92 25 44 2 64 69 38 1 34 24 70 47 70 61 43 74 5 
57 88 82 58 32 38 80 45 12 64 43 55 41 40 80 86 76 58 21 28 64 87 75 90 83 75 8 72 10 22 73 79 48 6 26 65 97 70 77 49 
65 30 8 5 21 49 23 75 98 15 71 80 10 87 84 3 14 29 40 95 81 47 11 75 58 1 35 20 86 66 73 15 98 5 41 93 94 71 10 67 
36 74 92 76 12 14 56 92 73 18 7 46 96 3 11 60 52 84 25 78 36 6 99 2 98 92 90 43 79 11 86 66 5 56 66 35 78 75 21 50 
83 23 74 98 46 27 15 21 63 96 30 33 30 8 35 63 97 74 98 13 62 35 86 68 46 54 29 51 53 46 21 45 2 9 36 83 65 94 66 10 
11 56 80 70 15 82 9 96 89 10 45 16 87 71 49 71 74 41 73 96 81 59 88 78 47 41 78 84 79 47 22 67 42 47 25 54 41 67 75 37 
33 77 3 66 47 80 72 78 40 1 37 79 72 89 15 80 50 20 27 67 65 46 63 3 97 95 82 39 46 58 92 33 18 55 94 50 56 29 87 84 
10 91 52 53 93 19 66 62 85 51 47 95 12 32 49 59 94 14 2 20 85 84 37 25 62 29 85 29 16 35 41 1 6 5 82 48 50 42 45 65 
47 6 19 27 85 77 88 20 76 35 24 55 39 20 63 76 41 29 61 43 4 61 47 9 13 95 98 94 78 29 74 43 31 68 84 13 98 59 23 19 
99 73 88 69 50 16 91 81 31 49 82 73 88 89 43 18 46 63 83 70 28 68 15 53 45 14 72 61 44 40 19 10 55 26 23 30 42 80 80 87 
70 9 60 33 65 61 41 60 65 77 55 10 87 45 48 45 44 10 72 50 94 83 83 47 61 18 10 70 67 23 23 51 98 57 26 30 5 73 85 90 
40 67 89 72 73 67 82 99 89 5 1 52 98 78 26 80 96 1 55 16 59 96 56 53 17 83 28 38 46 25 80 98 72 3 22 82 18 67 50 12 
29 15 17 47 73 47 49 97 40 65 42 86 73 87 81 52 65 69 43 1 14 26 72 91 47 56 58 75 35 12 1 27 90 79 87 26 12 72 38 63 
89 21 52 5 46 35 47 78 80 19 25 81 50 14 25 97 70 95 17 74 53 39 95 38 93 74 45 94 36 88 76 30 97 24 43 65 70 93 64 52 
19 98 47 51 47 47 94 32 90 32 27 81 26 13 49 79 1 43 1 13 28 32 24 12 95 63 53 58 99 22 31 90 74 56 80 95 38 11 43 41 
28 81 21 42 89 22 12 2 79 21 68 66 18 62 40 53 34 66 32 51 83 55 26 65 23 32 12 89 3 73 54 22 88 47 61 33 24 20 12 65 
20 15 20 82 65 2 68 38 10 67 45 4 92 99 15 89 32 44 52 38 18 1 16 68 48 24 48 88 33 6 56 99 14 37 79 22 5 18 6 15 
20 9 51 61 7 95 22 35 40 8 50 35 9 37 83 58 51 90 13 59 24 62 55 10 18 45 62 84 93 38 2 50 30 69 83 86 94 56 99 11 
64 84 81 78 40 81 2 97 44 63 40 39 55 30 40 87 89 68 13 20 58 60 30 94 49 14 41 78 42 33 96 56 49 14 98 95 65 8 13 66 
21 65 70 93 31 80 70 57 65 6 90 45 1 32 36 24 33 40 38 21 27 52 88 56 88 81 65 14 15 74 11 16 21 94 63 76 11 71 99 81 
53 70 85 50 98 25 96 73 64 67 43 11 85 89 73 28 1 17 37 53 14 17 43 70 33 85 57 85 42 42 26 38 96 68 22 63 19 8 46 37 
72 61 96 82 97 6 67 98 50 16 55 64 31 27 40 42 90 86 22 85 56 42 88 27 15 39 90 16 41 18 97 47 57 27 53 8 44 67 67 56 
20 43 40 77 47 40 29 64 49 73 85 44 82 60 36 59 79 53 48 79 57 7 43 46 37 44 54 4 23 31 21 80 96 93 15 36 73 55 31 12 
3 78 88 10 92 13 17 16 37 40 78 72 21 26 53 47 37 46 75 34 20 95 14 95 64 89 57 51 8 11 70 48 96 13 89 89 75 24 70 39 
38 50 96 62 2 88 21 29 86 8 33 36 52 74 90 53 96 94 24 73 43 42 24 19 76 38 91 97 73 80 32 67 80 48 96 4 93 86 80 40 
74 70 54 53 86 47 17 72 55 28 75 29 52 49 64 12 56 66 24 56 97 97 78 86 91 71 76 60 46 25 74 64 17 48 29 88 70 17 92 89 
92 57 92 91 25 92 58 28 22 84 77 23 80 81 86 23 74 2 76 38 96 3 32 39 56 77 43 43 18 91 48 63 64 3 7 24 57 4 25 80 
16 58 37 34 26 35 3 31 44 53 76 57 53 52 75 44 87 92 6 24 94 57 24 19 96 43 90 84 11 48 45 63 94 9 67 27 87 12 89 27 
91 47 24 99 63 40 45 8 73 99 98 57 23 13 46 13 71 60 1 30 37 4 23 31 34 67 27 74 82 26 52 97 86 11 24 58 81 36 58 83 
7 57 45 71 97 19 19 84 10 99 18 36 76 69 90 57 94 61 77 54 50 68 22 81 48 63 69 26 51 7 91 58 12 32 50 95 81 63 50 38 
69 13 27 25 93 35 44 94 33 20 3 92 16 28 17 72 76 44 63 52 99 96 47 98 71 42 83 10 64 64 29 27 20 52 48 95 61 62 46 89 
47 21 82 59 52 77 20 73 57 69 2 33 69 3 87 54 90 28 37 20 22 22 7 84 55 93 37 70 89 65 78 86 17 34 77 22 72 85 43 98 
69 51 72 37 84 87 48 18 72 3 83 46 24 71 40 34 69 38 80 19 13 47 55 31 24 14 7 53 49 4 94 97 31 15 21 67 52 56 15 68 
20 88 20 33 9 74 78 78 48 41 85 73 17 7 40 82 50 82 85 38 67 81 78 60 63 23 51 74 46 80 35 28 34 92 10 55 58 77 59 85 
86 99 88 20 21 26 35 31 28 9 87 81 83 99 63 58 47 20 4 6 42 96 91 22 50 59 48 27 6 68 47 47 87 72 35 72 97 12 69 72 
1 97 19 43 30 77 28 79 53 49 15 68 32 19 72 69 80 52 47 7 30 18 25 66 37 24 83 45 92 62 99 50 88 85 9 7 52 59 9 22 
11 78 61 25 65 75 70 6 92 64 20 41 57 41 45 85 37 81 3 10 27 81 89 39 67 69 79 54 89 40 89 20 29 67 96 43 59 22 55 13 
15 25 8 82 76 15 71 81 20 41 42 55 20 17 24 1 38 35 68 95 14 48 87 97 20 99 66 43 21 53 69 17 7 33 85 7 87 63 73 84 
68 66 4 94 51 80 79 49 28 35 54 55 47 27 34 76 94 18 10 30 70 75 28 68 45 70 32 33 66 78 69 50 35 45 85 8 86 8 9 90 
70 8 32 4 87 28 16 3 49 46 87 62 67 41 61 19 87 82 40 83 3 40 21 62 12 52 25 41 64 36 38 99 97 32 98 48 16 84 4 54 
34 47 67 61 60 41 9 56 85 65 81 33 99 13 48 47 49 52 82 5 47 32 53 47 86 15 43 73 13 68 25 40 27 83 98 44 90 30 94 35 
56 20 56 5 42 77 17 64 65 80 57 52 6 38 14 56 55 39 26 13 44 19 97 31 71 12 27 51 54 46 2 23 5 83 34 38 91 10 50 32 
18 41 17 60 72 33 87 29 68 79 56 20 60 69 65 49 56 42 45 50 80 80 98 58 13 64 30 63 28 29 12 12 23 92 27 80 16 1 34 93 
82 31 89 37 35 40 86 2 21 5 98 20 30 17 95 56 68 5 47 39 98 51 61 17 77 61 90 95 61 50 15 14 39 68 72 61 89 39 7 72 
45 85 1 85 57 22 90 2 44 79 85 3 64 71 17 74 88 65 87 32 5 66 59 8 81 85 25 87 50 55 98 45 33 26 74 92 94 35 96 74 
64 34 68 64 61 29 11 48 62 18 51 20 37 12 99 69 63 94 64 98 60 56 82 25 24 64 90 22 30 30 79 27 21 74 34 37 55 40 9 38 
59 92 20 27 4 21 13 2 87 81 50 48 50 14 25 55 94 15 10 8 27 83 27 21 16 74 23 16 37 56 85 17 51 98 95 5 73 79 35 62 
54 48 37 24 20 34 57 44 45 23 23 56 14 83 87 21 96 25 62 4 61 44 28 50 20 1 19 63 77 68 51 47 75 26 31 29 6 20 92 3 
96 99 81 27 41 65 82 70 74 17 6 31 39 86 55 11 91 9 84 80 46 75 13 98 2 10 35 41 24 5 49 1 70 17 67 86 76 31 19 73 
37 92 61 8 10 61 40 44 52 51 32 20 43 49 21 40 82 30 68 92 54 29 89 48 78 81 47 80 80 38 95 11 77 73 75 81 33 39 77 74 
69 82 99 27 6 37 8 48 19 83 45 8 49 63 68 19 66 78 32 12 95 7 26 17 19 86 10 2 41 40 2 53 63 44 66 19 37 51 28 26 
51 84 81 81 55 89 81 46 75 80 5 17 32 98 50 26 42 59 21 7 54 31 1 23 89 6 58 39 55 48 41 35 42 87 89 57 51 6 72 15 
71 29 60 78 36 27 98 82 86 17 6 24 59 63 97 53 21 81 79 35 29 34 79 7 71 38 98 7 36 38 24 19 80 42 89 56 57 33 78 26 
51 81 29 36 62 33 99 68 18 88 85 94 11 11 22 16 78 5 75 16 78 75 49 49 47 54 39 94 82 18 3 53 14 70 60 16 32 46 65 88 
74 62 34 41 43 1 58 41 64 2 41 85 52 4 94 35 87 78 73 14 74 93 59 62 31 78 54 82 17 71 69 2 93 68 86 92 32 45 6 77 
40 16 87 94 13 96 78 87 54 27 17 6 24 59 50 37 78 22 76 45 8 83 51 48 94 29 4 62 1 31 2 82 83 36 76 13 50 62 64 20 
92 50 33 36 72 95 19 59 22 70 16 25 3 76 5 31 2 77 79 51 90 75 57 73 24 35 16 64 85 56 22 89 15 51 3 2 22 93 18 98 
91 84 76 54 25 7 57 38 17 3 34 23 12 92 53 70 27 2 46 78 16 92 53 94 26 48 98 58 30 74 95 73 69 99 16 26 73 58 70 90 
77 32 47 56 95 62 12 13 4 36 69 16 98 39 14 74 21 16 34 25 66 51 85 39 64 35 99 92 8 58 27 1 60 56 48 11 42 2 51 8 
33 30 6 95 35 23 9 52 95 59 60 1 34 7 87 24 85 14 87 71 5 5 19 41 45 34 78 37 98 16 18 1 23 77 79 5 93 52 30 93 
2 95 26 21 28 44 24 86 52 4 10 78 62 65 58 1 80 31 50 28 22 44 16 98 55 55 81 78 28 5 60 87 29 92 33 21 54 77 62 40 
9 12 87 66 48 99 97 94 85 56 96 47 35 62 76 11 57 54 90 30 89 49 19 13 80 20 18 20 23 67 28 7 75 33 87 89 16 69 83 3 
64 59 76 46 60 83 97 1 29 77 49 79 85 45 60 77 45 13 5 79 25 58 5 15 73 46 69 10 39 89 35 87 19 7 32 77 93 26 12 17 
63 5 78 89 87 43 4 50 45 31 72 64 88 39 5 13 36 71 68 65 49 86 50 98 18 81 29 68 52 87 58 38 92 41 7 28 26 92 6 17 
98 95 38 36 26 54 8 11 4 83 7 97 53 10 87 60 36 51 25 8 75 81 82 92 63 49 10 89 97 44 23 87 67 86 32 77 14 52 85 63 
81 70 86 20 66 5 65 22 60 19 30 80 83 86 68 66 71 13 22 96 49 15 92 71 1 45 77 42 10 94 20 20 4 85 47 98 96 34 84 51 
71 9 71 28 94 43 2 42 57 68 27 74 1 70 71 45 66 65 94 59 94 88 50 97 70 65 62 95 11 58 18 33 73 67 20 94 89 63 94 33 
75 23 35 53 38 56 37 73 95 24 42 59 43 69 52 35 65 88 7 36 25 43 22 1 79 15 76 30 51 6 69 34 7 24 17 24 74 55 97 88 
63 35 55 93 38 37 77 33 38 46 16 43 26 40 6 33 16 36 83 32 10 2 56 42 34 12 25 98 74 26 93 29 34 29 36 23 11 24 17 9 
47 81 51 53 59 86 22 12 72 34 21 95 71 14 94 36 23 49 37 7 22 41 64 4 90 64 19 47 69 40 7 24 51 8 24 84 60 94 26 92 
13 15 15 76 84 7 50 82 80 38 41 45 16 56 96 11 66 40 11 66 5 96 54 85 99 61 84 90 87 76 23 38 63 19 50 86 97 40 49 65 
73 41 47 23 12 1 31 57 10 53 46 40 97 46 38 20 67 69 35 34 53 78 38 2 54 95 3 98 23 26 37 91 47 57 78 1 60 50 92 73 
94 20 43 3 87 3 14 96 27 5 5 33 93 86 69 42 42 28 63 18 62 89 93 76 78 20 83 64 21 19 63 65 77 96 85 42 95 6 11 34 
31 82 29 78 26 74 70 97 98 11 28 48 1 20 99 33 46 4 14 72 7 19 28 61 10 45 33 52 69 70 44 32 18 99 10 51 60 60 89 76 
47 3 64 88 76 14 12 33 33 6 68 93 6 23 96 81 16 14 54 65 66 69 78 75 35 88 17 24 76 48 55 84 24 73 58 16 16 85 22 8 
28 1 37 69 26 98 74 20 16 67 49 13 36 61 42 86 27 41 30 84 5 37 23 86 13 33 21 95 47 94 54 41 91 72 90 85 88 56 11 73 
56 48 6 25 42 24 38 66 82 33 11 46 17 61 67 38 39 12 82 14 50 73 6 87 40 33 43 63 91 92 75 57 66 39 47 34 67 48 27 16 
61 49 35 45 50 9 10 79 78 34 32 56 43 77 79 37 47 65 1 20 89 84 97 46 87 29 54 77 3 62 15 69 53 68 79 40 16 23 88 8 
57 90 6 6 4 25 58 2 5 48 70 15 70 7 80 31 19 57 18 3 98 43 42 73 13 76 19 23 56 45 99 86 3 62 99 34 29 25 32 81 
49 83 4 72 40 7 21 78 99 86 60 82 69 64 65 59 9 79 12 15 62 90 37 28 77 63 24 65 42 47 95 46 50 94 6 29 68 34 7 11 
39 35 10 85 83 32 46 72 78 74 87 48 94 92 63 78 22 80 69 14 58 91 15 81 50 10 80 94 25 5 9 67 90 26 62 14 24 99 27 78 
99 45 61 32 22 80 78 77 99 34 62 78 7 63 82 91 73 35 37 26 51 46 68 96 14 65 65 79 93 5 18 67 53 21 3 32 23 26 88 19 
82 53 91 92 40 63 10 69 82 67 65 82 3 46 82 37 10 86 74 41 42 98 33 11 73 82 3 50 57 16 54 31 82 26 32 10 99 91 32 88 
14 96 81 57 45 64 10 64 15 10 45 1 46 62 6 79 75 22 77 23 55 32 55 31 33 93 79 80 56 21 58 9 18 52 20 45 29 74 59 33 
89 46 31 71 95 10 91 27 24 74 35 38 84 61 38 74 24 9 36 3 34 42 65 55 27 70 14 61 17 13 24 37 58 83 53 29 52 18 57 84 
79 81 52 3 37 20 37 91 25 72 28 25 4 56 62 93 58 38 12 48 29 38 5 41 3 16 88 45 72 83 89 18 42 59 86 15 95 74 30 69 
36 85 79 24 89 71 44 56 59 44 83 64 71 53 48 46 98 67 4 55 15 75 72 19 44 68 41 60 66 1 59 31 38 33 73 31 48 18 12 93 
6 93 89 47 12 83 14 53 74 31 33 45 60 98 64 62 50 13 49 14 54 45 60 91 75 21 91 48 65 81 93 34 38 51 34 10 75 46 32 47 
37 50 80 66 42 5 87 40 22 74 72 53 70 2 57 97 84 66 91 38 63 30 16 2 20 51 53 10 28 86 73 26 41 59 6 28 97 6 5 48 
30 68 30 15 78 97 84 3 98 9 72 29 88 28 14 19 33 58 9 21 99 11 19 31 23 78 8 8 48 12 5 28 34 89 88 29 37 70 7 81 
7 8 54 6 96 19 59 99 45 84 87 91 4 41 49 56 46 57 9 36 59 29 19 10 68 31 83 96 42 29 42 66 65 88 39 46 10 54 6 58 
12 86 74 59 54 34 27 92 29 42 36 38 26 28 10 61 16 26 93 98 18 25 99 94 26 17 31 46 71 21 9 19 4 77 98 49 63 17 83 28 
51 83 30 7 89 1 2 7 54 49 15 16 12 22 76 72 77 77 56 82 94 36 75 93 17 49 9 73 35 53 48 70 34 29 4 30 44 11 44 80 
67 78 4 40 80 3 60 22 80 22 83 1 7 72 21 70 80 48 10 86 9 24 81 58 64 49 40 24 13 4 93 91 62 89 44 27 26 62 8 50 
82 83 56 70 51 12 64 93 47 46 80 74 25 91 89 29 23 89 22 65 28 74 80 60 28 27 66 8 35 77 58 57 13 48 31 37 14 13 60 75 
17 86 62 81 4 32 4 5 67 33 59 92 79 45 80 70 31 22 33 13 25 15 23 86 27 94 33 27 43 3 18 67 4 98 23 71 30 68 44 13 
93 1 71 94 61 79 29 57 46 41 33 37 15 37 61 92 85 83 34 35 61 34 58 76 68 16 13 25 4 68 21 50 23 32 53 35 81 65 81 4 
32 94 37 71 83 42 55 29 55 70 89 58 56 56 64 84 10 65 1 74 86 47 84 81 22 13 26 36 71 99 31 30 69 67 82 84 72 11 75 36 
61 13 82 53 81 87 66 27 97 18 77 24 91 70 28 48 87 56 52 88 93 75 97 18 87 99 62 73 35 28 88 76 71 64 51 30 33 97 59 41 
99 17 88 36 77 12 36 77 81 96 8 98 99 95 30 68 43 33 39 29 46 94 99 96 68 26 12 13 14 89 57 51 13 74 47 8 35 49 60 72 
63 88 5 80 65 64 1 3 29 23 73 30 27 51 39 53 26 5 24 64 18 31 69 25 81 92 16 37 35 88 41 24 27 66 53 37 55 71 28 36 
9 33 33 48 41 48 7 25 15 74 59 49 1 15 69 45 2 55 51 78 2 48 90 95 27 31 53 10 54 9 65 89 79 83 63 99 4 87 90 55 
12 86 29 69 8 27 26 60 74 60 29 29 55 69 84 46 82 23 10 58 55 60 16 58 79 65 35 17 93 2 97 19 43 44 21 84 49 24 57 27 
24 18 1 30 77 35 95 9 56 29 70 47 13 64 82 30 94 41 85 34 57 3 94 65 47 78 32 64 17 27 73 26 36 2 75 72 36 14 85 53 
4 84 65 80 41 53 68 33 58 86 88 1 38 57 9 39 37 38 28 60 83 62 99 32 13 61 17 85 78 77 10 67 73 85 74 28 74 62 3 23 
15 5 96 18 3 1 16 86 93 42 30 20 55 43 41 44 60 14 37 12 45 53 7 30 1 50 64 29 78 58 40 9 96 95 64 32 3 67 87 68 
90 96 60 40 1 65 61 84 95 91 2 28 75 77 3 67 47 98 6 58 75 97 90 27 94 99 27 70 14 5 48 97 12 96 84 15 18 31 42 13 
22 73 5 65 34 80 34 73 48 46 95 5 57 69 76 35 96 28 72 99 27 40 96 84 41 41 37 93 23 52 3 21 46 49 54 56 69 48 66 4 
45 62 64 69 64 21 50 4 92 26 40 73 98 43 55 18 27 88 1 34 35 64 33 91 65 68 59 5 83 18 87 87 72 65 80 67 23 37 29 25 
46 86 63 13 79 37 35 63 28 30 21 37 65 68 44 68 45 56 56 71 33 71 30 17 67 35 28 27 54 13 82 99 15 49 60 69 87 32 2 40 
65 38 38 5 92 57 58 87 12 31 2 30 12 5 61 34 35 55 53 17 1 27 6 40 36 3 48 61 57 46 5 42 14 4 72 47 48 1 41 67 
75 41 87 94 65 79 66 88 11 10 35 89 87 99 17 65 52 3 97 84 39 17 25 74 54 39 6 26 30 90 66 18 94 41 19 39 9 32 91 71 
20 30 43 63 95 98 94 73 57 82 32 65 66 22 75 51 79 21 16 47 54 4 87 79 40 54 72 1 51 33 37 5 14 35 6 21 19 93 48 67 
72 1 28 65 61 88 70 99 80 14 56 32 91 49 6 1 71 30 61 61 23 30 38 50 23 69 34 67 25 89 36 78 39 9 77 41 44 62 18 18 
35 92 72 30 67 10 18 1 7 63 47 4 15 39 29 90 83 57 54 2 61 7 49 91 46 35 8 78 53 98 73 7 99 14 98 62 47 65 6 14 
20 92 53 89 44 72 48 27 13 17 11 69 42 6 60 10 60 18 57 87 55 18 61 11 42 47 55 90 61 74 89 88 17 64 6 68 26 1 41 67 
29 7 16 24 79 12 73 46 79 55 27 22 99 81 48 30 1 65 37 85 95 72 23 31 60 16 81 7 96 8 95 81 27 19 52 91 16 83 15 69 
4 67 35 83 29 54 95 28 28 66 63 59 52 76 83 96 71 28 53 25 41 88 36 16 75 72 76 62 41 49 72 93 42 78 89 91 19 86 36 26 
33 4 50 5 40 85 12 90 38 16 9 51 17 32 94 45 97 30 64 33 4 25 75 86 24 87 39 20 37 21 57 12 70 21 77 37 68 39 36 94 
61 57 11 3 10 43 31 59 56 97 80 62 4 91 69 44 85 83 34 32 64 82 20 92 28 88 98 4 47 21 62 86 98 84 70 67 58 84 49 94 
52 89 61 44 63 30 69 40 74 37 56 42 25 81 45 48 50 71 76 27 56 20 65 68 8 67 29 97 62 80 92 70 54 61 24 33 63 63 56 42 
36 6 83 67 13 79 57 88 22 61 94 73 5 40 96 64 78 71 37 16 94 38 59 38 85 49 68 90 5 2 99 13 91 45 53 41 10 38 1 7 
47 20 33 58 52 84 92 58 1 76 83 21 3 19 20 96 21 21 8 38 28 47 72 90 68 19 16 36 95 66 68 23 16 67 95 20 72 98 94 58 
33 75 59 58 57 40 71 4 18 43 49 29 43 50 78 6 28 43 18 99 46 90 23 31 99 9 72 15 21 94 4 96 8 88 61 30 28 87 84 72 
97 64 42 40 48 15 74 52 65 30 72 10 42 56 16 28 80 54 91 97 22 4 72 80 51 76 4 91 98 87 17 59 8 19 90 9 76 71 29 61 
49 70 97 86 24 53 20 15 74 16 48 54 34 7 28 15 75 95 10 76 67 84 3 96 29 30 44 62 41 45 56 99 58 25 83 64 2 15 93 44 
96 76 35 37 88 11 61 31 3 92 6 73 31 95 66 81 66 57 74 40 20 89 11 77 20 1 11 81 14 85 58 66 86 64 40 53 67 35 27 94 
85 58 34 47 73 45 18 64 88 63 72 66 26 32 72 5 71 36 51 73 12 62 82 58 9 17 94 13 63 91 9 98 83 68 6 25 26 51 54 11 
50 48 1 57 87 35 2 66 67 13 18 17 57 3 18 89 29 20 71 23 27 45 11 84 44 42 20 32 40 39 80 48 69 80 52 7 58 48 38 67 
2 57 3 11 41 34 84 75 53 3 74 60 77 80 6 7 81 92 14 60 98 41 10 43 47 19 1 21 67 93 12 15 84 1 39 3 25 30 19 51 
5 95 25 18 74 31 82 31 22 50 80 74 53 97 7 41 1 93 53 8 46 89 23 74 72 27 19 83 26 19 18 81 99 85 67 91 38 73 65 57 
57 84 25 40 12 3 10 63 17 88 45 34 30 36 69 29 80 58 82 14 30 94 8 75 64 62 73 85 69 1 45 30 50 37 93 32 4 1 85 26 
78 80 28 28 70 82 47 85 83 81 50 30 79 10 9 14 27 15 62 45 21 68 22 17 40 42 4 74 49 6 84 57 69 22 2 10 78 66 47 54 
62 92 30 40 80 34 60 90 11 24 94 66 4 76 9 10 22 34 69 90 68 64 26 94 23 20 23 66 15 12 7 81 55 76 53 36 10 57 56 13 
31 11 41 17 3 82 58 46 58 77 83 64 43 43 99 50 12 1 91 33 83 83 8 25 64 85 14 29 18 42 21 58 91 31 49 70 50 45 10 45 
11 92 2 13 39 88 53 48 68 55 87 11 56 69 10 8 48 49 91 17 6 16 60 74 53 75 22 50 60 57 7 43 78 68 31 49 7 98 22 33 
30 85 48 29 86 80 40 60 84 62 47 77 57 19 14 68 16 3 30 54 97 43 72 71 28 71 72 50 4 83 62 72 63 26 84 78 97 88 93 61 
51 68 50 17 51 66 89 18 14 47 11 26 25 28 28 77 86 8 47 77 97 56 7 1 79 97 65 40 40 15 35 97 62 28 68 44 38 84 65 40 
14 74 4 69 7 33 55 90 56 18 34 87 18 10 88 40 65 44 4 77 36 88 91 8 47 30 30 74 76 96 64 62 52 93 86 92 84 3 24 60 
1 74 5 55 21 63 45 60 84 47 29 3 28 22 95 69 59 24 46 49 83 43 9 12 17 45 25 69 69 61 65 55 92 9 69 64 85 97 98 58 
65 29 67 50 93 8 70 16 44 65 34 83 93 39 11 58 16 93 7 49 31 71 44 20 43 67 13 75 38 5 57 46 61 84 57 69 5 71 62 76 
25 13 60 75 49 86 9 38 24 9 88 40 8 47 71 29 83 98 52 37 46 11 59 74 92 81 69 75 33 49 60 41 81 32 8 59 71 18 23 82 
54 9 79 9 79 20 88 5 95 15 3 59 65 61 27 76 28 38 93 6 10 40 8 83 64 35 81 15 16 24 62 72 1 7 91 72 13 88 90 81 
27 53 51 73 46 47 51 88 77 73 10 12 98 82 83 13 11 76 16 11 73 29 82 9 90 35 38 95 42 1 28 69 46 35 2 35 67 55 87 53 
92 81 47 15 36 30 75 28 41 89 65 99 84 98 69 72 98 36 50 80 2 30 18 57 76 45 69 82 94 1 47 69 31 59 25 47 37 8 99 20 
22 5 23 69 92 51 18 65 63 90 10 74 28 76 65 81 2 22 22 85 84 62 88 7 53 3 13 50 84 1 93 45 33 88 30 63 48 62 44 76 
20 53 14 67 73 56 43 70 88 43 90 91 45 88 93 40 28 75 28 5 7 83 36 95 33 67 32 74 5 51 12 48 5 85 83 90 98 83 88 51 
98 21 47 75 31 51 68 15 99 15 91 15 50 38 16 36 99 92 55 49 42 28 89 32 76 62 5 42 63 41 37 13 23 68 86 81 1 22 64 78 
14 46 82 56 88 97 20 65 65 72 39 28 92 63 61 88 33 86 71 84 26 53 25 43 31 93 99 89 76 65 94 74 61 24 7 15 27 18 61 1 
7 80 21 83 60 98 46 88 84 92 96 59 62 68 14 78 72 9 84 68 80 58 91 13 98 26 43 96 8 45 76 46 62 89 99 92 8 51 99 90 
74 70 93 55 32 64 15 67 27 85 11 62 67 90 74 38 11 93 72 96 5 67 26 39 56 60 9 42 78 32 48 14 73 91 60 74 37 35 29 80 
29 60 76 21 51 47 59 97 72 23 6 70 44 72 18 36 42 82 3 18 53 1 6 27 83 18 84 36 22 41 28 66 66 31 56 20 50 70 42 68 
32 38 1 20 13 33 96 2 19 4 46 10 13 24 58 30 39 11 78 88 34 92 17 10 29 21 11 80 21 47 42 43 86 58 25 24 43 37 51 97 
65 99 24 98 52 49 40 40 11 72 78 71 32 70 38 38 32 61 92 72 91 9 90 97 99 85 34 16 25 82 45 49 79 21 68 64 99 21 26 17 
41 70 77 30 2 10 82 41 51 42 89 42 93 46 76 69 68 98 86 45 24 69 70 16 11 9 83 75 77 43 71 68 46 97 52 57 72 39 7 2 
56 19 67 78 76 5 42 78 13 65 47 70 66 19 7 71 76 3 69 59 68 18 19 62 55 16 13 59 80 71 20 53 7 38 93 26 71 55 24 66 
16 33 13 12 77 39 90 34 9 89 23 21 41 90 96 61 93 60 74 32 36 7 28 99 2 21 56 91 75 74 44 14 86 9 64 50 11 76 20 77 
41 72 23 42 23 9 51 62 60 2 29 17 66 83 3 13 26 48 44 38 44 17 42 62 93 7 15 75 47 63 15 60 55 19 78 85 73 58 53 66 
88 49 19 32 49 34 65 85 76 26 99 2 25 53 99 1 15 92 46 84 89 7 78 70 22 84 85 13 73 47 91 23 22 70 56 12 76 80 46 79 
29 72 22 20 41 1 3 92 89 7 98 83 22 18 20 49 18 15 79 95 58 76 55 47 13 86 37 94 49 86 92 21 76 74 93 50 79 17 59 70 
84 47 1 31 52 65 4 24 86 29 51 71 16 65 30 4 24 95 55 16 76 23 79 33 78 25 55 58 63 21 3 4 24 54 26 53 90 33 9 49 
93 73 91 57 51 85 67 59 48 45 81 98 48 75 17 14 96 16 38 92 40 91 84 31 35 97 30 19 84 88 34 57 96 72 97 53 36 82 21 71 
76 59 32 50 37 45 17 38 75 83 47 75 86 65 89 98 92 49 83 38 27 47 35 41 43 1 92 13 98 87 57 18 55 61 87 27 56 29 69 12 
49 66 92 68 75 39 77 44 69 65 21 70 55 93 54 44 62 57 88 66 44 73 16 79 52 55 57 52 92 71 40 45 71 12 66 81 89 68 55 11 
33 28 13 7 21 96 55 53 5 58 5 2 68 73 73 10 49 48 34 9 20 3 5 38 31 59 39 35 20 92 39 92 79 99 88 64 50 66 69 39 
24 61 87 77 26 49 29 83 20 64 99 37 8 1 59 27 87 58 68 87 2 47 21 74 57 95 10 30 33 19 77 75 32 18 96 29 75 20 99 79 
94 63 82 80 97 79 44 58 13 3 95 51 15 77 21 12 45 38 77 38 35 43 54 40 49 67 44 61 41 23 84 60 55 29 37 83 54 38 73 64 
36 22 13 91 99 67 6 4 35 54 89 86 66 40 16 1 36 44 27 84 80 66 84 69 79 50 49 98 98 8 25 72 87 81 52 73 83 88 24 42 
10 29 7 85 29 10 43 6 20 5 64 1 40 21 47 58 16 49 13 94 51 93 26 39 18 9 43 71 95 50 91 58 81 88 64 8 31 33 42 47 
16 68 47 57 81 11 2 46 35 22 42 9 24 69 54 53 41 63 27 97 59 56 18 61 31 48 58 13 71 44 42 99 4 10 61 46 20 45 21 54 
93 28 80 73 89 68 84 56 24 9 89 43 32 40 16 47 31 31 3 86 33 30 2 98 58 16 41 94 66 71 30 34 63 47 62 73 77 61 40 18 
34 72 6 89 42 37 22 34 94 3 1 39 42 56 24 77 12 87 28 19 67 69 87 14 42 89 94 23 36 60 3 31 39 95 87 58 92 79 90 69 
12 41 32 48 6 50 61 32 7 51 58 28 67 50 68 60 44 29 56 26 47 88 99 12 38 89 67 96 13 20 18 7 27 85 70 19 63 31 36 61 
31 96 12 21 6 60 94 59 77 35 4 80 76 71 50 78 60 20 77 75 33 51 80 31 66 86 3 2 26 35 24 52 45 24 29 38 66 16 56 31 
68 81 4 48 27 14 21 55 78 69 57 92 52 69 90 25 36 5 20 98 31 90 78 66 71 12 16 10 42 49 81 64 27 75 69 98 85 45 68 61 
90 55 25 63 3 75 95 40 68 68 87 63 5 2 21 65 52 71 22 80 54 64 30 29 17 68 89 90 25 72 47 4 37 7 95 98 82 43 77 36 
1 46 95 58 58 39 78 97 77 72 66 60 19 7 49 11 18 21 54 75 94 26 42 71 92 67 99 18 29 89 40 72 38 97 9 11 68 98 65 55 
3 63 52 98 63 49 87 34 12 76 77 35 84 40 21 98 80 50 84 89 35 77 97 32 47 20 77 8 83 27 77 62 14 99 15 4 81 9 59 81 
8 85 4 20 49 77 89 43 66 78 12 36 98 94 44 5 76 28 65 56 7 6 80 36 92 36 66 31 69 2 36 83 67 23 21 24 91 66 57 85 
45 15 32 86 7 7 5 72 91 64 54 67 86 73 55 17 19 29 83 34 84 49 78 98 72 38 21 67 20 99 29 24 79 65 79 10 97 43 13 84 
27 10 60 28 25 53 7 33 74 67 34 41 16 69 13 31 9 74 58 25 61 81 35 12 6 44 68 55 64 10 86 25 91 54 10 94 61 98 53 64 
83 26 13 27 53 75 75 86 11 24 55 79 40 66 23 45 2 22 38 50 61 16 94 68 72 76 86 84 85 18 21 13 83 72 78 7 59 31 16 1 
12 33 22 13 82 14 13 20 79 55 89 91 32 34 57 72 55 21 47 99 49 17 72 34 46 99 32 97 23 17 2 78 34 80 10 64 79 70 4 44 
76 28 35 53 52 91 27 32 10 39 66 39 73 77 6 11 90 38 25 49 68 22 91 82 66 54 92 93 54 11 57 61 51 51 31 44 60 14 72 80 
55 3 37 87 42 18 61 65 97 28 79 51 91 37 66 72 32 83 68 65 22 67 14 68 50 61 89 92 78 85 11 52 36 83 22 33 6 72 63 90 
78 68 39 54 29 39 25 45 24 54 77 47 43 71 43 81 4 38 13 69 79 12 46 31 88 3 52 84 75 76 41 99 38 32 32 49 42 50 27 34 
42 68 89 71 51 50 50 49 52 51 41 77 45 63 73 41 13 95 75 66 94 56 22 18 75 48 4 97 42 32 53 94 1 29 68 13 75 90 41 93 
40 63 62 46 55 8 59 85 87 77 96 25 13 12 78 5 81 14 32 29 83 3 47 71 22 65 96 37 33 75 29 64 92 40 45 25 83 45 70 86 
77 72 47 92 3 48 87 19 84 24 79 86 91 63 55 40 87 61 98 68 49 89 24 83 94 15 8 7 51 22 61 44 95 27 93 2 56 17 67 54 
70 27 42 59 38 37 15 25 58 79 40 57 32 87 49 3 28 55 71 98 5 78 82 41 41 27 14 89 74 9 45 29 43 60 47 46 71 62 49 47 
96 62 54 35 65 46 51 63 57 83 38 56 34 35 54 53 43 35 65 7 82 14 4 40 81 44 40 29 45 9 5 66 1 96 25 30 10 86 73 74 
43 81 97 73 43 61 28 37 34 14 73 12 94 22 82 86 31 98 48 30 28 73 44 84 27 73 73 31 20 69 15 29 97 41 76 27 13 91 9 98 
4 53 89 99 33 16 25 66 85 83 86 81 38 46 78 60 44 92 86 68 29 81 81 71 57 42 91 67 25 50 99 39 36 71 16 64 44 59 56 95 
39 99 52 67 78 50 35 17 95 46 33 70 21 17 25 21 13 5 65 69 22 89 57 19 79 11 54 67 21 39 32 77 32 80 76 51 14 10 13 77 
25 83 67 32 29 5 20 91 77 91 60 96 33 56 26 32 52 19 59 35 2 18 3 24 71 48 41 39 81 4 86 81 50 45 27 74 44 80 18 62 
78 13 71 15 15 28 2 25 45 88 34 43 74 55 25 82 60 2 99 22 18 49 17 23 22 58 55 33 30 23 33 68 37 81 82 25 90 84 71 44 
18 41 86 15 19 2 33 6 7 11 16 33 91 65 72 61 76 76 58 97 8 78 7 42 21 49 18 19 73 82 57 18 12 82 71 81 77 37 76 65 
95 42 51 30 37 92 43 38 96 57 28 45 24 65 80 45 34 86 19 9 94 58 26 22 37 42 83 34 98 79 90 64 74 12 19 74 14 83 28 29 
5 30 93 13 43 79 93 24 62 3 94 1 77 93 12 13 70 18 66 91 30 44 82 89 38 54 67 46 84 17 55 61 9 74 66 87 64 72 73 48 
93 9 62 34 46 79 3 25 56 26 35 7 24 49 23 36 80 44 73 48 44 78 36 31 56 34 7 56 67 37 48 87 99 61 31 39 38 93 53 25 
50 18 8 52 79 67 36 5 2 62 36 86 36 48 51 83 53 2 83 5 41 17 59 67 21 51 31 51 33 96 54 81 83 33 52 4 52 71 3 86 
54 20 84 3 24 97 19 1 44 64 9 26 43 89 11 18 29 66 16 90 62 68 94 23 68 50 67 40 46 2 38 51 49 87 88 64 41 39 76 7 
32 20 8 24 2 40 53 49 87 8 69 53 77 55 23 61 2 81 22 98 36 86 45 67 2 48 75 27 56 82 18 84 18 84 80 47 86 92 59 8 
46 22 66 95 39 73 32 55 47 31 31 54 10 66 37 56 36 35 94 83 72 42 19 43 79 7 18 96 4 83 22 99 57 76 86 81 72 80 4 53 
50 50 39 10 23 9 63 69 23 31 92 38 65 14 25 71 37 48 66 58 18 66 20 52 21 97 77 31 41 43 12 67 99 91 35 97 45 86 94 74 
36 56 53 88 24 36 99 84 7 33 49 6 80 52 69 81 33 6 75 47 31 2 98 39 75 1 4 13 36 3 45 94 61 54 5 22 91 54 77 83 
45 64 59 16 64 13 36 16 77 50 98 43 44 68 84 5 2 65 59 15 85 3 35 14 80 62 64 83 52 36 87 80 97 81 53 8 53 26 91 63 
61 15 8 93 12 38 5 12 4 19 87 39 49 11 76 24 70 92 62 93 75 84 36 13 1 13 41 92 21 18 39 28 35 93 33 63 31 25 81 45 
12 26 55 71 62 36 54 43 8 94 96 56 12 41 5 79 94 39 89 22 39 63 49 28 71 95 33 11 98 76 1 76 72 55 89 49 88 95 69 65 
40 82 12 25 81 24 64 3 25 36 67 54 4 31 92 27 77 97 2 55 9 53 10 14 86 29 41 7 3 98 17 59 28 39 57 22 11 97 80 14 
32 37 37 71 49 48 56 50 47 55 2 59 7 2 8 77 43 87 90 60 19 62 20 18 59 3 54 48 51 35 21 56 38 38 71 95 39 45 24 78 
96 99 52 52 93 70 11 78 23 46 74 23 86 8 14 18 68 27 19 7 83 89 82 87 73 16 88 90 51 65 79 60 14 61 52 72 20 30 90 60 
77 18 91 60 8 37 47 90 16 62 97 28 84 32 43 32 60 98 84 64 15 48 76 91 10 94 63 64 11 83 47 51 24 32 15 86 81 65 87 37 
50 52 14 66 89 58 68 83 78 53 29 11 16 25 40 99 28 44 76 23 61 28 26 64 34 78 48 50 42 34 97 51 46 24 26 32 15 98 45 87 
17 72 27 12 73 43 77 57 27 60 24 61 11 74 5 57 5 30 30 11 83 24 65 16 16 71 20 75 37 49 45 33 41 77 85 58 41 72 30 47 
11 72 90 94 3 70 59 68 98 58 29 39 1 31 61 32 86 11 21 37 49 64 15 32 18 55 25 27 89 10 8 44 40 65 23 53 97 65 36 18 
16 48 26 70 93 35 10 49 7 78 59 95 93 94 50 99 73 83 35 70 28 55 48 43 39 74 39 93 84 60 11 15 37 79 55 78 89 3 49 21 
30 24 3 98 72 69 88 44 48 31 3 96 45 66 94 1 27 82 84 31 12 23 81 14 39 36 92 43 11 42 19 26 79 86 98 55 10 36 6 97 
26 88 20 42 7 98 76 62 33 31 15 11 24 29 60 5 63 72 62 33 32 3 35 53 49 33 97 28 78 47 33 52 27 42 94 85 30 46 77 11 
35 56 97 75 9 25 21 75 21 44 18 6 51 39 90 17 42 97 47 6 55 85 22 97 89 84 85 65 6 20 96 49 48 64 81 39 59 45 92 2 
86 40 3 49 55 26 2 49 80 29 26 15 34 58 47 10 14 70 72 69 85 9 28 67 55 69 52 89 33 75 2 29 25 35 71 17 22 1 39 78 
59 89 35 37 56 82 51 12 84 14 33 41 56 45 50 12 62 65 93 22 64 92 58 23 4 12 6 12 32 63 26 29 47 22 4 47 49 10 8 39 
7 57 28 46 85 33 64 75 86 72 7 45 31 70 3 20 45 38 11 92 91 90 54 10 83 40 12 50 37 60 92 99 51 32 84 58 34 99 99 57 
26 94 5 75 92 36 90 77 88 87 84 28 61 41 81 96 36 15 88 10 44 48 83 31 22 70 43 58 27 47 4 22 34 43 32 51 51 17 99 15 
47 98 29 19 75 44 78 43 22 75 50 31 11 19 51 28 81 16 15 91 33 12 63 27 30 27 93 58 44 98 86 11 70 25 73 20 28 91 88 91 
91 36 78 57 91 24 60 52 36 89 29 40 17 48 54 26 74 5 47 96 79 57 65 52 68 27 57 73 13 22 49 56 40 70 50 10 97 34 86 98 
45 83 15 50 55 79 90 11 15 41 91 26 98 59 40 7 61 30 71 36 6 62 80 44 77 63 87 47 21 29 26 69 94 85 34 70 88 55 12 45 
57 34 94 3 61 79 81 79 16 83 92 10 41 99 90 12 97 94 44 8 86 25 3 88 67 41 28 47 36 56 10 51 85 64 40 55 90 4 29 30 
44 94 94 4 51 42 37 14 46 71 53 33 12 26 17 56 73 57 64 24 71 47 69 94 81 68 90 2 32 16 16 85 97 57 72 55 9 11 4 10 
23 52 7 15 74 34 18 54 47 81 26 87 94 14 37 52 91 88 59 43 68 17 54 77 66 63 16 44 17 28 79 31 35 65 59 23 20 12 59 97 
87 55 69 27 45 32 23 82 13 29 37 15 59 99 57 25 14 96 18 51 30 36 57 11 59 78 46 85 4 70 11 46 44 78 47 89 39 11 42 61 
16 95 11 66 86 3 43 4 89 73 84 95 62 55 91 81 71 13 60 65 22 67 24 75 94 39 95 51 89 70 70 89 48 43 65 49 31 63 90 73 
53 75 46 33 76 88 14 54 44 63 35 88 61 98 57 64 13 38 79 16 62 23 63 75 12 25 24 91 94 77 95 96 78 85 45 66 43 6 88 56 
33 57 65 12 21 8 9 49 51 54 34 9 34 15 51 61 63 92 34 95 96 44 27 3 3 8 66 89 30 68 6 77 22 88 82 53 43 58 44 19 
22 80 1 62 29 57 91 15 67 53 38 74 27 70 47 40 37 49 55 11 92 23 98 30 42 6 59 43 37 57 7 49 42 37 8 84 93 98 96 3 
62 77 62 45 36 53 33 92 27 86 88 99 5 39 65 37 50 50 10 5 51 66 35 74 53 7 28 6 60 70 2 28 22 84 11 53 22 85 96 32 
23 69 65 36 80 54 47 9 64 92 58 56 98 38 54 1 93 60 55 77 36 73 65 6 74 92 2 64 22 98 69 51 30 84 38 79 14 65 13 75 
62 45 2 67 73 98 40 37 49 78 52 79 1 31 20 52 30 9 84 47 18 70 65 16 41 40 95 23 31 99 20 20 73 96 9 74 59 1 76 75 
10 79 78 46 99 2 44 75 15 97 87 39 26 53 99 24 83 94 20 76 63 2 44 11 1 71 94 85 63 53 19 95 42 35 75 84 67 77 1 52 
73 12 48 73 91 11 26 62 89 18 31 6 31 29 81 23 80 21 34 54 36 50 97 9 15 89 63 95 76 25 58 36 13 98 57 10 7 91 26 66 
22 65 22 64 99 73 16 90 11 63 20 77 68 93 63 73 51 85 65 22 29 16 85 71 24 76 20 32 45 65 24 71 70 19 75 38 40 80 31 94 
85 94 75 93 35 70 95 57 60 54 83 99 27 26 8 71 46 76 23 41 32 93 16 21 78 25 82 69 12 38 50 7 49 79 6 26 3 87 34 80 
44 21 14 91 75 69 75 72 21 42 19 90 93 21 31 26 35 57 59 34 14 68 69 69 47 46 72 60 12 55 4 3 66 68 3 47 49 60 70 48 
59 6 5 44 70 41 96 70 14 16 40 19 35 86 94 27 13 67 88 54 26 27 89 14 17 30 23 50 21 80 2 46 13 10 96 93 35 60 60 21 
10 50 46 38 36 53 86 46 80 69 13 28 25 49 23 17 76 18 31 88 59 42 99 32 59 36 99 11 58 13 11 91 62 62 11 4 82 63 80 70 
88 8 60 77 39 76 37 97 3 8 2 26 42 18 81 83 3 96 88 45 93 93 97 95 65 5 65 94 43 21 43 70 94 92 64 28 95 22 90 71 
75 2 16 22 15 53 65 29 50 62 53 11 8 85 10 56 79 62 53 35 78 17 21 27 71 20 58 88 59 71 70 63 11 22 29 81 9 78 92 8 
72 65 84 23 62 36 42 75 64 58 9 60 89 4 69 29 57 64 56 43 30 77 34 70 68 74 42 89 46 53 83 31 50 66 55 77 43 50 68 31 
77 25 91 11 51 48 90 3 77 78 86 14 95 33 70 59 66 9 65 22 73 16 88 34 77 81 23 48 84 94 77 76 61 47 8 6 5 19 75 87 
40 53 38 99 68 59 55 15 14 93 17 77 17 47 4 87 30 44 18 20 39 96 36 79 37 8 83 66 87 77 45 3 43 1 76 97 33 18 79 81 
93 6 52 80 94 5 96 67 79 67 23 88 49 51 63 35 8 26 69 10 75 89 6 80 8 25 53 60 25 19 77 81 18 94 12 63 5 43 91 38 
87 9 2 53 87 96 86 20 94 32 54 55 96 5 15 2 81 74 9 92 16 22 10 26 37 13 73 77 39 14 2 44 12 28 46 72 97 57 53 94 
15 88 59 58 77 11 98 28 80 40 35 27 87 68 79 40 7 67 80 77 31 90 24 79 55 89 84 96 97 2 19 26 46 9 74 75 86 3 6 99 
12 60 5 53 52 10 51 42 87 82 41 97 63 13 66 86 13 14 56 2 80 16 57 83 80 69 45 60 91 29 19 85 14 56 49 75 41 71 19 92 
49 55 97 71 92 96 90 46 33 14 94 72 59 77 90 76 73 51 59 50 2 90 25 92 87 79 57 43 55 78 53 2 95 36 60 52 20 49 89 67 
25 52 84 38 31 83 22 74 68 27 59 17 99 57 59 56 3 4 97 96 62 88 53 96 71 20 54 44 24 68 5 91 31 44 59 27 19 27 18 30 
33 62 15 22 65 46 93 75 15 40 55 91 36 86 84 38 83 36 46 28 93 17 85 49 60 70 39 74 81 80 18 19 25 51 66 29 44 9 88 86 
47 99 26 78 93 83 13 62 69 20 89 33 32 64 25 83 33 4 35 72 41 46 88 3 74 8 61 96 82 44 27 66 39 93 66 89 66 7 33 31 
70 35 85 41 84 81 50 19 97 78 58 23 92 62 27 32 39 29 40 45 78 69 62 33 13 9 45 22 79 38 39 24 89 4 32 13 10 80 26 96 
2 78 52 62 18 42 25 38 65 66 94 85 55 10 84 95 34 98 10 39 15 28 12 89 56 34 7 37 82 23 94 35 85 20 98 88 62 91 89 58 
71 94 90 98 93 93 80 91 4 18 98 52 6 8 22 47 7 83 60 48 45 4 23 69 48 45 7 20 52 28 26 53 49 70 38 71 41 3 85 85 
24 83 21 67 28 79 63 90 97 19 26 87 18 43 67 85 37 59 46 17 58 80 63 2 59 80 67 14 62 39 93 86 91 96 39 30 70 29 98 16 
48 32 68 3 7 29 89 26 28 40 49 98 33 94 22 94 5 94 21 22 77 1 43 58 2 96 54 64 51 63 57 90 2 92 66 95 7 41 80 31 
6 56 90 98 81 72 83 44 26 79 63 17 83 51 45 52 40 76 37 40 10 64 10 91 85 18 14 11 74 32 62 15 56 98 83 79 77 7 61 39 
36 4 62 73 94 36 65 7 10 50 60 41 52 86 18 53 83 21 74 60 12 15 71 22 93 30 12 13 5 3 2 60 44 43 93 37 95 58 26 91 
52 99 17 8 50 72 26 99 74 69 95 31 20 37 45 62 84 38 86 7 40 4 64 21 68 47 44 90 27 3 91 66 19 51 71 8 93 40 69 4 
62 24 57 95 14 10 64 59 83 42 77 31 49 18 11 30 3 73 27 9 5 91 98 5 14 85 22 76 31 71 40 86 66 35 98 65 9 53 11 96 
31 23 10 35 32 91 43 32 3 27 41 85 99 37 10 66 39 12 50 91 28 67 9 57 36 91 27 60 57 34 1 46 54 96 22 14 3 89 5 95 
98 1 19 38 69 10 83 65 93 20 67 40 88 3 53 79 50 37 5 38 70 12 37 10 87 38 34 41 21 38 30 14 73 99 52 56 74 74 35 8 
13 49 16 11 61 17 31 89 85 54 94 26 52 44 81 51 32 47 67 93 31 25 77 7 4 24 67 58 14 33 25 98 84 92 62 78 54 36 95 90 
38 16 50 4 46 25 93 43 96 92 42 9 65 1 57 28 96 18 91 5 74 37 29 35 98 16 28 85 1 57 72 63 96 83 43 62 16 7 29 47 
28 81 37 80 3 90 26 26 35 45 22 69 77 58 71 23 49 76 7 10 12 53 68 85 91 23 41 80 65 53 10 50 29 20 59 96 57 7 40 73 
94 41 11 92 1 32 59 94 33 46 74 70 74 7 8 24 82 58 88 75 8 31 94 99 73 45 30 15 6 54 63 82 64 13 35 49 18 55 92 88 
23 49 28 37 95 68 90 74 72 95 41 99 98 90 21 13 27 99 10 4 56 87 3 81 3 37 24 29 26 92 77 33 43 91 50 23 11 81 21 40 
72 52 80 56 80 74 69 23 58 23 66 18 80 65 3 15 70 9 9 17 78 18 49 73 30 58 4 69 73 14 98 93 87 36 55 98 1 81 45 38 
77 17 38 65 66 58 79 51 63 70 10 55 89 80 92 66 66 97 34 78 38 91 86 70 20 80 53 54 46 94 11 77 6 98 42 13 96 85 83 72 
79 96 69 87 62 26 38 61 18 16 46 41 34 83 8 90 46 60 63 67 63 95 55 73 43 57 59 32 1 19 92 1 22 64 55 9 30 14 51 30 
66 5 55 35 11 5 63 53 17 53 8 73 36 64 54 29 52 67 14 90 19 40 98 2 76 16 81 12 24 22 49 13 78 49 17 24 59 86 87 65 
27 12 26 87 23 10 58 45 75 37 6 61 74 96 41 6 96 69 80 56 8 29 10 18 1 18 1 14 38 81 57 82 41 73 85 1 20 69 58 21 
53 10 39 8 42 24 76 50 25 17 48 33 18 75 90 59 26 83 20 20 94 2 22 10 76 98 65 12 44 44 76 6 47 97 7 51 76 14 89 71 
29 71 16 7 16 67 94 69 9 97 67 86 21 94 96 95 8 67 53 47 24 4 49 40 25 11 91 22 52 21 57 30 58 97 74 83 35 65 91 98 
77 16 56 69 53 67 63 46 36 70 85 7 95 19 84 50 30 62 11 59 49 11 98 4 40 39 26 98 51 95 40 22 78 52 70 44 31 2 13 59 
22 76 27 24 22 94 85 3 69 5 79 33 90 73 26 33 92 11 27 70 73 34 86 22 33 37 51 26 36 65 44 56 59 1 77 55 14 30 52 97 
46 90 33 34 62 77 24 60 15 49 63 55 79 68 37 83 78 26 46 40 28 52 98 99 73 62 73 86 92 68 22 67 77 78 55 13 59 22 69 48 
57 37 21 41 76 65 88 10 7 85 97 65 26 77 48 4 81 86 32 47 36 75 27 79 45 52 59 87 45 38 94 58 78 42 19 85 52 97 17 49 
18 72 6 58 8 2 50 22 26 24 94 61 86 11 55 16 39 23 97 94 27 92 88 41 94 35 51 19 13 97 51 86 24 60 75 18 24 54 75 45 
54 73 93 50 14 99 54 77 3 10 74 42 63 85 95 25 21 39 30 94 86 16 17 78 47 4 13 66 62 37 8 54 83 40 89 65 29 95 9 86 
79 58 12 1 58 40 36 70 11 92 68 62 11 54 87 71 55 91 64 95 12 12 92 84 41 55 69 44 13 87 15 26 51 14 40 3 83 16 18 33 
53 14 57 22 60 35 53 86 21 46 26 58 60 7 1 20 75 33 52 96 9 68 72 78 68 11 79 96 93 10 11 64 42 46 39 44 16 26 11 9 
42 20 18 73 72 95 56 72 43 62 1 27 45 77 58 57 42 93 11 73 44 34 62 1 82 79 19 56 31 86 47 58 26 52 45 51 38 66 11 96 
45 61 1 75 13 44 88 91 20 57 27 29 30 55 94 7 35 84 6 12 24 41 54 98 42 50 62 16 96 45 59 8 40 11 84 73 9 68 19 98 
96 99 24 61 22 27 16 30 55 72 16 20 51 76 64 40 50 51 47 66 95 31 7 85 45 56 38 30 26 96 83 45 16 1 61 62 23 24 19 31 
54 94 5 72 78 58 34 3 42 12 65 85 97 34 42 3 81 35 2 96 83 36 55 93 96 94 48 72 2 45 96 61 93 55 36 62 42 4 33 61 
88 47 99 47 94 52 39 98 50 44 30 91 30 38 44 42 22 4 30 80 16 37 85 56 44 16 3 21 86 92 45 73 18 98 5 60 89 39 51 85 
76 87 4 4 69 40 35 71 14 41 59 18 79 16 16 59 74 18 74 69 54 86 55 53 13 56 2 69 25 1 13 21 77 75 92 38 13 73 38 70 
69 41 94 61 61 61 72 91 64 17 15 14 57 96 79 54 99 11 4 87 91 2 73 16 86 68 28 79 17 80 50 88 92 59 34 67 48 75 50 64 
38 14 98 67 88 94 22 15 99 45 98 99 15 82 67 22 82 85 8 62 80 15 88 75 68 45 71 70 16 28 44 87 46 46 47 46 45 17 22 47 
36 17 5 7 23 9 57 27 6 81 73 30 60 86 79 88 10 40 22 87 71 45 20 52 9 78 95 60 68 82 65 98 14 33 53 73 12 40 12 61 
6 9 35 63 51 33 24 37 67 78 96 35 21 47 83 72 33 77 73 70 76 93 41 67 40 9 42 1 56 36 39 3 24 36 35 35 2 80 18 83 
39 33 47 9 53 68 47 99 67 98 34 83 58 94 15 43 1 64 36 36 66 71 94 58 41 38 13 94 34 54 15 96 3 15 96 5 26 65 31 99 
51 48 48 89 86 75 9 69 87 80 33 40 40 56 42 5 99 86 79 4 71 52 35 60 95 97 48 27 12 39 58 91 68 19 78 59 2 74 23 12 
15 10 64 41 60 25 83 91 97 50 59 36 63 62 85 36 71 18 3 35 74 17 97 4 86 12 41 88 64 8 25 24 50 67 89 43 7 76 57 99 
67 65 6 85 96 83 66 18 98 37 69 59 7 86 67 83 61 47 51 56 43 97 77 59 10 44 7 48 22 46 25 98 92 93 97 30 67 93 17 29 
55 20 15 78 91 2 67 96 44 86 40 35 37 38 33 12 13 23 48 43 47 70 48 70 44 92 40 78 73 15 53 95 64 48 49 69 41 8 94 21 
11 22 40 85 6 7 16 84 61 3 26 43 34 10 89 34 73 7 60 12 31 79 92 77 88 3 74 37 64 46 82 37 29 33 13 26 50 42 47 92 
5 64 6 28 73 32 92 40 28 83 41 38 63 45 51 90 18 13 23 54 13 84 73 1 50 6 62 51 13 53 53 49 78 7 92 43 8 40 73 10 
57 5 54 91 28 92 32 45 40 23 60 59 22 81 37 63 90 95 26 74 56 96 41 22 87 55 68 46 71 9 5 48 55 50 70 41 92 54 85 30 
56 24 3 71 76 75 14 98 72 97 51 60 13 97 65 56 41 60 31 99 61 34 44 27 94 47 98 4 28 81 7 17 38 1 57 48 10 14 55 14 
73 77 76 16 63 59 99 14 97 47 21 74 59 32 38 52 75 81 29 76 68 40 35 7 88 50 62 21 9 96 44 35 98 53 10 61 58 69 1 75 
86 63 25 25 83 86 79 50 72 41 21 21 84 40 40 61 24 48 59 57 1 64 55 85 97 91 17 43 46 5 55 73 76 74 79 39 59 72 55 98 
57 15 10 24 49 79 40 59 25 90 90 3 78 85 37 46 55 75 13 9 83 3 52 61 5 50 5 56 48 77 28 9 87 74 61 66 74 63 79 21 
17 99 13 1 81 56 65 82 21 44 23 83 53 26 14 32 63 52 47 67 40 61 39 40 2 79 32 20 85 4 46 6 2 45 20 13 3 3 8 14 
94 21 74 49 49 20 91 36 49 45 57 64 94 71 4 28 92 56 10 49 29 76 40 4 26 66 5 95 94 37 22 95 6 42 51 65 30 17 28 84 
89 50 79 81 14 87 62 64 35 53 4 97 11 91 50 79 54 81 82 65 20 30 18 48 7 26 92 24 12 5 95 58 60 74 97 74 62 22 47 86 
96 1 92 34 4 82 19 9 61 16 98 78 59 11 30 92 14 67 46 13 20 73 46 52 21 74 55 51 36 35 21 84 21 49 11 94 76 43 98 82 
33 15 32 42 60 12 53 99 6 36 15 1 59 32 92 16 29 50 52 96 43 85 91 70 35 42 67 29 93 1 20 33 78 62 99 95 81 95 30 38 
62 37 67 39 97 85 12 51 6 3 46 58 20 82 26 69 54 65 50 14 69 55 79 23 92 18 2 83 45 35 35 51 53 74 35 7 72 60 31 91 
63 5 41 95 13 94 68 88 55 63 83 2 42 43 74 7 34 70 75 14 76 85 90 71 74 81 35 16 67 52 68 80 42 21 2 34 35 2 20 95 
9 14 31 24 98 45 4 55 51 83 34 5 80 89 37 9 60 89 99 51 88 85 40 11 63 95 6 92 67 23 33 43 1 96 35 94 52 91 58 12 
97 55 72 6 76 60 80 8 91 44 70 83 22 74 27 92 3 29 59 90 77 57 6 26 87 65 21 62 10 19 42 15 86 58 1 41 82 24 48 16 
48 37 94 61 84 31 15 13 8 62 34 87 70 47 26 77 80 83 45 14 31 30 25 46 84 3 79 63 6 43 41 6 17 74 29 40 3 47 50 24 
16 42 69 31 55 75 99 66 24 18 10 38 97 35 99 8 78 72 43 49 23 18 94 59 99 27 83 75 36 77 15 92 17 21 17 54 42 76 90 2 
98 99 26 68 52 79 22 59 34 46 96 32 72 80 72 4 89 31 80 66 76 76 56 56 60 61 50 37 46 69 16 92 88 56 54 66 61 40 42 70 
27 91 4 34 24 32 46 36 56 30 81 25 52 19 33 92 29 46 5 35 94 2 20 92 43 86 51 97 96 29 58 78 71 21 2 3 46 30 77 48 
90 68 3 10 28 62 77 24 22 81 3 8 37 73 98 11 95 72 6 93 37 16 58 84 78 19 10 89 23 47 61 17 7 97 92 91 86 65 19 65 
83 20 51 51 52 9 78 35 90 30 74 74 44 41 45 22 54 62 25 41 85 92 6 98 60 63 70 6 66 55 40 16 43 28 9 50 69 96 88 66 
27 81 40 56 19 69 76 96 8 37 67 90 49 62 95 58 88 66 89 19 1 68 95 46 9 19 84 98 28 6 71 89 96 92 74 69 24 72 91 44 
60 68 96 72 95 52 99 85 68 8 49 32 2 6 92 13 70 48 93 68 57 9 43 89 35 42 41 4 18 69 92 67 2 20 30 8 12 85 62 44 
55 45 77 76 20 43 56 94 33 75 96 11 82 40 14 62 75 51 36 4 10 86 17 16 92 32 32 40 59 97 98 38 62 97 18 5 63 61 4 67 
9 99 3 80 21 48 98 12 62 24 37 8 72 4 66 7 49 51 96 82 52 45 51 41 46 89 93 16 35 58 12 83 75 12 16 51 46 96 73 52 
91 24 27 77 96 62 99 52 95 79 74 42 40 70 23 15 52 4 38 23 78 58 38 63 55 27 33 41 19 32 33 29 75 21 49 67 28 81 20 77 
67 75 71 38 94 3 83 50 78 27 37 4 84 83 49 94 17 93 37 54 13 53 38 90 84 10 39 29 68 39 62 77 10 18 17 61 78 19 44 17 
17 94 43 43 61 45 97 22 50 7 33 62 27 1 41 88 36 17 25 62 19 81 86 92 86 45 98 48 4 19 45 23 79 69 13 80 9 14 97 28 
86 86 6 83 50 70 41 40 43 71 90 1 81 58 36 98 33 41 72 44 54 19 68 54 64 6 25 72 50 6 99 29 34 88 59 33 51 66 49 90 
77 31 39 38 53 92 99 73 39 72 59 82 73 18 25 68 31 13 2 15 6 55 45 32 7 21 94 81 46 79 79 85 97 70 18 11 59 49 11 73 
6 11 5 69 18 21 5 48 83 19 81 95 33 30 93 2 24 39 78 37 97 42 32 91 10 40 91 65 63 24 75 68 35 48 64 5 5 15 36 30 
97 24 84 53 32 98 50 39 6 58 16 96 95 79 59 72 44 59 59 28 7 98 44 91 16 18 53 19 10 84 86 38 72 30 29 77 45 21 20 91 
12 89 26 61 15 18 77 76 97 91 57 51 67 99 82 84 57 48 81 40 2 1 30 75 20 52 61 12 72 27 78 88 14 66 79 14 38 7 55 30 
71 90 15 91 69 94 46 48 8 24 96 84 65 27 13 38 34 27 40 39 47 79 95 20 7 13 58 16 80 80 16 86 86 22 21 68 38 96 58 72 
4 72 42 91 34 69 79 31 63 52 60 39 92 69 37 47 37 25 41 78 85 71 71 76 66 79 8 75 41 44 28 74 28 38 15 1 66 75 36 83 
91 69 54 73 19 1 40 33 80 23 35 70 40 37 23 69 93 89 15 61 98 1 46 5 36 98 75 23 93 87 9 19 94 43 70 94 38 33 98 22 
1 68 19 20 86 71 60 6 46 21 64 65 22 62 42 98 29 44 76 63 65 25 6 2 95 52 56 94 41 98 99 63 38 56 30 62 27 14 61 27 
89 95 53 91 60 68 29 16 66 54 56 96 70 67 79 24 89 67 30 70 44 55 76 53 33 86 17 72 66 79 82 44 76 42 16 61 95 71 64 54 
89 9 65 97 98 76 2 36 92 77 64 90 78 99 31 67 65 58 71 64 17 80 61 57 86 55 33 55 6 85 16 9 82 87 39 30 45 69 15 95 
48 76 85 43 23 19 54 16 87 56 32 47 21 21 95 5 91 75 59 27 14 42 19 37 92 46 26 31 40 99 77 58 18 92 69 52 16 72 93 38 
32 93 84 47 41 60 56 56 9 66 99 1 8 83 32 14 2 43 70 46 93 39 20 78 30 56 13 9 86 47 18 38 19 70 62 59 96 18 56 30 
11 41 88 96 52 68 2 85 96 82 45 89 35 87 1 44 73 51 7 2 44 42 34 3 43 88 66 87 90 31 32 78 81 99 60 63 23 31 89 76 
26 60 60 80 33 29 12 70 67 97 39 51 94 77 78 59 72 74 8 17 67 41 92 81 69 18 22 97 96 4 85 21 34 32 46 93 10 97 40 74 
7 42 22 69 61 90 80 2 13 50 87 43 48 91 2 20 18 52 21 29 18 17 32 56 14 86 44 80 19 48 59 87 80 6 24 37 1 96 30 82 
23 41 50 76 62 88 66 84 69 60 57 27 67 98 14 1 19 30 11 27 60 39 76 58 29 36 82 66 5 4 15 26 51 19 69 30 61 46 83 36 
95 13 73 51 10 25 74 24 24 17 49 8 18 75 97 97 3 52 18 50 81 76 65 8 47 79 41 95 64 91 89 6 47 50 13 75 60 32 4 5 
81 35 59 88 28 56 51 90 80 97 22 79 18 66 36 82 69 87 73 92 90 17 39 60 23 92 79 8 91 8 21 49 2 29 1 69 59 51 21 22 
50 55 73 72 74 93 23 76 89 77 99 89 21 91 58 44 83 22 55 36 33 80 10 49 15 83 58 51 61 84 95 54 97 17 96 59 16 25 61 62 
22 22 9 32 41 8 96 44 12 30 41 13 81 76 44 28 10 92 98 48 3 23 37 51 64 62 83 94 35 73 98 24 45 64 13 98 30 72 36 67 
61 36 54 34 78 19 23 51 3 84 87 96 77 95 2 45 35 51 23 73 70 44 55 63 21 20 46 64 34 24 36 69 7 40 1 96 95 9 80 67 
96 27 15 7 92 20 7 63 87 68 69 88 10 83 54 49 73 11 77 91 93 59 93 13 1 51 6 30 61 91 46 22 29 99 17 64 17 43 43 45 
62 71 38 25 83 92 1 37 13 47 42 1 47 23 52 80 58 50 84 98 60 5 10 68 56 20 85 47 38 21 1 11 84 54 54 50 76 27 9 68 
57 91 6 38 10 31 1 57 33 33 37 15 56 74 76 32 35 46 52 73 39 69 67 21 79 71 47 1 72 56 51 58 93 86 89 59 53 65 8 37 
15 96 66 99 14 74 2 65 14 13 50 11 82 33 5 67 62 71 11 26 66 40 8 18 38 95 43 74 5 85 55 67 77 35 31 79 20 47 1 41 
68 2 49 18 62 95 15 76 84 83 32 34 23 89 89 5 4 16 53 24 84 10 83 36 91 15 92 46 11 24 69 22 31 98 8 6 77 25 30 13 
77 89 63 53 45 99 72 72 88 85 90 71 58 48 62 44 93 8 19 91 77 59 91 88 18 71 65 42 19 12 21 26 79 45 36 84 23 26 89 63 
85 86 76 74 74 81 95 41 23 91 10 77 59 69 20 10 55 42 61 47 26 8 55 8 36 68 49 63 36 5 34 1 8 79 18 53 2 90 45 38 
7 77 69 6 60 50 57 85 60 60 12 13 41 14 49 88 44 2 51 70 18 84 62 31 75 48 26 51 27 81 1 21 75 70 3 7 83 84 37 34 
99 65 72 86 32 61 45 97 55 60 42 92 63 44 45 40 41 16 94 3 29 41 94 66 44 2 51 54 76 8 55 79 46 88 21 29 11 56 66 71 
55 95 35 71 43 92 13 52 89 28 6 94 8 16 13 72 6 91 55 61 6 30 50 96 35 62 9 24 93 96 6 57 51 15 26 22 9 28 36 33 
39 66 80 7 47 52 6 11 83 94 60 45 13 33 66 75 91 94 19 72 16 3 94 70 64 80 26 3 51 89 71 51 80 59 13 64 37 63 11 4 
40 80 23 76 36 41 56 51 69 45 88 14 50 25 68 65 93 77 52 35 13 59 66 28 21 5 77 66 26 45 69 61 69 23 55 84 65 87 42 36 
37 7 23 30 25 58 48 32 16 54 53 71 23 20 65 24 67 44 79 66 52 25 95 70 95 21 3 68 26 30 18 11 11 54 90 36 62 43 28 94 
98 44 7 94 86 83 37 99 28 32 98 97 43 23 95 36 28 39 24 67 89 46 87 89 73 38 11 57 82 92 67 42 25 15 67 9 98 70 94 61 
7 82 58 91 39 62 40 68 26 95 14 25 1 53 26 80 75 57 11 13 34 56 81 2 79 28 66 77 82 97 55 90 91 63 49 27 75 58 22 68 
83 66 38 54 91 70 38 97 2 50 23 71 67 80 89 33 1 25 65 44 35 10 42 71 15 60 97 80 17 10 47 36 58 71 72 2 2 89 15 80 
29 31 98 27 70 90 51 22 9 24 50 23 58 11 92 32 54 70 78 81 17 11 75 68 20 33 89 55 9 1 89 58 51 25 72 44 73 39 73 9 
77 7 24 94 99 94 24 31 45 43 44 2 96 13 38 39 87 35 38 31 86 79 25 60 91 45 56 59 94 67 79 14 34 36 71 93 99 46 69 3 
12 85 22 62 28 49 32 49 79 57 38 29 52 28 30 98 4 59 36 74 12 78 65 19 6 56 12 48 73 83 54 18 6 46 25 57 91 39 62 26 
44 33 21 49 20 72 16 4 14 24 80 69 27 30 41 83 95 75 34 59 8 54 95 78 87 6 20 93 8 36 34 40 34 89 87 28 83 80 76 24 
96 6 46 7 44 69 59 97 96 36 60 39 82 22 36 70 5 69 49 61 40 97 56 75 5 98 10 15 15 16 51 1 23 18 48 88 36 62 36 70 
25 82 22 1 95 86 82 67 5 42 17 51 99 8 17 58 69 78 40 2 69 43 43 32 13 49 11 87 83 47 63 43 27 65 50 91 86 55 94 28 
91 1 17 24 13 28 41 26 78 42 89 47 62 27 56 36 2 75 99 68 93 89 41 51 8 5 6 27 52 7 58 41 7 47 46 57 37 74 95 63 
36 14 1 16 56 21 21 94 30 62 33 14 6 54 61 58 92 66 30 55 8 84 33 49 47 54 77 56 30 31 36 22 70 61 94 45 16 68 60 92 
52 95 31 30 21 52 14 29 31 97 4 72 58 99 99 64 59 48 58 75 73 58 80 12 7 23 63 51 23 60 27 96 60 6 43 33 57 85 45 93 
80 88 74 4 82 91 1 13 59 31 49 61 55 44 89 89 52 70 4 66 59 26 85 85 67 80 79 50 32 25 93 39 2 23 18 76 47 2 92 27 
26 14 78 78 58 31 47 84 34 39 34 44 72 75 21 29 66 69 90 75 53 52 65 71 10 8 7 69 96 94 59 59 74 35 25 56 50 91 93 65 
25 13 84 75 71 42 59 68 19 41 30 53 91 79 31 97 93 37 75 39 73 21 7 25 86 55 99 10 16 80 84 70 12 18 46 79 27 35 68 57 
58 32 72 32 19 57 7 83 25 92 27 54 13 67 53 73 72 4 39 41 91 53 95 54 99 82 91 30 60 54 59 39 48 83 19 9 22 42 98 11 
49 13 59 86 8 75 5 60 66 50 89 70 60 99 44 13 63 45 16 47 51 77 81 46 68 53 93 24 75 55 14 94 91 68 64 70 83 94 47 29 
72 85 41 63 72 70 2 64 23 11 34 95 45 81 98 23 24 53 44 96 67 86 43 66 84 3 5 84 60 83 27 95 51 61 58 99 34 11 89 64 
71 29 68 77 61 66 42 96 41 87 86 35 6 99 59 76 97 5 8 33 86 1 47 63 6 38 23 49 85 12 87 39 33 61 45 78 4 66 2 37 
69 18 53 8 14 17 47 52 79 26 80 21 3 50 30 57 31 61 33 72 94 58 84 85 30 9 9 58 93 13 49 32 28 98 65 60 22 48 12 44 
50 21 25 84 66 86 3 85 88 61 24 95 45 35 40 79 1 7 92 12 98 56 53 50 21 1 26 99 98 50 21 57 71 53 10 39 27 98 66 68 
25 73 83 6 50 57 64 39 36 13 50 38 38 50 93 6 55 73 98 29 25 70 54 88 83 8 91 78 5 56 68 68 33 66 82 96 26 4 69 33 
87 61 10 9 19 30 68 34 8 13 5 7 11 33 27 98 23 95 36 96 90 83 74 26 96 87 15 67 91 88 23 33 10 33 67 11 90 41 99 50 
66 19 15 45 78 18 81 77 15 3 59 93 53 54 39 68 70 16 25 87 39 58 51 87 86 13 70 53 24 84 25 35 72 61 44 97 29 34 32 1 
74 24 10 10 82 3 1 50 68 45 1 21 46 8 53 2 10 53 96 15 9 14 72 10 64 82 49 85 27 43 73 50 33 28 56 64 90 60 88 94 
90 91 22 54 85 25 79 18 17 4 95 12 55 77 84 75 62 45 48 16 62 1 79 26 65 78 72 78 93 25 14 47 6 60 23 37 69 54 35 86 
25 25 37 41 21 78 77 57 38 11 3 2 48 11 87 43 83 29 39 57 81 34 95 4 39 28 74 2 46 46 72 76 19 28 35 75 74 36 45 74 
62 28 25 74 20 25 42 67 24 58 66 44 22 72 63 73 7 12 52 46 4 69 75 79 90 91 3 45 1 73 81 5 20 76 37 96 61 76 48 20 
31 17 93 12 95 86 95 93 51 89 70 91 84 25 79 90 15 52 65 51 3 65 20 42 73 92 52 85 25 90 7 46 80 35 56 60 24 8 10 58 
52 31 93 48 16 6 77 91 19 93 56 47 39 95 88 29 66 82 62 42 7 6 36 55 63 66 80 41 89 29 26 60 66 92 35 37 68 46 37 55 
84 96 35 23 60 14 69 79 42 33 87 15 11 53 25 20 92 29 3 72 43 36 29 20 36 40 73 85 83 41 79 83 58 32 53 78 20 30 80 50 
27 78 72 37 10 36 28 93 85 75 85 78 6 24 41 7 29 96 63 66 76 20 66 74 14 36 74 98 22 19 33 2 31 94 18 79 5 39 26 61 
72 18 41 69 76 68 77 66 51 85 97 91 72 51 56 18 9 18 46 52 32 61 6 4 90 17 3 15 41 37 13 60 80 97 13 2 84 35 24 11 
8 31 76 46 78 93 99 2 80 76 11 25 78 77 72 27 86 96 3 45 65 86 57 82 98 13 64 69 46 4 34 26 51 45 86 52 45 99 87 99 
84 26 53 31 63 49 27 62 24 4 53 46 23 73 2 55 2 21 15 53 45 21 73 34 68 78 76 90 67 8 63 42 79 54 19 76 49 69 17 17 
7 66 34 32 13 74 39 9 43 30 99 12 43 4 83 32 69 99 29 93 42 99 37 11 73 5 56 94 14 30 45 94 12 1 49 44 80 58 69 6 
31 27 94 84 54 90 96 82 44 76 82 54 8 10 29 6 9 7 48 63 54 35 8 64 79 4 7 81 89 30 6 52 1 32 93 19 61 7 99 96 
20 8 34 77 7 21 2 3 88 94 17 93 23 3 23 55 75 99 44 80 53 37 56 43 15 64 74 3 95 19 41 78 31 16 96 12 30 1 33 93 
75 78 49 37 20 97 7 6 94 30 99 51 3 69 21 62 55 36 69 15 5 18 30 99 66 6 63 32 34 48 46 13 47 57 73 59 84 47 27 77 
91 74 4 19 38 17 7 6 89 18 61 77 43 65 30 57 99 30 19 95 74 79 57 7 60 85 84 74 34 23 70 4 35 27 32 63 88 97 60 97 
96 30 43 92 69 57 79 65 46 91 36 20 25 80 92 21 46 22 8 92 98 72 98 39 95 59 36 70 99 84 35 6 63 77 4 73 46 16 52 87 
96 57 2 89 49 24 8 30 36 41 70 98 61 68 27 11 83 53 22 55 79 84 7 90 97 22 7 44 93 74 40 85 38 73 89 62 80 50 47 66 
7 36 79 26 1 86 6 15 25 23 67 22 64 5 32 84 20 54 7 50 37 76 93 71 54 55 7 10 90 99 12 29 22 78 2 49 89 27 95 40 
80 44 69 95 94 52 10 85 57 14 68 42 84 63 29 67 76 59 42 23 59 50 80 42 79 59 47 88 84 56 57 34 8 80 21 11 37 24 37 27 
45 59 70 14 62 24 44 62 3 68 62 29 71 86 90 14 91 36 68 69 29 44 32 5 73 5 77 29 44 41 22 48 31 47 64 73 62 49 21 33 
85 8 95 91 66 28 66 33 51 27 19 54 64 58 47 27 6 81 36 8 10 58 12 14 2 49 73 84 52 33 99 82 70 95 80 81 77 44 23 82 
64 41 35 32 38 40 96 4 2 10 22 66 46 6 23 22 16 29 6 15 92 17 71 46 14 64 87 95 22 6 95 40 98 80 62 9 7 36 30 15 
52 16 25 77 92 5 55 61 40 54 28 3 44 90 30 92 20 33 63 71 80 91 33 42 42 81 57 49 25 73 78 4 23 66 15 55 70 21 24 13 
87 75 86 71 92 30 32 79 7 32 92 39 74 48 51 41 28 14 2 76 4 1 92 52 57 81 21 76 20 57 20 63 22 29 86 31 99 97 36 62 
56 9 18 97 77 54 99 90 1 61 72 82 50 17 95 95 13 12 77 17 46 76 18 99 81 27 57 55 62 49 67 46 54 22 33 91 46 95 61 29 
87 28 97 62 43 70 41 62 10 57 90 68 53 65 39 25 29 42 79 79 40 81 12 69 26 46 36 36 88 69 36 93 10 19 48 15 7 56 22 63 
43 98 84 62 78 27 61 88 3 38 38 65 44 33 56 77 15 74 23 82 50 46 79 22 38 6 8 33 85 62 41 32 83 86 84 84 18 78 71 45 
41 86 17 2 53 11 49 7 63 38 41 58 21 48 64 55 99 13 75 87 50 98 59 37 91 34 55 83 81 92 25 29 67 94 65 46 40 57 83 31 
93 61 60 76 93 49 13 18 84 36 8 3 5 82 47 49 38 88 63 92 91 61 65 53 66 87 61 60 71 53 59 67 24 61 19 12 3 96 59 27 
52 11 50 26 82 33 7 51 60 7 77 13 39 9 74 18 32 29 21 24 85 59 44 32 38 71 12 75 34 66 40 12 61 14 50 35 13 21 20 88 
48 57 52 24 19 30 24 91 48 2 88 36 79 15 46 17 65 24 37 63 89 65 44 11 41 84 85 86 80 8 5 39 35 48 66 5 15 59 80 55 
89 60 63 18 34 22 63 68 27 57 87 48 4 50 44 27 15 25 72 71 13 28 16 52 11 92 48 59 14 55 15 43 40 56 10 40 80 88 17 15 
9 57 41 23 32 76 97 80 21 71 61 29 91 94 53 21 95 78 40 74 91 75 57 3 12 71 35 89 22 61 32 12 56 33 63 33 7 61 98 80 
53 46 31 95 94 83 19 47 1 54 23 66 49 96 1 95 85 87 44 73 1 41 80 61 6 56 16 8 86 59 78 8 80 44 15 76 49 88 11 96 
65 96 75 65 5 34 55 75 54 55 7 91 70 87 96 45 50 48 82 20 84 83 40 10 42 99 1 76 8 97 24 28 75 90 93 49 83 5 81 37 
7 63 3 30 33 6 91 23 96 23 12 36 82 11 34 5 77 94 18 44 68 53 50 43 38 87 32 41 41 90 71 16 82 72 66 86 28 30 9 98 
7 23 57 75 3 68 15 50 57 60 5 84 99 27 51 82 34 94 82 12 58 22 49 71 54 85 46 59 66 81 80 43 73 84 30 84 36 16 85 29 
91 37 59 22 74 26 47 86 41 59 7 94 50 63 14 72 27 93 32 34 56 37 14 66 96 61 54 73 27 43 65 9 17 2 25 25 57 1 84 83 
21 4 56 52 74 85 69 26 57 89 31 39 11 16 50 60 91 19 77 73 87 57 46 33 81 99 46 18 42 68 37 63 85 60 59 87 24 39 25 35 
59 92 58 82 61 33 16 14 93 94 4 33 30 52 58 89 51 3 27 35 4 82 10 58 65 59 54 58 46 12 23 38 73 63 58 83 72 81 20 23 
1 82 7 81 42 30 39 38 30 88 41 2 10 21 36 64 13 57 21 15 39 26 34 14 87 63 48 91 55 65 48 94 24 28 32 25 73 64 99 35 
57 2 23 63 29 59 61 80 79 81 48 31 23 72 55 78 18 89 60 35 4 8 96 15 29 17 24 32 77 45 80 4 42 73 34 6 21 68 40 67 
10 14 48 54 92 17 15 32 29 92 99 24 79 83 74 59 73 85 23 96 24 26 69 3 89 68 25 54 22 94 31 11 15 83 5 85 56 60 22 71 
5 20 92 74 48 39 14 63 6 61 59 83 64 12 40 84 55 73 81 94 59 42 92 16 25 28 95 20 77 99 49 65 77 91 96 61 54 94 98 6 
52 52 91 20 9 76 51 37 55 13 43 62 41 67 30 18 82 14 69 18 87 68 21 5 87 7 74 85 24 29 40 53 88 50 4 74 22 86 97 78 
54 16 21 30 30 13 96 26 16 69 71 2 62 10 4 28 97 12 1 75 62 94 70 61 28 98 46 92 54 66 98 42 39 58 77 16 48 50 87 35 
12 57 53 96 10 58 55 8 32 39 30 51 96 77 75 88 95 3 89 76 7 70 89 81 6 75 86 80 34 57 69 59 50 5 5 81 13 16 93 15 
96 6 67 78 58 59 15 27 98 12 92 41 81 59 55 47 85 78 94 42 73 95 25 10 45 81 78 51 96 89 57 90 90 51 70 32 54 31 85 83 
17 51 20 97 1 13 1 51 32 10 50 37 17 24 9 63 20 1 54 62 12 37 26 94 94 70 10 58 40 85 83 58 31 68 79 29 5 58 99 21 
99 89 16 56 71 99 15 63 57 37 85 44 84 15 70 38 50 71 64 45 82 49 20 16 32 82 29 79 81 8 3 62 44 42 83 16 22 43 96 92 
12 19 20 61 79 44 68 62 71 94 59 22 25 47 50 77 40 62 99 81 14 30 58 19 28 77 29 6 9 30 44 79 4 31 88 11 5 39 56 68 
85 34 72 74 11 71 23 6 74 27 82 67 45 31 28 34 62 65 48 13 26 44 64 16 79 89 70 20 18 9 45 66 96 50 38 69 69 70 70 68 
88 63 76 47 93 42 91 97 6 3 64 76 93 98 26 64 13 50 22 7 66 73 11 63 87 2 40 66 73 18 96 5 65 91 47 13 55 51 91 25 
11 54 87 52 75 4 74 38 36 56 8 42 23 13 61 94 85 50 92 30 99 60 48 9 54 16 13 66 80 68 27 27 35 70 31 66 27 7 3 76 
71 86 68 25 41 70 97 14 23 99 10 95 58 98 79 93 32 2 95 95 46 22 69 41 11 88 84 90 95 80 33 17 54 65 49 69 15 41 10 78 
17 7 18 53 37 9 71 16 49 56 55 53 4 30 20 37 44 38 48 21 98 58 6 47 21 6 39 96 69 34 71 75 67 27 53 29 25 13 29 70 
54 35 89 8 44 31 12 74 80 88 46 22 91 76 32 61 58 22 24 33 21 91 29 96 5 50 81 79 26 3 78 23 60 89 52 48 13 28 47 10 
6 5 3 41 90 12 63 37 23 44 64 52 72 97 76 13 97 42 47 75 47 71 53 44 13 72 28 46 23 18 66 52 89 18 34 87 37 65 13 87 
53 53 55 89 68 69 26 15 84 89 68 24 94 97 60 38 26 32 90 51 50 40 36 12 96 40 60 69 21 98 42 1 78 93 1 82 10 13 63 51 
46 35 62 70 72 50 88 93 29 35 44 71 48 6 9 65 77 93 55 62 57 49 79 92 82 35 90 81 60 44 2 92 4 71 4 62 72 18 43 66 
24 92 99 53 68 69 88 60 18 79 30 90 97 64 95 69 66 28 1 70 93 81 99 41 67 4 1 54 77 11 39 27 76 98 28 47 76 25 85 59 
61 20 57 17 47 81 76 75 23 42 42 82 34 9 47 6 76 12 26 51 82 23 46 99 25 60 45 69 88 76 1 99 35 34 60 8 44 71 12 69 
28 40 2 27 63 20 82 75 76 16 93 50 54 12 89 62 14 25 56 58 9 92 15 41 14 72 52 58 27 26 55 47 37 98 41 68 36 45 13 3 
36 16 36 16 62 96 52 66 19 5 81 55 48 8 45 67 39 49 16 45 62 15 13 46 74 36 32 73 81 68 8 86 46 23 13 93 10 90 62 90 
19 29 81 9 68 2 58 71 52 64 53 32 46 52 68 95 94 48 33 84 96 93 46 53 88 16 83 78 1 34 65 19 18 18 32 4 99 19 24 4 
83 86 46 16 79 31 58 33 60 97 52 79 63 92 87 29 59 89 36 23 79 58 47 53 13 82 93 96 91 84 55 64 28 77 21 68 11 28 40 76 
54 77 54 1 57 35 12 61 71 6 82 5 60 57 55 92 59 87 76 30 31 49 39 98 73 80 49 76 9 87 92 52 64 59 22 56 83 88 28 84 
91 76 51 50 58 98 28 22 18 51 28 95 18 91 2 55 5 81 6 46 77 62 94 56 30 46 69 73 67 1 54 7 12 29 71 66 83 87 25 22 
35 75 31 43 81 2 71 85 62 66 23 26 65 50 74 47 70 41 32 77 22 34 68 63 65 87 3 42 66 22 4 77 58 17 37 73 49 65 10 47 
4 25 56 67 68 92 89 13 31 70 16 54 44 47 2 81 98 6 79 70 50 93 6 9 98 95 68 33 49 76 33 95 74 62 11 55 61 29 25 1 
10 92 7 27 31 10 27 14 24 65 31 68 97 70 85 72 18 38 58 96 80 70 92 17 80 5 8 44 92 8 10 33 20 38 42 86 61 71 34 31 
74 72 14 42 54 25 89 65 83 73 84 9 89 23 59 42 23 5 59 90 86 88 82 26 58 37 93 32 21 5 5 66 8 68 14 89 26 27 43 46 
97 66 79 81 54 29 53 11 68 35 64 23 76 5 21 94 2 68 89 20 29 57 44 44 95 96 83 72 51 67 27 77 91 46 35 17 14 86 73 15 
46 46 43 26 34 73 48 55 6 16 64 20 72 58 83 51 6 39 57 36 79 83 15 88 35 39 39 26 46 69 16 3 40 64 52 64 81 99 59 38 
11 72 20 4 26 71 40 23 37 1 11 50 15 75 83 29 54 72 4 47 87 10 88 82 33 81 46 44 77 82 77 16 47 57 14 56 6 74 24 10 
65 40 86 67 57 98 52 90 49 50 44 46 16 81 19 90 77 12 65 59 39 81 46 12 88 8 75 72 39 3 59 31 9 73 27 59 70 15 70 94 
77 34 52 94 29 82 80 56 64 85 7 40 24 83 75 94 77 4 94 37 52 4 81 14 41 30 7 83 99 16 48 16 1 84 17 58 11 65 19 34 
29 95 68 20 19 33 30 44 70 11 66 91 92 24 71 63 7 86 99 63 82 49 81 63 74 45 56 81 54 12 32 68 89 77 52 81 46 37 19 27 
8 10 58 17 93 63 41 87 1 81 37 77 40 88 71 37 37 42 18 85 51 41 12 56 46 98 90 87 87 68 74 71 95 16 12 85 88 88 45 98 
94 10 29 81 29 74 55 27 61 51 67 13 83 97 31 14 39 33 9 44 92 39 59 3 80 90 66 93 10 2 89 3 57 99 37 82 31 57 12 13 
82 5 58 96 25 1 1 47 40 49 34 30 27 41 1 56 82 83 79 41 5 77 45 22 27 16 43 16 89 67 86 53 99 18 5 6 14 7 77 95 
77 69 58 18 81 86 42 51 41 52 47 78 64 29 70 18 58 11 34 76 18 81 64 21 5 15 90 45 6 74 4 33 81 64 64 15 91 32 61 51 
98 50 68 93 66 60 9 4 81 3 32 47 74 89 72 24 53 97 34 31 19 81 97 2 61 94 46 31 10 84 1 15 87 74 57 18 96 95 99 86 
82 51 55 5 98 36 40 57 24 41 6 84 9 4 70 14 59 40 50 8 75 19 56 84 57 42 26 73 31 8 89 77 30 76 35 28 91 25 4 70 