40 67
2 38 18 24 73 66 77 99 61 58 55 9 91 65 52 92 18 79 11 68 10 34 84 47 46 20 82 35 18 4 19 82 47 18 8 81 99 80 63 20 
91 57 16 92 94 67 36 80 13 47 45 11 59 8 60 40 51 84 93 88 66 51 18 63 20 76 61 91 41 56 92 56 65 15 74 23 26 99 14 65 
23 98 33 30 82 44 88 95 82 96 14 40 68 31 34 72 11 75 99 6 34 68 25 60 76 7 40 8 51 77 34 51 71 9 57 52 31 63 3 22 
13 4 61 10 41 37 33 42 69 1 66 65 56 52 82 91 29 93 36 67 36 8 19 61 12 70 26 54 13 6 38 68 5 92 51 98 27 85 71 83 
75 26 19 85 85 99 44 37 60 85 48 57 50 35 95 74 59 11 58 52 27 3 49 87 19 44 9 43 56 72 72 56 85 89 53 24 57 70 32 6 
68 76 70 93 3 74 11 12 41 37 43 96 5 7 9 43 93 50 9 92 29 95 62 55 5 24 79 32 54 59 64 81 58 15 56 2 73 19 59 75 
16 99 22 19 50 8 70 97 9 10 99 67 74 37 21 4 95 45 5 42 45 74 71 16 91 24 51 88 13 36 11 75 87 44 73 48 88 44 64 60 
63 72 74 74 71 79 28 29 17 84 39 29 28 18 55 48 11 24 51 39 14 12 13 35 53 37 35 54 11 49 39 11 89 41 59 50 5 51 16 32 
76 39 69 41 92 93 40 17 17 23 21 83 74 61 40 18 54 83 19 27 1 67 77 83 93 26 42 64 56 48 55 63 73 54 29 37 54 3 89 40 
64 19 78 17 12 38 63 34 71 73 37 74 29 32 48 89 77 1 71 53 74 48 52 49 91 48 12 8 52 64 9 73 48 51 32 12 74 95 64 69 
32 27 26 20 8 85 92 43 89 66 94 51 40 36 93 47 56 39 26 95 22 49 23 42 90 84 42 38 42 62 7 35 27 67 26 5 73 29 11 18 
21 93 70 55 64 92 39 68 7 60 10 41 33 62 30 70 10 76 11 34 34 15 63 20 87 83 93 50 28 61 59 74 46 48 49 76 87 75 19 69 
21 86 76 5 37 69 88 43 70 93 30 95 47 15 12 66 66 53 56 80 92 82 15 11 26 16 7 75 63 68 85 59 32 85 61 91 99 23 39 26 
70 32 47 29 79 70 16 71 45 81 44 79 36 93 27 10 84 36 16 45 9 69 52 60 30 62 93 50 91 85 91 70 38 53 28 70 68 48 40 11 
39 56 30 75 73 65 52 31 64 89 16 45 4 46 76 25 50 88 79 3 41 50 13 70 35 82 16 55 55 73 90 92 5 82 80 98 7 20 6 54 
72 15 47 7 60 80 55 74 2 41 15 24 43 31 46 34 51 97 82 49 9 55 38 53 32 94 70 8 6 14 85 3 3 13 51 28 81 96 85 79 
51 88 54 71 87 66 46 95 26 12 90 81 46 72 5 94 63 89 45 36 89 23 47 82 47 78 82 51 32 45 69 79 19 17 10 37 72 42 97 68 
82 30 85 3 66 3 17 49 22 5 83 90 2 50 18 93 60 72 65 56 79 35 5 23 44 55 35 25 63 45 74 47 83 79 21 82 59 99 90 36 
3 36 85 27 83 87 41 7 55 6 81 35 41 1 3 86 34 51 40 60 61 89 39 29 51 80 48 34 55 50 24 34 15 82 11 18 18 27 16 32 
16 55 34 65 82 20 29 50 75 69 93 46 24 82 36 10 48 51 23 20 20 33 76 98 56 7 77 77 38 25 96 93 60 1 32 77 99 48 79 15 
88 55 13 33 87 50 82 59 5 5 41 47 71 53 3 74 67 90 8 49 81 53 96 9 99 75 69 83 14 78 55 24 97 97 92 62 6 24 69 45 
61 31 40 54 29 67 19 98 81 23 56 77 81 45 56 82 5 37 31 19 50 41 34 27 95 88 99 57 78 70 43 53 54 75 87 93 36 44 49 3 
3 73 79 54 26 46 9 84 36 84 46 5 34 85 31 81 80 58 15 11 80 26 27 39 51 32 36 38 33 53 83 51 24 24 2 64 20 98 95 95 
64 32 47 54 83 91 78 55 51 54 11 39 9 40 14 23 42 84 63 24 3 23 78 69 31 51 37 84 17 24 22 21 34 13 63 48 11 73 8 77 
12 79 18 93 86 58 77 51 28 39 50 91 73 42 1 49 33 65 72 8 46 9 41 81 78 92 97 79 36 34 87 7 89 87 30 8 55 66 81 15 
70 26 92 70 55 94 70 99 95 39 95 85 33 97 53 15 88 41 2 58 56 41 93 58 43 5 13 99 98 96 32 42 11 43 31 72 89 3 10 28 
90 61 86 57 79 2 62 66 40 35 16 20 28 8 62 87 91 69 3 54 69 15 78 77 38 75 34 55 67 90 66 57 52 61 52 26 86 28 65 75 
83 43 69 28 88 72 43 67 48 63 2 12 84 68 8 55 29 65 9 86 33 13 69 98 95 45 55 37 76 99 63 61 80 37 42 97 17 47 63 8 
8 30 36 15 59 84 49 75 20 9 89 86 46 96 99 29 57 99 22 11 42 31 30 9 99 38 74 57 16 19 83 8 33 53 57 63 43 26 96 57 
56 46 76 31 98 82 69 90 50 91 31 73 65 44 58 50 91 89 7 11 63 36 34 78 26 76 72 90 76 8 97 18 2 84 56 30 29 98 98 23 
99 87 65 78 80 7 49 96 87 18 86 9 44 11 65 16 79 97 33 10 96 37 47 18 87 17 1 85 8 71 72 73 71 56 37 79 47 31 20 52 
12 14 63 56 6 36 34 49 7 52 48 60 79 33 27 51 73 36 41 88 36 28 26 37 99 3 61 7 23 6 34 27 71 10 67 62 36 37 17 19 
33 79 10 34 49 55 87 41 55 26 98 10 83 49 57 29 92 43 99 48 28 66 98 63 11 36 6 77 28 47 96 32 69 93 45 35 40 19 81 46 
3 65 9 27 29 37 76 10 84 26 8 78 61 86 97 37 33 18 1 58 26 72 84 9 46 45 82 97 2 99 7 83 82 40 57 77 77 90 70 44 
13 89 23 79 78 73 94 61 92 95 53 84 92 9 38 45 77 32 43 72 57 79 79 61 83 30 56 41 38 16 85 85 90 19 70 84 14 87 49 25 
60 78 9 75 21 94 61 40 95 18 22 80 93 39 2 34 26 26 81 85 88 44 18 33 13 73 30 90 49 43 36 25 71 87 35 39 77 85 92 66 
18 5 55 35 8 8 61 48 13 8 49 15 31 58 36 86 98 19 15 44 84 91 18 76 84 5 19 7 25 33 24 60 70 57 36 3 30 95 80 80 
75 55 18 3 97 96 3 76 84 66 86 67 45 76 19 54 22 72 60 48 81 7 70 10 72 33 80 90 19 85 93 59 61 78 52 20 43 22 54 65 
88 67 6 43 79 60 99 37 22 87 96 87 51 31 84 89 97 88 97 49 17 48 66 2 5 54 14 50 52 68 73 49 29 56 77 97 76 21 38 63 
63 44 71 51 82 45 8 58 15 54 67 89 87 71 97 46 84 53 5 32 84 10 59 48 84 90 78 46 8 8 39 55 41 8 95 55 95 97 93 18 
73 13 85 94 24 94 23 17 38 15 51 57 62 49 98 44 99 43 28 64 93 59 75 66 21 30 31 93 9 50 91 8 75 64 47 3 24 45 57 84 
27 4 91 28 76 77 93 61 8 52 76 70 53 66 91 2 65 89 6 30 5 81 74 50 82 69 7 89 2 41 16 88 31 60 87 59 96 91 51 5 
89 26 93 76 38 24 69 40 36 69 41 29 80 29 41 8 88 86 23 27 73 48 83 93 5 52 62 67 74 92 20 39 2 76 59 64 35 18 96 95 
92 90 2 41 25 87 36 3 18 1 79 96 92 78 55 85 72 34 89 4 2 38 85 26 56 77 87 35 26 78 71 68 85 78 73 60 55 6 16 59 
34 17 46 19 86 44 7 73 11 5 88 76 40 39 12 72 83 64 30 93 34 62 51 41 69 36 21 21 8 54 35 58 2 43 69 99 23 48 41 10 
74 78 57 62 46 70 8 77 51 63 99 50 23 92 58 90 45 64 43 39 10 74 76 3 30 45 97 30 41 71 10 39 34 91 69 6 51 81 83 70 
55 2 78 78 82 98 61 53 53 5 49 93 65 70 55 28 62 84 20 34 4 33 78 27 1 66 41 7 76 32 6 58 35 37 91 78 38 42 48 99 
14 50 29 98 63 37 94 22 61 86 23 26 66 42 59 70 21 86 14 64 59 69 64 19 17 7 80 89 44 33 14 64 45 11 74 85 73 22 24 89 
6 12 71 79 15 87 17 6 95 72 26 18 50 5 8 78 30 61 1 82 15 1 23 57 9 57 38 38 21 72 42 16 86 67 9 25 24 47 87 19 
43 61 52 24 95 2 80 9 8 24 2 18 1 9 69 41 60 24 97 67 27 54 45 83 83 34 97 79 62 96 15 4 68 98 9 37 23 63 72 41 
76 73 6 3 29 78 97 52 27 58 58 9 98 40 32 6 32 95 99 81 63 39 41 76 99 64 81 85 21 99 87 5 2 51 44 12 52 1 5 52 
63 1 75 49 70 96 94 66 48 20 72 31 97 75 7 17 35 36 30 13 63 91 11 39 68 14 40 55 41 68 90 61 68 93 76 57 26 59 73 97 
62 24 83 72 97 51 66 17 37 27 81 72 40 71 87 66 47 63 22 52 51 98 4 38 43 68 55 67 50 84 12 51 94 39 7 95 89 23 52 48 
2 63 8 82 68 28 4 63 61 80 35 4 53 76 9 49 24 51 33 53 13 67 38 87 43 81 13 96 52 82 30 69 93 31 92 48 50 92 25 74 
10 90 99 56 43 76 60 53 51 71 95 78 81 77 41 56 13 95 38 73 10 58 7 91 47 38 40 48 35 27 24 38 74 20 7 54 99 96 82 16 
69 29 72 44 70 74 87 60 65 27 83 52 48 25 41 67 80 83 23 84 39 93 57 22 43 41 77 82 35 69 31 49 64 99 63 13 58 92 64 31 
71 77 71 68 24 97 93 15 67 87 43 74 38 16 21 20 10 40 66 76 44 11 79 72 12 37 46 89 74 35 81 23 28 12 62 55 27 81 99 84 
48 92 54 65 68 35 76 25 78 4 5 33 56 11 12 8 37 58 35 38 15 28 63 59 91 22 38 89 2 84 95 62 26 6 56 24 78 95 9 26 
88 12 48 28 82 87 54 46 43 60 9 87 74 51 35 56 53 13 54 78 26 56 45 8 22 35 97 66 76 23 99 54 83 31 56 35 6 35 15 53 
27 81 72 39 58 76 21 15 63 47 82 53 56 92 28 52 73 35 67 81 61 58 96 59 68 26 40 22 11 42 30 27 66 51 54 47 27 27 79 3 
18 76 15 43 85 9 13 41 73 33 44 53 76 81 47 30 25 53 97 11 81 53 37 22 78 27 19 29 98 52 13 69 41 85 45 16 8 91 40 28 
90 82 5 63 61 56 83 87 75 80 34 58 51 28 75 75 51 54 89 24 14 72 30 78 55 51 33 17 94 19 21 8 37 33 48 54 83 9 93 16 
62 82 13 49 2 40 14 83 99 72 73 47 7 72 65 49 81 23 33 64 90 28 73 48 77 62 93 72 33 79 36 35 9 45 39 94 35 76 96 98 
56 86 77 69 59 63 32 72 89 81 10 95 10 3 19 53 99 13 9 33 18 59 20 40 47 83 37 58 66 70 90 46 68 79 17 22 95 84 50 34 
56 62 85 65 89 8 5 84 32 77 74 37 57 79 29 77 77 57 21 24 48 99 98 92 43 22 17 61 47 55 52 43 35 79 89 88 39 50 97 30 
22 16 41 57 60 86 19 35 95 51 81 43 34 92 1 10 94 78 39 49 7 61 98 67 20 41 77 90 50 36 71 65 62 23 92 97 49 18 54 93 
15 44 6 47 49 88 77 74 14 10 89 22 2 58 59 44 55 20 9 45 46 40 99 96 27 49 81 83 60 44 74 92 96 2 46 76 58 99 65 11 