45 30
56 79 85 53 69 80 88 22 19 22 37 41 51 99 29 53 21 67 23 42 59 70 19 7 99 3 78 71 33 54 46 24 22 98 31 92 27 77 9 16 28 93 60 76 12 
16 47 31 23 40 24 65 48 14 39 25 89 14 69 21 58 41 74 16 79 40 1 91 1 87 48 75 62 77 4 13 44 40 22 98 54 58 30 8 78 28 32 2 45 80 
8 96 25 54 85 29 14 30 93 11 13 59 45 95 24 67 86 83 54 2 3 5 45 96 98 80 47 45 7 28 8 97 38 7 52 19 5 6 82 90 33 8 6 9 61 
18 19 96 91 27 50 42 41 75 66 8 98 31 37 74 27 87 40 49 39 8 9 78 68 67 61 82 29 96 18 57 82 68 22 20 24 66 4 39 97 73 74 89 43 48 
82 81 10 74 80 24 49 33 50 28 17 76 24 5 10 11 65 30 33 8 57 15 51 5 1 35 79 90 22 57 82 28 68 62 32 66 1 92 35 61 53 3 25 4 43 
6 60 33 13 86 97 51 41 36 36 22 24 18 7 10 81 73 43 66 26 72 54 10 92 33 2 95 53 1 80 81 72 70 18 14 9 44 22 57 40 95 38 34 9 97 
50 1 23 7 24 27 95 57 2 32 68 36 60 17 84 68 57 56 54 79 74 56 62 41 32 41 76 64 38 42 38 80 28 89 92 2 34 93 61 91 53 31 15 6 17 
34 83 46 37 15 68 83 13 94 86 5 32 76 83 35 62 14 12 5 20 72 99 28 49 54 67 91 92 77 48 3 97 93 16 68 2 32 25 28 46 35 41 94 50 85 
42 97 1 37 59 85 70 33 19 93 75 68 41 98 14 49 6 58 55 50 11 35 87 10 43 78 94 73 1 65 60 27 94 82 59 89 33 13 48 59 47 15 86 67 47 
36 89 45 28 3 2 13 29 91 52 20 75 78 70 90 14 83 62 6 44 82 65 69 2 79 66 85 86 57 69 30 98 8 90 69 71 12 96 29 48 77 37 54 18 44 
24 40 4 86 90 2 50 74 16 89 33 95 41 20 66 83 22 13 14 41 63 81 79 61 97 11 18 25 29 17 29 73 14 19 29 28 18 87 61 36 76 54 21 85 36 
84 70 99 45 61 18 43 59 45 97 70 90 66 9 39 85 46 80 60 72 51 31 5 63 50 59 71 55 63 76 22 49 35 51 29 12 32 14 2 59 82 63 6 30 63 
35 83 93 99 33 99 17 44 84 35 36 87 32 2 22 11 27 89 78 76 45 70 84 53 80 10 7 47 96 53 72 8 9 15 14 84 4 53 73 82 18 69 97 28 92 
18 58 9 74 45 44 52 57 54 91 54 29 33 81 76 72 80 98 35 58 17 87 39 97 67 41 10 97 28 68 82 27 14 95 60 48 45 86 58 97 58 59 76 92 46 
95 94 6 14 88 86 74 42 26 15 8 99 69 78 18 42 44 82 97 76 49 21 31 45 3 60 32 27 18 81 9 43 95 84 36 8 87 10 1 34 94 21 86 53 87 
13 62 97 78 55 49 86 91 70 55 30 58 65 15 51 24 72 44 3 5 22 7 60 87 70 33 41 57 29 80 20 3 85 65 84 49 37 22 67 67 45 20 81 66 30 
74 43 13 25 41 99 39 20 2 91 73 69 89 29 59 89 48 1 54 62 34 34 12 26 55 85 53 83 26 85 43 2 23 25 1 84 72 81 7 70 60 92 27 2 22 
64 22 14 92 61 68 61 28 29 32 49 61 19 72 2 95 23 76 93 44 2 42 31 34 10 38 48 16 22 77 11 17 27 25 19 63 90 41 46 26 28 6 94 73 35 
77 3 35 52 50 8 77 65 91 22 23 95 45 56 47 49 21 40 76 72 80 44 60 92 9 8 67 53 11 92 1 50 11 62 99 90 78 25 15 28 75 84 33 85 82 
76 54 51 96 79 23 33 31 74 66 40 6 96 48 53 99 94 83 75 89 36 46 49 80 1 38 19 13 36 22 93 94 9 49 84 67 82 11 35 84 16 63 73 69 15 
66 21 91 46 6 82 72 64 93 26 76 98 70 40 82 98 10 65 82 58 14 51 83 80 14 64 33 2 87 9 21 93 64 38 83 11 55 37 53 28 32 26 33 49 86 
44 64 51 14 58 14 91 99 65 84 40 80 80 29 14 94 14 66 16 27 44 4 24 75 70 12 86 42 31 65 73 7 16 22 85 26 69 17 50 89 65 85 39 10 19 
18 9 36 59 91 59 97 7 39 53 67 31 62 77 23 94 28 15 9 10 14 37 17 69 91 14 12 58 79 16 90 63 63 8 92 23 36 62 96 29 18 95 38 64 36 
51 67 20 88 19 74 65 10 22 19 37 41 86 49 50 18 9 62 82 40 28 35 1 15 46 51 7 84 8 24 31 33 90 65 10 62 80 62 64 48 7 54 20 57 33 
84 45 1 66 9 70 7 78 99 25 59 71 7 15 27 55 75 98 88 62 16 54 72 63 33 81 63 51 1 63 41 6 82 99 53 47 57 24 10 18 57 47 75 70 15 
59 62 90 82 38 69 67 97 31 41 2 28 96 69 70 65 41 36 39 47 53 17 33 95 94 18 30 86 78 72 25 45 47 42 11 17 61 15 96 14 93 42 23 65 86 
97 84 12 3 39 55 95 26 73 33 9 63 14 76 64 37 57 16 22 46 47 24 79 98 99 91 3 86 88 90 17 55 42 40 31 54 22 52 93 26 61 79 4 92 29 
90 56 53 97 94 24 54 66 70 42 55 60 54 36 27 63 63 43 86 66 55 98 11 66 56 76 1 97 67 92 42 55 56 94 24 19 3 17 2 47 60 41 16 55 80 
90 92 30 96 79 68 45 55 94 6 26 45 74 24 47 28 63 22 66 54 4 70 50 95 88 5 7 44 23 32 21 23 12 58 34 78 48 85 49 60 53 40 98 85 13 
69 55 99 23 10 17 88 2 86 62 48 13 21 65 16 90 32 60 79 26 18 53 64 78 96 84 73 63 27 86 18 3 59 97 93 63 77 85 97 42 85 88 33 48 68 