6 30
30 42 3 40 56 60 
70 13 26 71 38 48 
59 44 43 67 63 89 
43 59 65 48 82 68 
21 70 60 96 1 5 
52 41 41 55 4 80 
9 6 2 96 76 69 
80 62 6 48 44 17 
54 12 82 36 22 27 
16 94 13 47 93 89 
62 16 23 12 15 47 
4 22 33 84 17 28 
6 4 89 93 21 72 
30 24 94 6 65 69 
88 16 96 36 44 43 
68 57 72 64 72 83 
21 30 34 84 18 17 
85 55 52 74 44 55 
7 69 63 7 35 14 
49 48 23 29 30 90 
59 16 45 8 52 8 
46 45 94 20 81 68 
35 20 30 76 90 50 
42 8 8 68 98 50 
29 1 31 56 56 70 
55 76 43 5 35 31 
52 25 96 7 36 32 
38 50 72 85 18 41 
4 13 50 97 23 35 
21 97 55 22 27 62 