27 30
13 99 71 32 22 44 98 60 9 52 40 71 92 22 66 48 7 34 70 72 60 83 11 96 74 41 40 
3 12 1 71 89 79 55 57 62 96 41 96 11 68 38 49 12 87 6 87 46 70 49 6 57 93 45 
96 95 82 11 29 8 36 49 82 15 14 49 39 83 85 73 65 4 69 13 81 94 61 67 94 68 26 
1 33 15 89 3 28 90 13 85 28 98 69 16 55 15 69 49 1 97 10 80 22 14 70 32 79 98 
60 22 52 86 26 44 61 40 62 75 52 81 18 60 67 53 59 37 77 78 70 12 58 7 49 80 90 
72 18 93 40 37 78 17 59 21 78 51 33 17 39 4 42 43 84 89 64 94 87 92 10 42 19 18 
85 83 95 1 64 74 97 65 56 37 66 13 64 81 23 76 65 36 26 80 65 48 90 39 16 6 98 
99 88 30 22 60 49 16 36 60 72 51 2 65 2 77 49 46 41 41 45 99 61 42 45 23 96 55 
48 55 39 59 95 90 75 47 56 58 62 65 5 99 12 17 3 1 62 49 90 12 6 47 6 46 83 
30 9 66 93 85 10 22 39 47 66 34 87 34 41 29 43 91 12 42 16 97 64 8 66 91 40 14 
51 45 78 69 23 27 42 4 13 40 32 49 49 53 86 98 89 34 20 89 61 58 93 46 75 47 3 
82 2 66 34 81 91 21 73 56 84 66 96 75 22 43 71 80 52 78 67 49 8 51 20 55 97 54 
80 56 28 50 86 58 25 57 38 62 28 33 78 25 16 48 65 28 2 80 45 34 30 23 62 28 75 
86 51 24 37 18 7 67 87 85 57 79 56 89 91 76 79 59 92 20 73 97 53 11 60 37 25 76 
18 4 28 3 21 46 79 84 83 35 16 9 44 1 77 26 17 67 91 49 74 1 81 32 30 52 45 
28 52 43 68 90 42 2 97 81 88 47 74 93 42 91 59 96 69 8 57 9 5 95 99 95 73 75 
1 82 31 78 79 49 93 79 49 59 78 71 63 73 8 63 43 44 14 84 80 25 23 13 82 34 48 
8 28 12 15 32 90 56 20 8 59 68 99 1 81 80 78 88 32 93 7 38 25 7 52 84 78 63 
52 61 21 94 17 56 52 29 29 38 11 66 61 29 1 27 86 1 75 12 30 9 9 13 21 12 78 
92 95 11 27 92 78 78 11 8 16 75 43 14 11 59 15 93 71 84 34 41 24 6 89 32 95 46 
18 31 51 95 72 28 27 99 44 35 11 31 17 10 95 61 78 92 95 97 16 79 95 60 28 72 92 
92 40 68 34 45 11 19 51 92 54 98 79 76 16 88 74 6 85 60 85 74 42 10 97 5 10 54 
61 13 95 33 58 4 53 9 43 55 33 61 62 99 51 32 47 78 96 83 33 19 98 53 59 2 93 
91 53 46 59 63 72 89 11 13 68 78 69 11 57 98 69 20 3 93 38 23 16 87 23 19 88 45 
42 15 86 60 54 66 83 71 1 45 1 85 36 32 86 49 21 50 21 92 62 78 98 1 55 6 75 
17 36 1 51 96 72 20 5 90 42 74 2 34 47 10 38 1 54 39 92 30 6 60 62 54 6 46 
82 20 96 17 68 59 98 79 80 49 43 95 66 66 77 36 83 17 16 39 34 8 56 59 77 95 8 
26 22 64 21 80 89 45 17 80 36 27 69 6 11 91 49 90 77 79 7 82 74 71 2 31 42 55 
10 63 42 41 13 45 20 36 32 14 79 93 17 19 8 27 68 68 5 47 68 20 11 92 85 17 76 
76 31 2 69 56 12 76 94 51 92 5 55 9 7 9 83 11 78 6 59 68 90 82 80 58 52 14 