35 30
11 73 51 83 39 69 45 7 95 47 25 45 48 8 30 55 88 61 4 16 12 23 50 92 42 26 20 57 9 74 32 58 41 17 42 
75 45 46 76 72 72 96 12 36 39 70 49 91 57 16 89 53 68 55 9 1 54 44 75 20 36 57 13 54 56 45 29 33 73 75 
43 75 85 59 88 1 5 28 31 29 46 80 69 24 9 69 68 49 68 13 36 20 83 55 4 1 69 7 32 45 11 47 40 45 29 
74 73 66 10 6 35 4 43 36 68 35 78 12 17 14 73 19 40 40 79 43 95 79 75 85 88 43 98 44 25 74 76 5 35 17 
2 23 93 31 29 85 9 10 13 46 63 15 77 53 70 60 42 31 5 80 96 88 70 97 4 7 77 59 96 42 82 63 73 6 70 
93 53 11 84 10 31 88 75 35 12 51 48 17 79 88 74 3 28 51 94 78 71 69 25 87 21 79 11 77 65 42 48 39 58 86 
69 2 12 47 75 3 11 60 2 90 40 60 61 48 6 87 16 41 16 75 86 44 70 10 47 41 95 83 64 30 32 11 38 22 82 
36 83 69 19 38 36 27 17 21 83 77 11 92 31 87 62 44 63 55 33 8 50 44 75 13 13 45 39 3 84 46 64 44 64 33 
88 89 28 48 71 56 79 73 61 61 66 31 94 47 47 78 2 24 66 20 9 58 50 63 49 78 42 98 72 57 30 61 23 31 75 
39 22 38 81 18 38 62 5 72 69 77 9 75 20 37 51 8 72 94 23 62 95 95 60 73 18 35 67 15 32 67 66 4 80 82 
26 94 29 42 73 49 75 40 23 38 97 3 23 17 69 20 77 52 99 22 34 15 30 24 24 13 31 91 94 23 34 87 15 51 67 
68 94 21 66 20 86 6 55 52 87 36 50 39 85 3 36 12 77 59 6 89 6 11 97 42 12 69 9 90 82 19 20 62 31 86 
25 18 15 22 12 82 84 39 14 72 20 41 69 62 23 79 40 71 89 60 64 82 88 74 32 64 40 20 34 59 55 76 5 30 39 
88 86 17 61 19 82 5 28 21 66 50 5 61 31 56 75 90 79 96 58 5 13 5 35 11 30 11 82 55 31 71 53 88 11 2 
45 26 40 72 4 70 66 25 46 7 7 63 66 67 77 33 16 23 4 4 55 87 76 29 47 69 34 74 72 47 54 86 34 2 91 
43 21 65 33 28 79 57 33 17 93 40 87 54 23 68 23 58 25 98 32 30 39 90 73 70 98 94 88 30 67 69 35 25 15 14 
41 2 80 18 90 70 51 73 15 55 67 8 67 21 53 87 37 78 15 92 37 55 39 99 78 93 88 27 71 72 67 84 70 69 74 
26 76 69 61 75 49 36 12 45 80 7 18 85 67 77 42 20 42 71 19 81 7 8 81 90 35 83 32 8 18 7 95 84 54 94 
8 88 42 45 68 11 42 6 35 60 96 3 39 61 98 99 76 14 60 34 17 8 91 60 44 37 85 91 47 5 10 39 34 74 85 
54 93 64 99 2 49 92 14 65 21 93 48 54 54 51 79 75 49 18 96 37 53 25 54 19 71 56 35 48 2 99 75 40 56 8 
53 8 98 18 47 81 54 38 70 36 36 67 19 18 9 79 7 72 82 25 89 9 58 29 17 95 10 8 32 97 11 23 88 45 92 
59 81 10 57 52 77 15 28 56 98 63 2 79 46 49 1 80 34 18 18 92 18 47 52 61 30 6 66 94 34 58 79 44 44 79 
56 36 65 25 17 81 48 47 33 14 93 83 57 65 44 15 4 46 90 84 22 98 59 3 21 42 45 90 28 46 49 1 46 62 64 
10 75 85 26 30 70 1 89 77 31 28 29 4 11 60 50 11 45 80 62 23 46 39 94 74 18 88 22 5 31 63 3 12 74 29 
76 79 5 1 29 85 49 18 84 71 30 51 84 5 95 68 11 52 38 17 84 13 52 61 31 90 67 83 86 28 3 88 52 24 65 
80 20 72 65 50 44 94 65 58 75 82 71 79 9 12 97 43 54 24 86 7 34 17 30 44 13 43 65 8 11 79 42 60 31 34 
11 93 24 80 93 36 66 65 50 28 35 76 15 71 10 97 79 62 94 88 33 54 95 95 79 27 98 99 63 38 64 90 13 42 70 
44 56 71 44 36 20 68 36 19 23 4 14 77 85 41 28 38 19 92 29 28 13 12 90 1 86 87 76 91 92 32 71 6 28 68 
58 30 53 48 98 22 1 61 94 76 58 62 49 14 72 74 14 35 44 57 4 42 76 80 16 10 40 63 48 85 51 97 78 33 90 
9 7 67 30 60 57 18 76 31 15 36 23 56 84 55 57 55 82 57 46 57 80 26 41 72 89 65 30 67 45 90 87 69 23 9 