14 30
48 1 96 60 15 37 62 80 55 81 51 73 45 34 
29 42 97 52 65 16 70 92 60 13 49 15 3 36 
4 93 69 22 48 68 89 71 79 40 2 32 8 81 
97 75 51 88 62 27 19 16 11 65 96 73 58 2 
88 91 60 5 17 15 20 21 2 32 92 71 23 74 
19 58 48 63 9 16 7 76 15 12 44 10 13 86 
93 23 2 88 15 22 88 42 53 83 74 26 74 49 
45 95 26 63 46 34 90 86 59 36 20 7 41 26 
55 2 2 8 11 52 44 41 28 7 35 97 78 22 
1 28 47 49 35 99 24 58 46 19 12 52 59 30 
27 23 73 72 13 35 2 78 31 55 84 91 30 39 
73 23 93 5 55 58 41 71 82 79 61 18 93 84 
81 42 13 12 71 55 17 84 97 51 58 9 11 22 
14 91 14 28 65 50 34 54 96 16 28 87 87 21 
38 24 86 72 3 81 17 29 64 64 32 8 95 52 
21 58 30 82 15 24 64 18 43 29 99 12 94 99 
46 21 85 11 10 79 91 2 88 74 83 67 97 85 
89 68 21 26 71 66 56 64 75 53 85 93 94 76 
70 5 50 42 83 40 3 45 18 67 10 33 68 49 
69 84 36 81 82 3 52 59 95 86 80 19 87 53 
90 21 72 66 63 65 25 51 72 12 57 74 89 39 
67 53 76 81 16 60 99 71 98 70 90 91 20 61 
15 66 96 22 88 16 63 24 35 84 56 1 7 96 
46 39 6 25 43 87 41 79 74 53 69 75 38 84 
37 5 68 74 64 38 62 96 46 44 21 90 83 15 
2 93 46 24 40 44 23 76 3 33 71 93 36 89 
64 77 53 70 83 36 87 85 45 27 82 98 57 79 
79 23 70 24 33 3 46 91 98 46 38 21 68 39 
75 64 92 27 20 53 56 82 87 60 26 47 66 36 
82 95 52 74 7 86 17 93 69 3 5 11 80 28 