33 30
70 57 8 46 40 29 53 84 52 57 82 90 38 79 68 97 79 25 19 91 32 81 62 23 78 67 76 24 86 76 99 22 8 
19 19 82 1 10 92 2 68 79 42 83 16 65 43 21 32 72 9 23 78 29 71 32 43 12 71 28 15 43 92 39 83 54 
37 11 27 56 17 44 46 67 65 80 70 4 12 76 54 68 7 86 11 46 18 42 94 48 85 47 34 47 24 34 50 75 4 
18 62 69 15 14 71 53 95 15 35 69 61 71 87 31 54 11 34 30 23 8 33 21 35 23 34 9 69 21 53 85 3 62 
94 36 91 82 54 54 31 36 95 74 6 74 97 60 50 88 82 98 14 5 97 91 90 74 53 48 20 88 89 81 5 51 97 
36 81 20 62 66 89 32 85 75 70 57 4 43 5 83 71 88 43 29 37 30 66 37 28 50 45 80 34 59 94 7 24 31 
55 38 93 19 53 48 19 73 35 9 29 74 7 30 9 4 54 77 57 40 5 18 25 80 42 59 21 86 31 42 90 50 57 
68 7 9 80 36 48 50 40 82 18 12 27 67 31 10 86 15 84 36 77 56 21 7 37 86 56 61 77 21 17 98 88 28 
23 29 32 69 13 67 89 45 36 93 1 85 84 20 92 6 30 12 33 14 94 87 32 82 94 94 19 65 38 17 35 6 17 
15 50 72 22 75 82 15 3 43 93 85 40 55 39 89 85 56 11 67 66 50 73 57 12 78 48 52 88 6 2 35 54 68 
18 82 34 21 69 34 43 97 36 75 57 58 90 36 51 94 77 83 43 97 5 87 60 72 41 79 95 39 28 30 60 14 59 
46 4 4 93 53 27 46 50 2 43 76 12 14 38 79 9 26 84 4 86 26 48 41 14 30 20 85 18 36 94 7 1 25 
10 62 4 75 28 5 72 41 24 29 98 20 78 50 21 52 68 65 80 79 8 33 28 42 93 84 92 68 1 49 70 37 99 
89 39 49 95 3 8 6 65 94 3 16 98 51 31 59 57 17 87 6 19 28 14 95 88 77 4 35 92 55 81 91 20 18 
57 49 66 82 60 43 44 9 51 94 50 1 95 90 39 8 71 59 10 71 35 73 42 15 81 85 32 66 54 92 31 7 70 
56 29 88 96 24 42 24 60 5 3 51 13 80 80 69 16 40 55 15 1 45 24 83 5 58 32 84 88 35 56 46 2 47 
87 43 52 77 80 13 20 13 93 80 37 80 95 49 94 34 16 99 87 81 12 54 54 31 29 56 20 53 41 95 40 86 74 
83 71 81 99 11 33 39 22 77 57 12 21 70 81 24 83 9 24 78 70 82 23 10 44 7 70 11 62 81 14 62 31 79 
11 92 35 23 40 16 2 36 85 96 99 84 23 87 41 84 33 93 13 40 35 42 24 73 78 38 8 81 82 73 51 90 4 
97 25 74 79 46 86 88 66 31 6 27 19 37 40 5 24 39 31 93 96 91 35 25 43 50 39 58 83 67 10 68 43 40 
27 64 70 95 96 73 96 83 54 3 31 8 27 44 17 69 72 95 90 75 28 44 62 53 23 77 94 41 74 36 46 31 6 
95 30 38 43 19 35 46 76 37 53 63 13 51 51 25 98 53 35 86 58 79 14 56 9 82 32 33 88 53 75 94 70 1 
78 96 55 14 26 20 96 11 77 82 76 96 94 28 13 82 45 54 14 56 98 60 33 6 87 83 9 62 40 94 15 11 41 
67 11 58 38 54 70 72 61 48 4 33 3 94 5 33 35 84 10 77 90 59 16 11 41 35 53 2 17 63 91 44 91 39 
19 54 41 22 97 74 25 80 35 8 38 75 45 57 55 65 83 51 20 94 54 68 18 65 28 32 98 56 11 25 47 22 29 
82 52 62 39 71 82 92 30 64 54 71 33 30 21 33 99 85 9 24 94 68 13 5 53 92 6 98 9 28 19 24 41 16 
63 35 91 11 60 46 15 46 51 30 10 65 21 7 1 80 99 78 76 80 42 28 70 55 52 59 63 47 40 15 60 89 44 
18 39 22 77 20 49 61 22 18 14 77 6 51 13 79 15 33 6 66 92 85 23 22 21 64 53 32 35 91 87 74 12 2 
37 18 99 57 10 86 74 14 23 11 94 52 43 1 16 21 75 69 40 82 22 44 8 48 94 23 67 44 50 53 35 92 17 
38 96 10 15 10 27 93 94 77 73 5 63 15 88 31 90 26 15 36 64 67 43 93 96 60 23 95 27 51 12 18 88 97 