40 30
34 20 68 63 82 19 65 87 36 46 1 85 90 93 38 71 66 20 81 13 55 60 32 25 97 20 99 46 10 65 34 89 30 45 81 86 19 62 97 56 
68 57 25 7 50 57 55 22 95 34 95 7 67 9 54 34 25 77 48 18 91 85 11 49 72 38 48 67 44 77 40 93 30 10 29 65 36 95 72 70 
81 34 46 33 32 40 55 43 35 71 31 39 29 73 8 49 7 47 45 27 33 73 9 18 28 80 55 62 93 43 63 48 16 56 10 8 80 99 58 98 
28 13 23 73 5 42 2 39 80 75 75 45 1 62 82 80 77 49 77 76 26 77 37 87 23 6 27 39 13 34 99 78 4 65 78 6 51 34 82 4 
9 45 92 89 78 27 27 64 10 60 12 43 51 78 70 58 25 20 44 13 92 36 11 84 34 60 73 67 96 87 2 44 53 95 3 91 42 93 72 14 
13 55 97 45 61 11 98 82 61 35 42 83 48 96 1 82 91 59 46 24 80 27 72 42 19 18 85 30 73 68 45 27 3 20 30 42 76 67 53 55 
2 4 42 98 25 41 92 88 44 37 95 87 61 97 54 80 24 67 28 63 70 72 43 11 12 7 66 77 72 43 4 35 51 10 29 97 69 33 97 47 
45 7 22 51 16 53 58 93 47 80 59 13 77 50 3 22 74 73 11 80 2 76 46 56 5 84 79 38 80 29 83 75 42 58 99 78 76 68 24 41 
35 59 39 66 71 83 83 29 89 49 30 55 5 85 22 22 80 18 42 41 78 20 23 35 29 61 9 91 27 51 15 23 12 75 86 1 37 48 24 13 
15 25 87 79 36 37 96 77 65 4 28 61 80 71 89 12 25 69 57 90 41 44 44 34 34 88 15 24 21 65 81 52 22 81 79 32 44 34 47 80 
23 28 28 45 39 32 45 52 9 21 86 49 29 69 2 37 8 8 32 53 95 96 92 26 23 99 73 20 62 10 90 78 79 95 40 98 9 71 10 51 
3 11 53 62 3 22 14 19 25 63 61 79 84 24 87 50 81 1 60 48 98 29 33 59 31 21 37 1 30 40 74 25 20 53 27 5 57 32 76 43 
29 91 71 93 90 76 99 77 97 90 4 19 82 80 4 1 18 76 53 98 72 38 24 9 14 16 44 30 84 65 58 10 45 6 69 53 65 39 98 50 
98 70 51 73 50 95 45 61 5 73 28 73 21 45 94 79 8 96 32 72 51 67 89 61 56 38 88 49 15 93 99 14 23 16 44 43 50 75 64 57 
13 94 46 80 24 48 42 4 62 45 67 77 50 20 46 12 86 17 19 77 38 55 28 92 22 19 93 10 14 79 51 13 93 15 14 30 33 51 58 72 
41 69 11 60 75 92 87 61 41 26 68 99 57 68 19 67 91 66 55 43 84 85 63 66 41 22 4 77 96 34 41 64 88 95 28 79 82 65 40 87 
76 86 86 42 40 26 92 45 28 32 23 81 22 40 31 79 43 46 6 42 89 1 86 83 8 88 51 50 17 3 93 87 93 3 28 8 96 91 17 27 
77 11 37 44 46 23 42 35 66 64 46 93 81 8 52 33 74 69 46 90 55 38 16 67 63 67 3 41 54 27 3 74 38 13 56 23 35 76 94 9 
26 78 47 96 60 31 74 59 76 44 90 9 44 84 53 56 47 72 31 54 44 28 31 67 90 59 88 77 41 74 67 10 15 4 63 75 78 69 77 13 
35 22 31 59 5 43 64 39 56 46 59 49 42 55 73 37 27 84 92 15 10 67 59 9 58 94 25 50 75 82 84 21 51 73 27 91 92 97 40 53 
61 36 43 46 33 57 98 54 60 32 88 17 89 24 88 84 82 3 55 57 37 52 88 40 28 96 35 84 52 85 35 8 76 93 25 23 95 1 23 75 
76 4 55 60 37 18 48 22 51 61 73 54 58 82 97 67 24 21 30 88 30 46 46 76 86 13 61 79 83 31 69 71 53 87 39 52 86 39 59 6 
85 20 50 13 86 92 29 82 83 95 82 77 77 5 4 20 49 39 85 90 22 6 46 73 49 72 94 31 3 58 35 51 65 95 74 56 84 65 62 49 
9 86 24 76 77 43 70 72 6 29 33 63 99 89 39 27 43 24 41 83 49 65 85 40 7 3 6 43 72 69 66 90 96 48 98 15 66 75 41 38 
11 95 79 3 31 76 99 63 84 13 5 43 30 82 50 29 17 33 93 99 70 10 59 63 60 47 69 69 87 32 90 99 56 71 26 36 39 47 97 12 
77 28 19 25 90 87 91 29 10 41 52 68 13 23 82 32 43 67 63 90 25 43 14 2 7 90 94 45 2 68 26 16 47 12 77 42 77 97 75 44 
17 79 17 39 40 55 48 79 63 22 54 49 71 39 66 53 70 18 53 7 37 30 25 97 43 12 66 24 61 6 21 4 11 78 64 30 7 49 97 50 
99 47 76 4 72 70 73 40 98 63 9 86 77 80 57 38 54 78 67 11 89 68 80 51 21 57 34 70 74 34 74 72 33 54 71 73 39 26 65 21 
67 49 60 92 48 62 68 38 33 88 50 28 91 24 40 14 5 14 23 65 66 45 40 41 24 77 20 26 92 93 88 9 58 20 59 20 51 48 69 49 
83 26 6 53 54 50 47 9 14 26 31 32 24 57 94 34 8 63 96 53 6 89 14 23 47 21 67 15 90 9 13 67 90 35 85 10 24 66 94 72 