39 30
13 84 62 13 54 59 5 35 39 97 8 93 53 91 16 68 81 82 34 6 98 72 29 46 55 70 72 82 59 3 14 50 43 17 1 85 14 56 89 
99 26 73 37 48 5 54 88 42 7 88 97 18 8 8 1 17 45 56 54 63 27 28 44 44 61 55 17 98 8 13 9 21 91 84 73 74 22 25 
72 41 33 25 12 27 86 96 61 40 81 27 82 89 25 60 31 48 13 3 72 45 77 77 97 1 56 7 92 42 48 26 75 1 63 90 46 19 4 
32 66 4 23 81 39 29 18 86 56 69 13 36 54 96 29 40 55 96 34 35 74 42 98 85 54 64 76 5 93 38 22 22 64 96 21 62 22 11 
47 46 37 29 68 8 27 35 34 12 88 29 16 33 20 37 11 93 61 93 71 42 50 83 6 95 20 51 59 31 81 59 52 64 91 25 90 45 45 
60 14 65 22 90 10 87 17 94 57 65 71 52 1 27 12 11 3 53 29 37 25 29 15 32 21 19 72 89 56 67 17 26 12 94 16 1 9 10 
99 62 21 38 12 52 46 59 23 34 72 1 40 89 92 78 42 47 78 15 48 50 56 30 16 17 96 65 33 57 40 93 49 62 23 6 92 4 25 
65 76 61 94 54 6 68 36 17 48 86 13 3 65 48 17 28 93 93 21 94 83 58 41 78 3 77 9 22 90 26 24 14 12 68 36 77 8 46 
4 33 94 75 34 51 51 54 94 95 64 12 82 18 90 35 97 39 31 8 5 2 53 40 55 14 30 97 81 25 63 78 14 74 83 64 37 58 18 
79 94 32 73 93 92 48 80 11 49 68 48 33 27 20 25 60 45 11 95 54 93 36 8 60 30 48 91 3 46 61 59 53 80 15 99 74 33 87 
15 62 13 96 76 49 14 63 62 76 51 85 45 50 75 59 13 36 28 59 95 77 92 66 56 59 69 30 80 16 19 91 82 54 9 80 92 74 28 
52 1 7 25 29 3 77 18 32 63 59 89 49 54 26 25 19 90 77 93 98 28 76 61 98 64 44 36 44 80 55 76 23 19 40 31 16 80 9 
14 52 66 46 92 68 9 70 82 61 5 40 3 92 51 57 31 90 37 81 28 4 3 45 26 1 3 96 30 61 77 62 71 28 98 88 29 11 58 
75 92 13 49 16 10 58 68 89 16 96 25 32 9 52 81 30 31 75 2 65 78 48 69 50 34 4 73 13 90 65 65 91 63 32 13 57 64 93 
15 35 88 86 37 93 41 77 11 89 2 52 73 54 54 78 92 20 50 49 45 40 3 4 41 69 21 59 18 2 36 90 67 35 27 38 10 8 44 
46 84 92 9 22 47 63 83 47 51 38 19 90 7 29 72 66 67 10 28 15 57 78 88 63 54 46 14 95 3 63 57 51 20 55 4 44 18 33 
77 10 49 3 12 65 77 73 38 15 7 66 22 61 68 59 4 97 60 53 47 12 46 23 63 82 75 50 86 58 97 16 77 47 77 87 59 20 48 
33 64 64 44 1 77 98 23 70 59 24 8 99 37 82 22 45 28 20 40 88 59 31 94 98 86 37 49 61 15 31 26 1 76 1 43 40 48 70 
67 82 3 33 34 37 4 6 7 22 13 52 29 99 49 35 52 70 27 79 94 55 4 42 98 28 27 52 93 23 9 20 18 24 10 64 41 2 41 
50 59 47 71 28 93 24 22 54 79 42 68 37 52 29 38 71 16 34 92 6 35 95 73 91 89 83 1 47 78 7 74 8 82 42 2 47 90 24 
12 70 80 62 61 92 47 98 7 59 56 61 4 83 12 8 78 85 97 37 70 80 77 22 46 30 33 56 91 67 18 29 15 40 25 7 37 92 21 
83 60 71 92 3 68 28 97 96 55 60 7 60 42 84 41 38 55 84 61 24 43 28 36 65 25 22 7 95 88 59 91 3 79 71 24 98 20 60 
45 34 49 82 20 44 14 34 55 20 9 8 2 39 16 88 10 62 17 77 45 8 23 10 41 11 13 87 21 5 90 17 14 83 35 31 23 90 76 
57 13 98 35 10 48 51 71 50 47 89 50 59 71 94 81 6 18 96 6 34 78 34 77 72 18 72 39 14 29 56 13 60 7 19 27 42 95 73 
52 73 50 17 75 58 89 33 33 39 73 61 33 69 60 7 19 3 66 57 48 52 40 79 84 80 62 68 37 42 19 13 78 12 41 40 9 9 97 
58 63 99 43 53 51 25 81 16 81 9 80 87 80 11 42 52 56 23 17 45 96 62 13 38 93 28 20 16 98 39 99 70 26 28 71 8 75 69 
26 75 36 90 1 6 99 34 31 40 43 19 22 17 6 83 93 47 18 17 24 69 36 76 22 81 8 74 60 83 70 72 19 62 97 77 86 6 68 
97 34 46 26 41 82 70 53 19 9 80 81 30 41 92 59 72 63 22 86 60 3 91 9 72 14 87 41 32 70 84 46 83 79 80 17 82 88 10 
76 30 90 24 68 99 19 18 87 73 82 4 21 85 74 23 80 56 35 50 21 5 95 38 12 9 12 92 46 50 23 26 78 90 9 10 22 38 23 
14 72 45 6 17 17 8 45 37 24 85 61 44 77 54 68 85 78 89 9 77 99 85 40 28 23 64 10 10 54 60 87 37 51 25 70 85 50 89 