18 30
57 75 35 81 13 95 25 16 12 37 1 89 48 59 88 82 75 15 
48 34 35 37 37 24 70 97 65 12 4 32 61 60 54 84 20 24 
28 72 45 90 42 97 93 31 7 43 74 73 61 40 82 59 13 11 
35 46 51 52 14 17 40 2 17 82 10 83 29 77 78 75 39 83 
66 15 18 45 69 3 21 71 76 25 17 7 25 78 92 11 67 93 
21 1 66 42 96 23 21 51 34 13 18 51 80 41 37 62 54 14 
83 28 33 78 19 34 21 51 18 12 21 80 6 10 71 24 99 93 
83 5 71 5 93 54 76 86 12 35 26 15 57 62 49 95 91 27 
59 20 80 11 41 51 31 35 6 81 57 14 42 31 95 62 60 63 
59 28 30 12 24 96 20 47 78 40 77 90 28 75 72 70 53 47 
76 19 47 43 62 86 68 93 52 53 88 51 26 64 8 34 11 3 
96 60 33 76 14 17 81 2 10 8 63 80 70 29 73 54 93 66 
16 3 35 66 19 89 70 31 77 71 79 75 67 83 57 60 59 58 
31 90 82 42 18 45 83 58 67 45 95 58 64 90 19 4 93 68 
91 45 78 70 33 20 11 25 85 1 20 16 70 92 32 24 16 62 
75 30 18 84 51 19 52 87 30 99 67 59 89 78 81 72 23 20 
60 62 59 78 54 18 45 20 10 25 76 34 66 29 95 39 55 90 
98 36 48 57 86 56 46 63 87 24 70 70 19 13 73 91 13 38 
47 9 63 49 31 97 68 55 52 84 74 36 74 51 71 49 82 26 
21 2 69 74 77 29 25 6 90 3 93 53 58 41 85 33 47 27 
25 40 32 69 55 93 55 99 24 81 9 91 29 13 94 14 85 87 
9 76 95 41 27 97 91 94 30 77 17 39 41 19 37 22 40 11 
41 51 45 98 64 65 99 94 61 65 83 30 63 49 74 3 50 80 
10 35 47 27 22 29 48 79 27 33 25 2 54 54 92 85 33 52 
98 74 22 27 91 88 20 67 68 95 96 92 86 4 17 12 83 83 
47 98 88 33 54 8 42 12 45 69 1 49 38 7 68 13 4 19 
85 34 18 64 6 24 94 93 93 10 99 29 30 64 61 76 2 59 
68 2 39 46 42 76 44 86 56 38 27 76 62 33 31 86 9 41 
39 32 54 69 84 47 18 43 55 86 57 76 90 24 13 64 89 75 
33 4 99 47 16 58 18 23 64 2 90 95 42 42 22 31 11 42 