5 104
31 66 21 36 95 
78 64 37 89 98 
52 98 60 99 6 
80 19 11 52 31 
49 13 75 2 8 
31 54 54 94 76 
97 6 85 69 4 
26 20 15 79 85 
49 35 23 97 10 
66 84 62 78 20 
43 45 33 42 26 
21 74 11 10 55 
72 33 76 60 84 
34 24 22 76 87 
70 43 14 51 35 
64 57 47 17 96 
65 19 23 36 44 
52 83 12 2 64 
84 88 85 65 60 
46 58 48 77 51 
69 10 2 5 80 
38 80 66 22 76 
48 15 23 43 7 
15 71 43 60 74 
98 80 22 32 60 
90 3 34 8 40 
47 84 68 21 50 
49 74 49 11 89 
37 90 60 47 6 
43 65 98 64 30 
26 49 51 11 78 
77 37 59 26 81 
57 70 30 97 53 
34 48 90 13 56 
17 83 37 31 65 
71 53 83 85 99 
96 60 35 78 50 
76 46 57 22 48 
47 6 9 60 48 
37 38 6 24 53 
67 18 38 79 72 
32 34 60 7 40 
64 80 1 38 12 
30 68 96 19 48 
6 92 77 4 65 
56 69 6 38 4 
12 60 82 61 46 
10 74 97 49 92 
25 7 30 82 81 
53 27 69 85 88 
65 10 23 48 60 
17 49 38 31 16 
55 18 70 45 86 
39 79 3 54 14 
28 13 23 15 11 
87 29 66 17 27 
32 33 13 34 71 
91 62 96 27 15 
78 85 14 14 68 
22 3 27 40 13 
38 62 3 4 12 
78 46 41 78 13 
1 19 75 98 41 
10 20 72 13 29 
96 29 31 82 83 
48 90 7 7 98 
97 78 62 34 77 
18 96 55 15 61 
75 56 86 1 80 
10 58 41 92 81 
84 31 8 8 61 
47 81 70 17 64 
58 15 17 42 46 
54 23 32 9 50 
73 1 12 53 44 
25 65 41 66 11 
31 94 20 62 19 
12 93 17 46 35 
41 73 37 34 10 
42 67 17 7 44 
7 24 47 64 1 
22 90 25 83 86 
58 39 91 28 35 
25 61 48 56 81 
97 85 67 62 57 
82 3 58 32 70 
91 54 72 53 94 
47 83 56 40 82 
40 78 39 29 34 
91 28 39 89 81 
92 65 32 12 8 
13 43 27 23 46 
22 67 50 73 32 
13 76 69 81 82 
23 72 7 47 61 
93 6 65 90 19 
79 10 78 13 18 
37 53 76 75 34 
57 44 62 18 38 
70 22 4 50 67 
46 20 92 94 94 
61 70 75 80 78 
38 26 27 81 69 
47 96 82 10 34 