5 136
66 83 50 13 98 
65 24 62 37 94 
62 31 35 42 76 
45 84 52 22 89 
80 48 28 1 84 
61 79 59 79 76 
87 43 68 61 87 
91 73 85 69 73 
96 14 97 79 72 
86 22 95 37 73 
29 89 75 65 51 
51 18 23 95 43 
24 68 23 43 56 
99 67 76 39 71 
29 20 73 83 23 
54 7 69 92 31 
3 62 79 86 96 
68 53 55 86 99 
36 84 43 11 44 
87 49 22 98 19 
12 88 58 18 29 
73 75 86 62 27 
36 41 23 21 72 
48 47 20 20 56 
74 57 10 84 87 
35 90 42 65 19 
35 66 56 86 51 
22 17 86 32 3 
75 31 37 81 88 
77 82 80 18 77 
29 54 34 98 54 
27 13 33 99 18 
95 32 32 26 67 
73 7 21 69 63 
97 5 84 29 2 
17 30 27 24 50 
27 13 90 48 67 
30 87 31 35 67 
40 4 55 93 62 
45 86 45 81 42 
47 45 9 43 69 
62 86 59 3 43 
54 45 66 24 89 
95 98 5 33 14 
47 28 81 69 32 
38 83 42 96 22 
51 5 91 51 39 
4 30 59 49 87 
45 57 17 56 73 
58 91 63 6 77 
90 59 45 4 85 
78 58 47 67 4 
40 35 33 9 17 
8 67 81 43 22 
87 83 96 57 68 
26 32 88 36 84 
89 41 60 70 26 
59 11 24 42 61 
77 78 92 73 80 
80 45 41 17 68 
31 63 40 22 89 
39 6 79 93 2 
32 47 59 53 35 
41 14 95 84 59 
14 27 48 26 27 
16 60 75 64 17 
25 99 79 12 25 
66 53 59 64 92 
15 67 60 30 16 
82 28 25 48 36 
70 17 52 8 97 
33 62 49 84 99 
93 62 44 61 14 
4 76 88 27 93 
89 19 50 2 6 
17 1 22 99 49 
84 83 81 20 83 
27 48 61 34 16 
83 79 30 26 87 
3 60 66 72 32 
24 71 6 70 98 
67 32 55 10 24 
50 94 47 36 50 
94 97 22 86 20 
98 39 71 87 68 
64 69 36 50 28 
46 75 48 21 56 
70 33 95 46 45 
78 4 4 51 95 
32 49 93 16 29 
30 78 78 83 64 
66 79 83 16 56 
5 63 45 57 51 
27 40 73 86 22 
68 59 50 72 77 
79 28 68 61 71 
59 59 95 67 89 
41 65 90 22 15 
16 7 1 61 72 
3 3 41 75 59 
72 23 88 20 51 
36 45 30 52 70 
88 14 62 56 60 
21 73 35 60 41 
79 63 53 34 19 
35 83 72 17 34 
43 75 69 74 33 
50 98 53 21 68 
95 47 57 88 22 
59 36 10 81 12 
9 42 39 37 70 
4 44 90 43 9 
59 17 5 35 41 
95 74 13 70 80 
33 5 72 64 70 
45 48 93 64 21 
76 63 90 24 56 
95 30 39 28 49 
56 96 15 72 3 
77 18 72 56 74 
91 38 68 92 90 
7 6 25 54 97 
36 28 32 87 52 
2 12 5 56 1 
43 73 49 96 63 
29 6 20 40 50 
16 94 86 51 82 
83 27 86 32 17 
43 73 98 90 50 
99 76 72 23 63 
31 42 96 96 65 
43 52 66 73 14 
94 30 41 87 67 
42 81 79 69 20 
70 51 14 66 98 
67 62 71 34 92 