5 223
62 9 76 33 40 
59 32 45 34 92 
83 44 7 96 75 
43 2 57 23 66 
19 20 75 96 52 
25 53 79 42 78 
51 65 28 65 48 
67 95 86 1 89 
23 71 81 47 6 
26 89 5 35 63 
42 49 62 51 48 
43 78 26 25 48 
99 16 94 48 48 
94 68 87 70 45 
40 73 16 29 1 
79 84 25 95 72 
76 19 85 57 80 
19 10 27 90 59 
7 64 24 58 71 
93 56 52 32 75 
17 31 89 1 67 
27 44 65 34 28 
21 86 88 3 36 
75 8 80 76 94 
14 20 24 12 52 
59 34 26 52 99 
28 40 83 85 1 
97 94 10 69 30 
57 37 56 78 52 
66 8 69 40 84 
28 77 38 47 69 
9 27 11 41 22 
13 23 69 51 75 
36 35 12 23 30 
57 91 84 98 80 
52 31 82 18 78 
4 42 1 34 64 
46 34 60 76 7 
76 66 4 49 73 
73 92 90 49 90 
93 42 29 23 10 
40 54 1 54 66 
81 39 69 8 39 
12 53 39 66 96 
50 6 96 86 34 
20 72 45 86 5 
82 37 49 28 68 
32 38 74 58 85 
38 41 62 5 20 
79 87 21 43 47 
65 44 78 69 67 
70 56 95 53 35 
69 86 70 30 63 
73 19 56 85 32 
20 83 30 50 23 
92 84 98 43 67 
80 77 5 3 97 
27 74 98 94 92 
78 23 53 63 86 
95 42 57 52 6 
54 42 54 44 97 
15 89 79 99 71 
77 74 95 67 68 
35 44 19 39 95 
66 67 41 81 9 
36 72 55 82 79 
52 82 12 92 73 
42 9 38 3 38 
42 10 41 18 45 
68 28 20 31 81 
70 48 97 37 93 
87 15 25 26 48 
51 37 69 92 83 
95 28 64 78 50 
37 7 91 74 79 
73 45 69 65 8 
62 84 21 46 62 
57 61 11 84 2 
46 76 78 8 84 
86 81 80 75 55 
44 96 39 96 86 
40 6 90 2 37 
62 42 37 77 74 
40 56 23 75 46 
46 8 69 98 45 
32 28 71 87 24 
39 9 21 17 80 
27 98 7 74 22 
63 15 64 85 89 
17 37 50 75 8 
50 49 56 16 93 
75 87 1 12 59 
72 73 33 31 39 
82 60 73 12 16 
1 49 83 87 89 
60 88 13 16 74 
86 38 40 95 76 
17 80 7 22 8 
13 19 58 9 54 
36 95 84 10 49 
85 67 97 82 21 
10 34 31 99 30 
51 97 73 62 65 
28 24 17 92 31 
51 59 57 8 79 
74 14 50 46 10 
61 39 80 12 63 
5 97 31 67 9 
67 19 34 11 10 
1 52 42 82 93 
14 93 64 66 78 
34 27 6 99 83 
3 5 85 27 4 
46 33 59 35 90 
20 95 38 16 15 
38 45 10 36 23 
28 53 75 5 28 
74 82 90 10 58 
54 52 91 43 19 
88 67 39 9 27 
9 51 24 70 37 
58 28 32 15 92 
73 11 32 6 65 
59 3 65 26 59 
20 4 97 86 44 
41 11 58 55 99 
22 71 12 35 88 
85 68 53 28 11 
42 60 61 11 11 
3 91 55 85 81 
33 75 41 28 37 
14 56 72 36 17 
85 2 79 24 81 
64 97 10 88 42 
76 57 81 25 62 
36 28 79 24 18 
14 70 55 42 7 
54 51 70 32 44 
43 20 75 90 85 
11 26 1 76 34 
29 5 36 96 96 
44 9 52 70 71 
72 78 88 33 27 
41 16 65 1 42 
29 39 88 16 31 
19 85 97 24 55 
9 55 75 2 88 
89 89 68 81 19 
9 31 11 17 68 
45 73 42 43 31 
88 36 97 12 43 
10 79 44 75 30 
23 90 77 34 20 
25 99 80 62 7 
58 88 28 51 34 
58 11 81 39 94 
39 98 16 85 50 
96 30 29 15 88 
82 8 64 30 74 
24 50 77 48 78 
7 88 41 14 52 
54 59 65 34 93 
12 20 94 90 41 
39 71 60 17 10 
57 54 16 13 71 
51 20 85 85 90 
97 98 20 96 70 
53 51 91 36 76 
13 46 10 14 76 
45 61 38 54 94 
64 52 64 34 70 
44 40 44 76 50 
80 5 40 50 20 
47 43 97 19 30 
53 71 53 30 68 
43 54 88 77 92 
48 31 28 37 84 
35 65 85 17 34 
68 5 57 59 65 
86 60 60 59 59 
61 43 86 29 39 
28 33 85 57 8 
34 59 76 86 69 
15 4 8 37 1 
25 33 25 35 74 
90 68 91 3 44 
46 72 17 67 74 
11 25 6 45 58 
52 51 1 55 50 
53 84 66 41 28 
28 48 74 45 66 
95 56 87 76 29 
40 48 86 9 65 
57 57 50 5 97 
61 34 17 2 11 
66 3 8 95 21 
43 56 48 85 14 
97 80 59 50 63 
70 38 4 52 75 
51 88 80 40 35 
84 29 4 18 47 
34 77 40 38 6 
81 64 13 14 58 
78 31 84 90 41 
71 14 48 70 42 
35 18 16 79 5 
20 31 78 6 43 
77 86 87 74 20 
67 22 37 19 29 
2 79 99 60 19 
72 19 44 46 6 
18 13 42 85 97 
6 11 40 75 41 
33 7 56 54 90 
98 6 19 29 99 
10 35 62 96 65 
98 78 69 5 51 
14 78 23 56 16 
35 30 71 29 58 
28 41 17 7 33 
34 56 9 59 4 
50 27 17 45 85 
43 15 33 23 32 