5 349
18 43 44 56 72 
48 26 90 70 31 
25 63 76 19 65 
79 39 96 10 92 
25 27 7 66 46 
35 78 85 54 36 
83 72 27 8 44 
54 99 69 14 40 
44 73 1 83 57 
37 66 95 13 88 
76 7 28 84 34 
33 51 79 28 38 
76 69 2 31 45 
82 9 14 70 71 
10 15 33 54 22 
14 20 13 18 46 
52 47 67 31 16 
53 69 93 55 87 
9 62 56 61 69 
44 88 85 85 80 
4 38 93 75 25 
45 44 21 25 9 
13 60 53 71 26 
59 45 84 2 94 
36 51 73 35 60 
10 18 80 6 93 
1 18 6 64 81 
72 84 62 87 92 
55 98 46 49 4 
39 13 82 37 93 
64 45 84 28 80 
87 29 18 12 1 
3 57 99 33 56 
75 21 87 55 93 
87 67 71 23 31 
77 30 42 9 19 
14 64 58 27 94 
97 71 45 21 92 
51 54 52 7 94 
66 50 35 50 70 
52 51 38 74 88 
69 14 47 16 92 
51 71 10 33 92 
7 15 33 7 75 
33 77 57 90 95 
78 35 2 27 17 
61 73 78 77 55 
45 83 57 60 12 
27 72 28 86 12 
85 3 74 79 15 
55 5 74 5 67 
48 6 4 95 76 
64 20 8 40 14 
5 13 67 84 24 
35 84 64 60 45 
5 69 78 19 8 
56 16 63 14 51 
27 35 75 98 92 
7 35 23 64 46 
38 92 14 61 83 
21 84 52 9 77 
98 40 18 43 55 
65 60 21 29 33 
2 82 26 26 7 
35 31 74 84 47 
27 23 1 44 1 
73 30 4 10 8 
69 27 31 37 31 
70 27 73 34 78 
8 54 1 14 96 
17 27 56 66 84 
20 80 6 13 70 
24 7 28 33 38 
66 53 55 42 37 
40 11 29 79 62 
12 73 71 70 19 
20 88 53 46 15 
73 72 99 2 22 
55 92 55 61 87 
74 95 90 22 68 
33 41 92 99 28 
80 84 74 65 41 
17 3 59 4 78 
44 48 43 25 88 
87 50 52 47 1 
10 52 94 86 25 
16 6 32 17 78 
53 71 44 31 5 
83 33 42 48 51 
53 95 83 2 23 
29 20 99 69 71 
16 62 24 54 92 
78 68 70 53 89 
94 87 80 29 61 
94 86 96 24 39 
93 39 25 87 55 
6 5 50 99 67 
90 93 44 81 7 
63 92 18 49 48 
55 64 75 30 71 
35 7 72 36 90 
52 9 91 51 95 
98 80 68 77 54 
90 81 50 57 27 
69 23 29 95 38 
22 45 51 55 15 
52 60 10 91 50 
34 47 79 27 57 
96 17 44 32 10 
17 27 53 67 65 
17 59 86 63 95 
29 60 20 68 58 
34 73 76 94 31 
57 57 26 54 19 
11 4 95 92 20 
12 69 20 34 39 
81 53 70 76 68 
89 54 78 1 68 
73 24 40 16 46 
32 13 44 92 26 
19 44 53 14 40 
47 55 50 16 31 
51 79 17 95 71 
5 38 11 91 90 
61 93 64 55 22 
51 90 68 1 81 
10 12 25 4 29 
68 30 14 75 29 
4 92 98 84 21 
98 72 36 32 5 
83 36 62 19 62 
98 94 93 83 58 
85 96 57 37 92 
46 9 38 46 50 
20 83 23 13 22 
99 51 26 91 2 
13 32 3 60 9 
38 39 57 17 76 
16 47 74 9 73 
98 32 76 24 85 
16 27 96 31 58 
50 46 80 11 39 
92 99 94 48 54 
94 2 17 74 94 
24 57 35 11 5 
41 98 29 32 19 
57 44 57 20 3 
14 33 61 15 3 
99 3 13 21 93 
18 10 86 45 67 
82 6 76 26 51 
11 38 67 64 70 
4 17 77 2 98 
6 22 17 42 93 
87 42 68 26 24 
32 71 10 88 78 
63 25 9 57 78 
44 44 37 32 88 
67 51 98 74 32 
78 93 53 27 4 
14 56 5 15 15 
41 11 94 26 13 
69 35 4 84 27 
21 56 99 84 94 
36 35 10 42 63 
50 64 97 94 77 
52 70 24 22 44 
48 64 74 34 10 
44 36 22 44 71 
65 69 25 91 90 
48 25 75 80 53 
88 14 71 36 87 
73 9 18 20 41 
57 15 48 53 98 
24 69 74 42 92 
59 83 73 58 85 
9 64 6 9 94 
47 90 7 18 57 
75 95 25 60 19 
14 28 46 73 81 
95 50 68 52 76 
71 76 38 83 38 
69 92 55 64 95 
97 34 31 74 9 
28 37 69 26 73 
59 1 6 84 77 
57 99 82 45 1 
71 87 63 2 36 
48 3 50 42 73 
62 74 12 11 72 
11 98 56 47 31 
47 45 75 93 46 
85 89 63 83 38 
83 9 61 9 90 
15 26 62 77 46 
89 96 55 31 64 
3 99 33 41 21 
61 59 22 48 45 
80 61 37 72 14 
63 63 67 11 24 
17 95 42 51 7 
31 53 14 34 36 
32 81 88 75 62 
11 81 19 57 83 
87 96 46 78 93 
50 89 16 67 64 
98 47 8 3 8 
84 79 22 88 59 
62 71 91 53 14 
78 39 58 11 55 
47 61 32 36 92 
67 89 9 61 14 
3 40 87 44 12 
3 76 20 58 24 
86 95 44 50 66 
18 88 79 70 9 
6 42 73 99 52 
17 85 34 11 26 
3 90 63 93 54 
89 44 23 70 51 
39 75 24 62 40 
94 73 66 33 30 
36 8 32 33 32 
39 48 1 1 40 
38 9 99 27 68 
30 91 44 20 78 
3 11 88 38 63 
42 45 95 98 29 
36 15 45 41 78 
93 90 67 25 64 
46 70 97 2 11 
80 20 86 3 33 
46 99 10 42 59 
39 23 10 81 83 
57 55 20 80 74 
2 30 30 40 78 
89 97 30 17 31 
15 55 83 21 53 
7 1 29 80 97 
73 9 13 34 88 
28 62 75 40 5 
69 49 76 57 60 
4 29 82 94 52 
70 17 61 47 31 
55 7 13 94 41 
36 27 4 31 56 
31 23 93 10 27 
56 8 55 46 31 
54 62 46 18 99 
63 39 76 83 32 
6 49 84 19 93 
86 94 95 37 6 
43 66 29 76 90 
76 76 32 6 77 
34 79 50 31 94 
49 14 5 57 74 
6 86 36 52 55 
43 71 38 42 25 
45 26 6 62 18 
24 67 42 23 77 
2 23 70 60 47 
70 70 38 28 6 
24 60 50 81 90 
57 82 23 22 69 
21 74 17 77 8 
72 74 30 55 13 
32 32 76 3 1 
4 62 38 98 26 
45 37 65 9 41 
6 49 85 72 36 
83 54 27 4 76 
8 20 93 42 12 
52 17 1 2 32 
24 72 7 27 71 
29 71 66 31 73 
40 81 82 80 32 
15 77 60 16 77 
70 6 14 81 47 
41 77 5 89 12 
66 59 63 61 67 
65 22 55 71 62 
65 1 35 12 19 
79 81 10 56 75 
82 47 68 94 17 
9 98 56 48 14 
17 95 95 87 1 
42 87 32 30 90 
99 32 54 57 73 
97 27 30 89 27 
80 52 66 17 87 
31 24 72 86 13 
17 39 96 66 62 
20 20 53 59 91 
80 9 13 18 22 
52 9 60 60 91 
45 62 21 54 60 
89 30 66 14 94 
73 21 16 86 53 
32 29 21 12 97 
63 82 30 80 39 
45 48 94 81 38 
48 60 40 55 69 
12 66 83 55 62 
56 1 80 25 44 
66 54 28 27 23 
42 10 86 48 70 
3 30 75 60 95 
28 51 8 76 33 
45 30 47 92 25 
23 58 76 37 49 
38 65 61 80 65 
24 22 40 83 3 
85 76 89 43 99 
43 46 99 80 53 
58 68 1 90 3 
12 7 39 75 66 
89 56 32 19 4 
9 92 20 74 29 
2 25 29 21 83 
10 9 18 32 37 
87 96 92 4 37 
38 71 22 71 79 
18 23 39 43 40 
87 30 98 56 2 
63 84 7 24 9 
34 80 31 36 58 
33 94 44 93 11 
54 70 39 23 32 
52 35 98 55 86 
59 36 70 3 11 
5 80 13 67 70 
34 69 29 57 99 
73 71 29 74 97 
76 37 22 53 67 
28 7 31 23 60 
74 84 29 6 41 
80 84 44 95 74 
10 8 15 1 17 
63 74 98 57 4 
43 82 54 95 64 
58 31 7 52 88 
53 61 96 54 6 
43 12 56 21 86 
20 62 59 44 42 
45 92 25 33 60 
38 88 24 5 75 
76 65 98 51 63 
77 5 77 16 18 
32 48 6 95 43 