5 43
27 49 41 82 59 
87 54 10 72 18 
77 6 32 19 87 
52 45 12 57 53 
70 85 94 29 82 
46 75 68 84 76 
59 16 62 93 51 
10 14 39 83 35 
38 42 57 76 86 
11 70 72 2 88 
7 28 89 56 35 
37 50 88 91 74 
7 87 39 41 62 
46 19 72 76 74 
75 36 69 83 78 
5 92 8 18 80 
77 74 31 8 17 
79 19 97 33 59 
93 14 10 63 60 
4 72 71 73 26 
99 37 28 93 14 
28 60 29 34 46 
99 75 11 44 51 
10 28 23 56 7 
15 33 16 84 11 
34 30 24 77 34 
38 34 22 62 64 
65 50 12 97 65 
1 71 68 48 95 
89 58 96 19 1 
43 49 67 23 34 
52 20 29 67 32 
22 28 99 38 69 
78 46 15 73 41 
65 24 32 99 52 
6 26 53 28 63 
57 41 81 75 71 
22 53 37 51 44 
15 67 66 51 40 
83 15 14 9 41 
81 80 88 10 67 
44 99 50 50 93 
42 27 65 60 87 