5 458
67 6 54 83 79 
62 38 51 65 14 
10 22 27 4 57 
89 27 65 13 25 
76 21 21 85 53 
38 79 61 64 90 
92 63 23 95 96 
49 23 9 89 48 
83 32 59 98 30 
51 35 43 1 10 
79 98 63 76 19 
81 66 24 96 86 
81 16 34 19 54 
69 51 65 14 95 
20 21 4 20 58 
61 59 75 97 90 
96 49 20 33 15 
95 84 19 35 80 
45 74 52 81 65 
12 42 75 43 3 
7 8 97 51 28 
94 4 14 66 34 
24 31 38 37 51 
66 74 39 32 54 
84 23 60 86 51 
58 78 14 44 27 
82 55 95 65 61 
42 6 33 26 83 
58 80 66 23 75 
22 71 7 47 13 
28 9 18 93 14 
47 38 53 91 22 
78 16 42 53 92 
6 54 92 8 58 
64 91 23 55 91 
83 11 39 62 4 
5 76 56 97 72 
41 6 22 58 12 
69 90 37 96 7 
66 85 93 26 4 
58 40 66 57 99 
49 88 79 49 79 
26 29 9 65 53 
38 52 7 73 91 
21 45 26 23 37 
32 57 29 92 3 
23 76 50 80 8 
12 28 55 37 45 
49 12 32 53 14 
17 38 4 80 30 
58 99 68 67 25 
91 42 32 87 68 
5 81 80 38 10 
40 56 84 79 98 
28 60 30 60 66 
58 22 42 14 59 
42 33 71 44 31 
41 11 27 86 33 
18 24 63 46 19 
63 32 37 53 19 
54 65 67 93 58 
38 50 44 59 15 
41 89 69 70 78 
83 90 39 87 49 
13 11 63 84 61 
41 47 7 63 11 
71 79 31 65 60 
24 78 50 73 90 
13 18 75 84 15 
49 46 93 32 92 
86 53 47 91 98 
81 60 17 1 91 
18 44 3 18 82 
15 4 56 70 15 
37 78 21 77 5 
18 36 56 32 56 
47 7 90 51 74 
85 76 13 87 4 
74 49 87 24 39 
69 23 37 46 47 
47 40 7 79 32 
35 70 34 16 37 
4 45 12 18 58 
33 88 9 41 21 
87 74 70 3 98 
23 9 37 34 64 
41 88 14 2 33 
25 80 1 19 88 
44 32 22 8 33 
79 14 51 43 60 
49 58 59 87 74 
69 58 73 54 1 
57 7 98 32 93 
72 10 88 15 57 
11 95 21 39 93 
85 54 20 57 35 
69 90 11 91 75 
84 2 27 19 1 
64 54 31 27 37 
7 9 57 2 52 
69 64 21 96 21 
13 42 29 93 4 
10 82 69 43 23 
66 61 47 62 10 
20 33 22 10 99 
1 66 30 92 49 
53 12 16 92 63 
25 17 75 48 47 
7 13 36 98 88 
97 95 31 66 41 
54 83 85 10 50 
99 39 8 86 67 
15 28 34 67 91 
55 25 67 53 84 
8 84 67 45 93 
59 41 61 66 61 
90 17 32 67 35 
1 51 21 48 28 
14 38 62 45 69 
6 26 20 2 5 
94 26 75 51 99 
20 9 48 45 42 
54 81 13 38 79 
83 28 57 3 27 
45 81 51 94 73 
6 57 58 49 48 
70 33 3 32 18 
17 68 45 82 15 
88 90 65 15 25 
19 61 30 65 91 
23 53 31 16 84 
43 84 1 64 39 
12 94 38 31 85 
32 93 50 63 96 
91 35 72 59 34 
49 92 93 65 4 
73 48 26 96 1 
60 57 40 15 69 
11 42 27 84 59 
24 88 55 21 2 
73 7 77 32 65 
92 7 40 6 20 
23 50 50 65 49 
8 4 42 33 64 
85 66 37 96 56 
29 18 25 74 69 
20 88 7 33 93 
58 63 75 84 33 
51 24 42 50 71 
71 80 58 76 90 
65 47 26 62 97 
4 65 10 56 28 
1 94 11 50 5 
56 75 53 26 77 
98 45 31 51 82 
63 63 54 63 41 
43 7 94 63 7 
95 24 54 98 34 
10 76 83 34 82 
25 43 28 96 25 
15 90 38 91 2 
51 56 63 2 83 
62 29 28 41 43 
7 30 20 31 89 
78 22 98 36 8 
65 25 56 29 57 
98 39 19 74 23 
30 69 12 89 60 
81 86 19 10 86 
9 20 28 73 91 
33 66 70 22 45 
33 53 22 64 50 
17 19 78 10 87 
4 14 24 31 30 
80 61 18 80 23 
67 72 5 37 23 
68 38 31 64 62 
78 32 98 63 29 
30 4 25 73 90 
76 47 67 16 6 
59 81 73 4 7 
7 33 36 79 55 
13 48 62 92 80 
74 36 67 59 52 
77 11 23 93 39 
72 84 75 79 65 
94 89 40 41 65 
97 78 29 89 92 
90 81 15 39 53 
12 10 66 12 57 
62 31 19 29 8 
22 88 89 11 44 
24 52 4 13 81 
67 86 21 71 98 
97 5 75 39 68 
22 47 71 98 27 
46 39 9 16 38 
88 89 86 60 75 
32 16 44 23 39 
35 89 96 90 72 
23 45 72 83 50 
91 51 70 99 81 
20 68 83 43 84 
72 47 22 97 93 
47 81 96 76 38 
79 85 1 88 66 
83 10 71 78 16 
6 50 40 8 30 
61 6 88 57 42 
7 94 60 60 53 
65 12 24 40 15 
60 78 6 15 33 
83 53 69 65 23 
98 7 66 54 63 
80 91 47 42 93 
29 33 10 91 38 
46 13 81 94 58 
40 36 8 32 95 
27 50 53 12 2 
95 80 25 1 38 
67 38 84 7 40 
97 48 56 2 16 
85 92 57 63 47 
38 54 87 84 48 
47 34 9 55 96 
80 9 72 59 63 
22 5 31 27 59 
77 96 40 7 51 
27 53 61 5 33 
93 25 85 49 90 
67 8 27 91 56 
45 95 28 2 17 
46 98 3 18 81 
65 55 59 92 6 
31 73 72 38 67 
45 32 50 34 56 
68 79 16 6 51 
10 7 81 34 85 
6 51 60 16 88 
58 69 95 99 8 
15 46 89 72 17 
83 49 53 36 3 
16 89 44 41 76 
96 22 10 64 80 
86 83 78 14 76 
35 62 92 68 27 
56 2 77 13 23 
32 35 47 63 32 
24 89 96 37 59 
65 86 90 21 33 
95 36 74 20 7 
20 31 35 47 64 
66 53 22 95 54 
81 99 24 7 12 
74 32 94 34 97 
92 96 20 51 90 
38 16 27 76 18 
87 6 17 53 33 
12 55 85 62 47 
75 28 69 65 41 
78 98 48 69 61 
88 46 19 73 85 
43 6 43 93 81 
31 80 71 38 99 
18 22 16 91 34 
78 35 48 71 19 
97 45 30 27 42 
15 97 36 61 65 
27 96 76 47 8 
3 8 93 61 56 
84 16 96 62 83 
51 67 31 77 2 
16 81 66 41 9 
8 29 32 38 42 
32 24 32 9 12 
12 62 93 67 88 
64 12 58 12 69 
69 91 49 32 62 
60 43 90 37 92 
82 21 96 64 97 
49 91 46 88 44 
19 54 38 35 79 
79 7 64 83 19 
66 95 28 28 65 
39 87 41 61 89 
6 87 13 53 45 
7 95 3 42 93 
2 65 13 82 44 
74 10 50 20 74 
19 10 28 45 63 
64 45 71 38 60 
34 98 30 75 78 
24 53 53 24 38 
90 80 39 88 71 
45 84 85 88 72 
72 8 80 56 65 
43 5 80 27 69 
51 38 18 20 13 
11 17 43 1 90 
81 42 72 46 39 
60 80 98 92 45 
49 37 69 66 25 
33 9 3 24 29 
21 74 53 80 87 
21 96 60 40 48 
34 3 8 10 10 
5 10 96 10 51 
4 91 46 41 83 
52 44 59 90 51 
2 93 31 93 28 
22 15 46 41 2 
81 81 60 66 87 
30 24 67 96 3 
16 72 96 14 85 
4 22 26 11 96 
13 58 24 51 30 
61 3 31 11 33 
38 72 57 18 16 
20 25 31 97 55 
39 10 12 32 38 
91 64 89 64 22 
2 75 38 86 79 
73 80 17 78 47 
80 74 75 18 71 
40 83 58 79 47 
72 42 7 87 93 
44 87 71 41 90 
92 77 95 72 33 
67 21 62 39 22 
76 55 27 64 49 
63 8 37 58 5 
86 22 81 23 4 
91 4 52 7 42 
55 4 22 47 42 
97 76 93 24 88 
57 3 5 17 79 
4 77 51 84 14 
18 4 15 43 94 
82 70 34 75 24 
46 34 62 94 26 
33 98 88 65 59 
51 82 47 92 66 
40 71 81 52 26 
17 31 50 78 47 
49 14 82 66 88 
98 85 50 98 42 
72 84 25 58 6 
94 38 21 86 95 
40 83 69 14 74 
29 61 8 22 61 
64 99 72 4 18 
36 48 19 91 15 
96 17 18 25 22 
48 92 37 90 29 
1 17 37 9 63 
31 40 20 22 69 
85 83 72 53 75 
35 92 57 61 98 
15 23 90 3 58 
34 24 93 28 55 
92 50 32 68 4 
13 5 77 20 59 
96 4 25 88 64 
54 83 72 33 96 
20 79 58 91 8 
70 31 79 67 10 
5 59 55 58 34 
43 59 30 13 64 
29 82 5 45 50 
77 59 16 91 54 
90 21 44 40 55 
23 56 62 53 52 
42 17 60 70 91 
56 97 10 18 97 
89 35 8 17 63 
12 86 24 40 10 
72 19 97 57 59 
37 8 68 77 58 
39 51 14 4 3 
22 49 50 96 76 
52 5 13 19 12 
91 41 56 76 33 
91 76 79 49 4 
26 26 66 47 82 
99 51 19 88 48 
16 66 59 27 67 
30 35 68 20 56 
43 9 77 54 50 
26 24 27 19 94 
10 41 13 44 67 
65 43 63 13 58 
5 11 75 39 47 
72 75 67 63 15 
25 58 10 98 66 
99 22 36 63 33 
96 36 39 84 37 
99 59 54 24 29 
85 99 95 44 43 
70 10 54 5 39 
38 34 18 50 21 
71 79 45 54 51 
61 45 1 77 45 
65 9 12 71 4 
25 84 15 42 36 
34 44 96 69 13 
60 80 28 34 32 
77 35 64 87 5 
49 51 62 19 15 
38 85 51 91 43 
60 6 65 89 18 
45 81 7 78 48 
86 55 35 77 74 
96 15 83 74 3 
85 23 39 31 98 
80 50 8 19 1 
63 85 28 13 80 
28 30 17 5 48 
17 9 14 86 88 
10 2 72 24 31 
28 3 8 6 27 
96 96 78 48 13 
55 64 14 5 53 
29 3 39 15 6 
80 72 30 88 92 
33 40 22 7 47 
82 37 77 53 81 
77 23 63 59 72 
39 71 26 38 2 
45 16 67 95 91 
87 90 69 7 78 
78 23 56 58 83 
86 95 23 67 90 
89 35 74 97 46 
64 92 96 94 96 
50 74 61 42 8 
98 71 49 5 69 
16 69 91 33 58 
61 2 83 84 2 
46 39 96 84 57 
82 50 33 15 92 
89 19 60 2 52 
50 69 80 52 19 
14 56 17 66 23 
26 83 57 62 59 
53 48 86 66 6 
54 85 40 44 12 
75 62 30 52 41 
44 96 26 90 3 
15 58 5 12 33 
68 32 89 14 93 
60 75 8 83 19 
16 42 41 60 83 
88 39 49 38 35 
60 69 23 54 55 
39 9 18 73 13 
43 27 70 83 11 
43 44 46 3 15 
30 29 65 35 3 