5 47
76 57 37 14 74 
90 5 38 84 32 
31 32 12 48 22 
75 51 49 7 56 
99 7 53 19 24 
40 10 13 46 35 
55 73 86 47 35 
31 71 93 82 8 
16 81 87 74 55 
13 19 36 34 53 
50 56 10 41 99 
15 91 25 9 10 
42 4 92 33 22 
52 26 4 20 34 
11 17 98 82 87 
77 20 53 33 21 
64 91 30 90 87 
13 98 40 87 43 
77 18 30 37 54 
68 64 57 11 69 
55 69 22 45 68 
70 82 67 59 52 
60 53 40 23 48 
98 37 47 38 82 
50 70 43 43 90 
90 18 6 3 43 
61 24 86 23 50 
58 85 73 9 96 
77 98 79 51 23 
54 96 38 62 45 
89 54 6 58 97 
18 51 68 78 22 
90 2 81 68 20 
23 11 21 94 14 
41 91 36 82 25 
22 32 87 53 72 
71 62 87 12 88 
39 31 28 59 2 
63 82 39 34 53 
37 43 58 89 15 
2 79 34 90 84 
7 86 66 77 97 
2 17 76 31 98 
94 41 43 14 37 
89 22 56 25 41 
13 59 75 88 63 
34 13 14 16 73 