5 489
59 15 8 88 90 
73 43 39 57 72 
13 29 42 90 66 
45 19 91 50 64 
37 39 38 61 59 
91 10 16 49 27 
48 57 99 63 26 
26 58 36 18 62 
42 63 42 18 92 
49 46 50 55 73 
59 42 95 21 54 
93 5 69 32 63 
51 35 13 58 21 
86 45 97 85 75 
76 24 53 50 55 
65 22 88 71 59 
7 29 66 74 38 
47 84 23 33 24 
22 5 71 91 3 
40 54 46 91 26 
84 79 18 65 81 
61 55 32 32 13 
60 77 37 57 51 
28 12 58 94 53 
98 55 19 9 22 
2 44 43 5 10 
12 51 50 47 19 
77 73 51 71 18 
42 56 36 83 86 
28 23 94 95 65 
30 45 13 23 52 
27 7 95 47 71 
26 44 88 10 37 
83 28 32 71 80 
30 6 79 34 51 
92 74 14 12 19 
34 40 9 33 62 
61 75 65 8 81 
30 11 16 78 80 
95 29 61 70 7 
21 25 59 54 60 
39 10 20 14 57 
99 92 84 70 30 
41 50 61 67 55 
49 44 87 75 50 
17 75 33 11 44 
96 62 73 82 85 
95 48 15 3 58 
96 52 4 94 85 
29 57 98 48 19 
50 24 19 7 80 
70 54 59 1 33 
85 92 10 71 87 
31 37 90 82 46 
21 55 28 96 41 
26 77 91 4 7 
2 14 77 69 33 
12 98 26 54 78 
94 37 2 30 10 
23 98 5 66 58 
35 93 41 4 94 
96 9 3 27 43 
93 86 32 73 96 
29 62 50 64 31 
42 22 55 6 43 
83 60 23 32 15 
34 37 24 87 19 
64 41 48 44 67 
31 93 91 9 39 
77 73 2 8 75 
46 79 9 94 69 
13 18 96 94 38 
18 73 64 78 16 
67 42 78 30 10 
81 33 65 6 78 
27 15 14 75 46 
72 72 50 56 64 
2 45 31 97 20 
48 81 68 73 58 
53 12 70 30 86 
72 58 12 3 37 
46 20 16 14 16 
47 90 92 87 36 
48 85 28 63 26 
57 3 70 97 62 
50 83 34 62 78 
77 43 53 19 46 
84 69 48 22 71 
28 63 57 77 41 
83 67 1 82 67 
13 96 56 18 10 
94 50 37 12 97 
10 51 69 49 44 
93 83 99 19 19 
13 13 93 72 88 
91 29 63 88 98 
28 54 16 95 7 
52 30 75 66 60 
7 17 86 2 16 
4 70 72 43 8 
93 11 3 69 17 
27 29 40 4 82 
82 56 1 77 42 
43 15 25 66 12 
52 33 55 75 33 
36 62 79 28 88 
11 41 62 47 34 
19 10 50 26 55 
67 68 57 97 56 
17 85 54 75 5 
15 41 77 65 16 
58 69 80 37 20 
83 27 25 8 61 
44 93 79 74 56 
25 5 70 31 80 
32 38 39 49 15 
80 64 27 80 92 
66 75 5 36 23 
72 86 44 79 28 
48 85 7 90 97 
52 98 60 15 46 
62 28 94 22 10 
8 29 49 46 28 
44 83 91 45 22 
56 26 61 44 71 
13 52 34 97 44 
71 40 57 5 39 
59 65 46 75 64 
68 66 9 9 45 
14 8 79 12 45 
97 75 74 82 87 
41 83 76 5 91 
69 18 14 68 56 
28 6 75 53 1 
59 70 19 45 66 
85 98 79 66 88 
81 50 12 84 15 
12 38 35 78 77 
62 37 6 58 29 
71 22 64 23 80 
46 80 77 75 71 
28 99 56 56 72 
34 64 43 26 95 
60 39 94 6 24 
78 72 60 35 6 
36 50 43 8 77 
77 66 15 24 20 
20 41 80 90 8 
83 39 94 80 9 
8 49 29 97 24 
54 47 74 70 75 
71 28 18 63 60 
42 14 29 40 35 
44 7 10 87 63 
41 94 13 15 35 
3 34 29 70 51 
93 49 2 48 97 
33 22 79 91 64 
5 22 40 72 67 
14 82 27 41 32 
71 19 52 62 69 
31 85 14 74 19 
32 92 95 28 61 
35 53 43 90 16 
99 80 85 62 53 
21 92 24 17 58 
4 29 34 16 33 
79 68 1 21 68 
57 72 6 12 5 
49 29 5 78 63 
41 79 46 58 72 
61 34 89 70 89 
18 60 10 82 76 
51 56 47 47 51 
28 8 52 8 13 
73 78 26 56 16 
10 37 39 23 60 
14 72 40 44 42 
41 16 64 39 92 
38 15 29 79 53 
45 23 60 91 80 
10 59 7 31 67 
48 13 97 91 4 
1 12 88 50 58 
56 21 73 22 55 
6 21 29 68 3 
52 78 86 31 23 
88 97 89 71 68 
82 56 55 71 95 
70 33 92 75 42 
2 13 82 51 90 
1 73 83 27 23 
89 41 39 27 95 
34 20 1 11 36 
36 65 59 24 65 
41 54 5 70 12 
76 30 68 46 61 
68 34 27 99 23 
63 8 56 32 40 
2 85 2 52 67 
15 89 45 42 88 
54 62 75 32 43 
68 98 3 72 17 
98 30 24 35 27 
50 44 42 53 5 
38 70 72 3 25 
3 8 53 67 23 
98 29 38 40 50 
42 39 66 21 68 
78 98 63 3 69 
31 31 10 38 87 
39 21 24 7 51 
4 1 38 2 98 
15 79 38 51 3 
60 16 80 64 95 
52 22 1 92 98 
74 55 38 81 43 
33 18 33 37 47 
57 12 28 68 57 
19 39 83 98 77 
79 43 32 9 77 
88 50 10 85 33 
87 98 49 17 20 
44 9 74 20 73 
63 20 97 95 2 
36 45 27 46 46 
51 58 10 64 70 
79 67 72 87 64 
31 71 38 28 55 
78 99 4 76 75 
71 4 83 65 98 
3 36 8 38 7 
23 11 67 80 14 
2 77 18 37 54 
34 90 6 24 10 
61 57 86 91 61 
96 43 17 17 42 
1 90 23 8 83 
35 2 31 9 81 
61 90 40 2 74 
27 46 6 96 12 
94 66 95 86 53 
2 11 20 47 73 
72 66 74 4 45 
7 83 91 99 74 
51 34 35 49 76 
3 90 50 68 43 
27 20 86 79 4 
39 3 11 69 12 
78 29 44 43 46 
22 8 16 55 71 
94 50 32 99 11 
23 84 26 69 42 
60 50 7 53 42 
99 68 29 2 10 
69 87 44 18 17 
77 63 67 40 43 
79 55 50 89 48 
95 88 77 74 96 
93 49 21 12 53 
85 98 66 78 42 
87 69 54 56 1 
5 51 27 53 73 
38 38 78 89 4 
88 8 47 81 32 
16 62 34 30 2 
38 29 63 48 92 
24 74 36 43 62 
89 74 60 28 97 
20 17 13 61 84 
51 77 94 82 90 
76 82 37 28 44 
33 2 53 6 86 
19 54 72 65 12 
1 71 87 20 20 
47 2 32 96 40 
82 31 33 40 71 
53 38 70 97 22 
39 34 60 89 50 
77 5 39 45 31 
81 71 17 92 61 
70 91 61 21 50 
83 36 4 13 9 
7 31 79 79 88 
61 81 89 64 93 
58 40 13 85 45 
92 84 21 76 19 
32 13 54 23 59 
23 89 64 39 47 
69 96 92 34 15 
83 67 14 45 2 
24 89 82 15 34 
34 73 55 41 49 
7 47 52 86 3 
1 95 16 10 50 
13 43 18 98 46 
35 65 28 36 48 
70 1 16 12 98 
92 48 17 3 92 
95 95 25 59 70 
84 67 63 21 50 
15 85 34 93 48 
4 95 3 87 79 
10 84 72 23 33 
56 25 58 28 22 
29 8 23 5 36 
52 46 23 23 87 
32 23 7 82 12 
13 96 90 4 57 
80 5 98 26 56 
75 53 14 98 99 
5 14 13 4 55 
84 22 58 78 91 
10 95 71 11 88 
63 86 81 59 7 
17 16 6 83 19 
38 65 6 66 34 
92 47 91 84 19 
37 39 91 45 67 
93 77 6 20 41 
7 48 99 43 59 
8 52 55 52 90 
3 6 4 63 62 
84 33 33 14 60 
37 57 82 63 10 
83 80 49 15 8 
75 7 16 31 90 
4 10 91 13 26 
81 10 74 22 44 
51 12 21 6 9 
38 35 85 11 32 
52 58 69 13 35 
2 29 88 62 30 
40 67 91 90 7 
82 99 54 10 68 
39 13 85 56 81 
91 18 98 38 50 
15 99 79 11 8 
7 57 16 59 1 
3 38 62 59 64 
71 73 14 8 25 
15 42 50 25 69 
40 21 57 68 25 
52 7 90 39 40 
10 66 35 47 24 
36 43 79 21 10 
45 98 67 42 33 
27 44 61 40 4 
82 68 30 90 91 
37 50 28 6 18 
36 34 85 85 16 
81 49 47 82 76 
76 87 12 46 63 
83 92 61 44 41 
60 30 84 13 44 
72 82 88 63 46 
85 1 20 87 6 
65 99 42 62 69 
16 29 93 46 89 
95 85 76 27 88 
52 23 49 35 3 
63 40 79 97 70 
8 98 82 26 7 
77 38 1 47 86 
81 7 19 53 99 
97 80 19 43 24 
79 72 43 87 8 
3 89 1 62 21 
11 95 67 67 99 
49 43 98 80 65 
4 29 12 40 6 
52 35 90 44 81 
98 3 58 7 21 
86 10 48 2 51 
73 28 2 34 71 
54 63 4 73 63 
11 94 43 31 60 
29 85 22 46 1 
44 94 71 3 54 
73 59 95 6 4 
47 96 84 16 80 
69 56 20 30 21 
67 75 9 82 66 
77 95 24 55 15 
61 53 19 27 49 
55 33 90 4 36 
69 44 50 44 72 
99 56 59 19 74 
47 88 94 96 59 
79 43 33 98 83 
40 97 40 34 82 
29 13 89 40 86 
30 14 56 46 3 
30 8 1 1 58 
4 49 17 35 25 
40 23 46 29 78 
27 17 85 36 84 
95 97 53 94 69 
15 96 61 56 92 
55 82 50 45 5 
65 22 65 32 31 
7 54 82 95 58 
31 70 27 58 92 
41 92 76 63 70 
8 87 27 12 9 
63 22 40 13 36 
23 27 7 84 63 
99 87 73 6 91 
50 31 11 43 51 
88 69 27 90 84 
90 54 92 58 72 
50 86 85 77 35 
29 43 69 73 42 
97 67 81 48 55 
56 35 6 46 38 
53 23 38 79 76 
18 6 36 20 30 
86 67 12 57 15 
36 45 30 94 20 
47 70 54 11 93 
31 6 35 46 17 
34 41 46 53 5 
86 41 67 66 87 
57 57 19 15 64 
8 93 5 90 29 
60 5 23 90 13 
80 11 8 29 40 
65 85 94 85 50 
82 42 69 25 59 
88 43 14 71 26 
41 51 94 96 35 
25 51 43 18 57 
77 31 61 27 94 
14 83 27 71 55 
50 59 17 33 59 
65 76 48 75 59 
10 19 52 21 71 
17 32 89 83 28 
64 29 99 92 85 
98 42 80 2 37 
82 68 78 19 14 
69 24 7 62 13 
30 92 33 35 32 
89 66 70 8 89 
5 70 19 46 94 
64 43 2 61 59 
26 38 55 21 21 
24 41 93 57 64 
71 81 94 58 90 
95 51 21 39 13 
70 6 59 15 69 
95 43 15 70 13 
14 10 27 1 91 
29 54 13 60 35 
8 6 7 83 94 
13 37 18 22 2 
18 85 20 51 36 
12 57 18 48 35 
98 3 56 84 83 
3 70 39 50 61 
78 89 40 5 90 
64 36 93 47 84 
45 16 35 83 44 
54 64 53 85 96 
92 42 5 46 82 
33 65 7 53 32 
62 57 24 96 61 
49 24 49 10 51 
9 6 84 65 93 
78 13 50 57 89 
51 95 72 90 51 
44 72 33 89 73 
53 79 86 97 52 
80 13 26 78 10 
42 97 86 88 44 
54 42 77 86 68 
7 38 62 7 23 
50 70 46 51 34 
3 87 49 48 54 
23 82 17 2 3 
71 38 79 46 77 
88 44 55 85 67 
98 57 30 96 58 
74 62 73 32 22 
83 64 12 90 68 
95 64 87 16 5 
15 8 89 87 93 
64 44 57 90 72 
40 92 82 75 95 