5 496
22 24 19 35 49 
64 18 85 27 39 
59 52 7 93 77 
80 88 85 46 42 
96 5 96 17 73 
93 39 61 24 46 
95 12 37 30 93 
10 88 59 72 82 
11 17 38 44 3 
72 2 74 48 10 
76 71 26 19 13 
49 72 77 30 19 
51 33 43 36 66 
93 75 87 40 48 
38 69 89 76 14 
48 69 23 86 61 
54 60 34 91 31 
9 94 75 96 58 
22 27 2 93 56 
24 11 71 34 69 
84 6 97 52 16 
55 76 21 91 23 
55 10 3 64 94 
54 71 79 80 16 
58 80 91 71 4 
66 77 36 71 49 
2 2 12 64 94 
92 62 16 13 95 
15 41 54 26 86 
60 52 35 80 57 
90 32 85 10 52 
24 20 30 70 76 
20 32 13 92 7 
44 10 62 57 67 
66 19 81 27 58 
84 4 88 95 94 
91 4 73 61 28 
50 60 49 98 10 
65 73 74 34 23 
3 82 21 29 93 
57 97 14 8 71 
35 60 1 93 38 
38 11 24 17 33 
84 16 51 29 94 
33 98 30 70 49 
93 76 67 70 5 
98 69 61 82 5 
63 47 92 64 18 
41 27 73 7 29 
97 85 74 87 72 
9 44 65 9 30 
13 54 73 5 33 
26 60 48 36 58 
84 92 23 22 38 
20 64 84 22 54 
55 6 78 57 69 
34 46 64 72 41 
71 4 72 17 87 
79 18 62 26 56 
69 26 94 46 50 
67 24 33 5 59 
36 10 7 50 19 
91 68 26 15 72 
63 81 94 91 71 
82 12 64 91 15 
51 55 77 5 82 
99 65 1 33 86 
69 80 43 55 50 
47 12 92 44 72 
21 7 41 75 99 
70 14 61 29 19 
93 30 28 97 78 
90 44 56 61 18 
2 74 51 9 88 
34 87 50 24 83 
80 95 13 8 27 
43 62 8 22 40 
48 9 79 39 51 
28 1 68 1 46 
9 64 60 52 40 
20 52 7 39 57 
5 72 26 91 37 
21 81 37 25 58 
19 46 9 4 35 
86 30 77 25 93 
35 69 31 23 42 
66 7 16 45 18 
80 24 74 90 15 
64 74 27 52 55 
11 93 85 83 54 
41 76 96 76 9 
24 4 95 27 81 
86 21 86 98 5 
76 47 29 36 32 
66 41 20 96 63 
80 86 77 8 29 
47 75 83 94 62 
68 7 89 45 18 
84 40 42 75 90 
69 31 85 5 76 
39 11 82 38 98 
93 4 42 23 41 
42 51 25 46 30 
41 50 70 57 24 
89 77 10 3 47 
46 53 56 77 68 
30 37 83 34 98 
16 78 87 82 42 
21 80 89 2 15 
88 92 85 13 98 
41 57 3 75 12 
50 81 61 13 20 
12 71 60 71 47 
85 41 72 64 26 
13 81 73 72 60 
47 90 23 16 58 
10 44 47 65 98 
34 12 68 80 22 
14 25 25 15 62 
21 59 83 7 95 
23 70 87 88 35 
37 60 13 10 50 
31 68 11 33 61 
91 99 6 16 4 
15 9 29 5 43 
89 64 76 67 51 
94 28 4 78 25 
71 14 44 47 78 
57 47 59 14 28 
38 92 15 27 38 
24 60 32 71 78 
12 5 70 77 55 
12 2 33 15 66 
14 91 99 17 63 
91 73 31 85 39 
63 37 6 20 83 
38 44 10 33 29 
20 41 92 46 6 
5 64 59 25 43 
34 24 64 20 4 
13 26 56 38 39 
61 76 2 90 5 
75 2 39 50 26 
15 65 36 10 86 
74 86 80 93 22 
49 49 53 29 61 
6 54 69 58 11 
46 81 92 52 15 
64 31 46 8 47 
31 86 90 72 49 
7 2 53 41 50 
24 5 25 50 74 
92 28 28 55 54 
45 36 46 57 13 
90 53 31 87 99 
7 68 51 13 43 
32 97 91 23 8 
28 73 96 20 38 
35 96 72 23 56 
67 18 3 82 68 
22 40 39 36 28 
86 22 44 93 23 
34 21 52 46 71 
57 47 44 55 84 
13 85 75 8 58 
38 10 76 61 19 
17 77 11 59 22 
24 48 60 64 33 
75 44 84 58 49 
49 34 9 13 61 
37 25 77 66 47 
98 51 85 32 88 
24 77 56 93 45 
19 40 56 17 52 
98 23 79 58 19 
64 46 77 25 91 
42 6 75 69 18 
40 78 82 71 7 
42 1 74 79 91 
5 39 21 3 53 
37 73 26 16 36 
9 65 47 93 71 
60 32 2 79 18 
46 46 31 20 60 
26 24 80 63 49 
55 36 35 18 81 
52 78 15 95 67 
15 70 7 65 14 
36 53 9 91 37 
23 78 1 41 72 
34 3 42 95 27 
63 34 76 30 18 
50 3 29 25 85 
41 19 91 62 6 
34 58 46 81 63 
43 31 79 26 5 
70 71 63 84 95 
86 62 45 14 26 
67 2 66 92 49 
58 98 53 48 61 
49 51 97 42 10 
74 36 75 70 40 
94 22 99 27 98 
1 20 55 18 70 
49 34 70 95 32 
69 65 24 5 75 
43 79 84 74 40 
8 5 5 35 63 
29 5 83 94 71 
43 13 6 11 13 
91 25 24 9 33 
46 74 65 47 55 
57 7 6 2 7 
12 60 18 85 71 
21 72 15 62 11 
75 3 14 24 19 
88 63 28 79 77 
91 17 21 95 93 
73 43 79 68 62 
7 55 4 81 23 
62 59 24 7 54 
99 30 83 28 32 
44 15 54 72 25 
95 18 22 74 63 
7 25 26 54 52 
87 84 73 3 73 
39 98 96 19 12 
2 85 70 8 21 
31 65 11 20 33 
60 4 34 46 60 
61 44 61 14 16 
4 22 17 18 57 
92 83 62 29 54 
54 22 46 38 86 
94 42 10 41 79 
50 3 35 87 68 
31 46 81 43 3 
32 6 70 17 29 
59 10 15 29 5 
74 70 30 22 94 
95 46 27 23 38 
39 41 34 54 6 
34 81 69 46 25 
42 37 93 97 68 
78 89 93 8 35 
6 49 13 10 22 
46 41 53 96 39 
72 69 24 20 86 
69 8 85 59 45 
54 68 84 89 32 
62 63 56 62 53 
63 53 96 51 40 
4 48 16 62 84 
47 5 64 60 43 
5 79 61 15 28 
15 41 95 78 79 
25 13 80 51 55 
63 17 90 87 10 
66 99 9 64 38 
82 86 84 47 24 
34 44 58 93 72 
98 49 96 43 51 
48 76 43 61 12 
59 28 9 14 13 
37 29 66 99 26 
29 15 93 20 97 
89 36 68 9 9 
73 40 7 89 10 
74 71 32 41 12 
6 24 43 25 78 
25 25 70 99 81 
41 54 44 38 38 
57 91 18 12 5 
38 24 35 7 49 
2 19 19 42 10 
53 69 42 60 76 
31 89 58 21 42 
81 50 63 97 90 
42 64 13 19 74 
76 50 20 90 92 
85 12 54 84 11 
92 20 9 19 94 
99 40 67 62 99 
29 59 30 96 49 
17 17 58 60 83 
33 37 15 31 73 
26 16 77 16 38 
95 77 29 76 50 
11 45 84 33 12 
2 70 24 17 63 
33 46 21 71 84 
96 77 54 98 44 
31 26 51 43 40 
78 11 97 20 3 
27 21 33 44 12 
42 21 87 90 57 
81 92 26 90 58 
63 20 86 40 85 
73 94 36 47 63 
37 8 83 13 8 
69 77 51 47 39 
27 1 35 95 59 
40 27 55 52 49 
72 35 90 94 26 
3 77 39 72 88 
77 16 87 71 23 
41 34 22 34 99 
96 32 69 89 64 
5 61 33 8 84 
20 2 68 45 26 
13 39 7 61 84 
33 48 3 1 90 
8 74 50 28 64 
6 78 55 66 47 
64 74 7 29 8 
31 82 76 71 60 
61 31 83 32 58 
73 76 23 94 59 
12 14 72 84 89 
6 82 9 86 87 
45 44 58 44 72 
9 17 57 1 94 
46 14 44 17 71 
45 92 47 32 30 
45 46 44 53 92 
10 68 4 95 7 
8 36 75 34 68 
97 50 66 55 5 
64 39 86 10 3 
65 80 96 55 5 
46 43 73 78 45 
72 61 71 44 32 
2 89 61 7 56 
38 28 94 42 89 
69 10 10 66 16 
85 78 46 91 48 
82 91 72 32 78 
21 83 7 32 1 
5 36 50 24 84 
87 14 24 26 20 
87 74 62 61 18 
44 66 37 54 97 
65 58 31 65 29 
36 81 89 49 88 
69 93 32 71 11 
87 35 9 29 84 
47 35 26 59 64 
38 48 33 60 9 
56 57 13 97 29 
5 6 4 57 63 
27 89 93 66 4 
30 90 7 73 64 
53 31 62 30 67 
2 26 1 2 38 
72 77 96 42 49 
22 57 45 13 50 
72 6 48 82 64 
1 65 81 85 12 
96 36 75 34 46 
58 30 72 39 85 
55 28 81 16 71 
74 80 28 1 67 
37 11 29 49 11 
70 69 86 25 89 
33 56 50 34 9 
15 56 48 99 25 
8 61 29 6 18 
41 99 22 67 67 
61 83 11 55 66 
75 63 60 71 19 
65 38 49 50 66 
9 5 5 90 12 
5 34 69 27 94 
36 63 96 67 94 
63 48 12 59 15 
9 4 15 97 95 
35 11 79 46 83 
38 88 63 45 69 
33 86 99 27 32 
5 15 73 94 36 
40 90 15 37 74 
40 98 36 41 50 
10 1 19 52 40 
7 73 10 56 23 
11 20 79 68 44 
41 34 92 15 44 
80 4 93 65 56 
69 80 20 84 26 
88 20 80 10 43 
33 69 37 63 70 
85 69 17 3 26 
10 65 68 91 71 
4 35 82 17 26 
25 57 98 39 18 
39 57 56 79 48 
48 75 86 50 52 
7 67 80 70 1 
46 38 53 67 56 
53 68 7 90 64 
29 4 47 81 92 
80 53 44 63 28 
35 49 25 69 49 
84 51 57 67 12 
93 61 72 22 50 
31 3 62 70 80 
25 66 76 63 70 
95 42 80 73 16 
29 49 60 77 8 
74 72 76 6 64 
56 70 40 33 34 
95 18 33 10 45 
9 67 25 91 40 
69 41 80 35 19 
90 84 80 3 31 
81 11 30 36 98 
47 79 56 14 68 
58 42 81 81 15 
33 96 16 67 77 
80 73 29 53 54 
31 45 11 30 16 
46 36 14 1 98 
70 84 86 12 45 
67 31 32 79 38 
59 42 2 32 79 
9 59 5 4 20 
87 91 94 21 84 
86 76 81 53 45 
10 42 23 56 68 
6 68 71 93 58 
65 48 69 71 53 
81 16 66 94 53 
28 44 88 88 77 
61 33 20 78 97 
96 87 52 96 71 
3 54 44 80 47 
14 55 87 85 28 
82 98 26 86 65 
74 57 28 12 16 
76 24 69 3 96 
9 25 7 1 45 
94 10 36 68 18 
93 74 24 12 26 
79 33 15 66 5 
99 79 60 51 97 
44 64 1 60 33 
57 90 93 24 77 
20 20 50 63 23 
26 97 62 36 70 
18 8 90 57 45 
70 84 26 1 69 
73 42 56 31 53 
38 96 23 57 22 
15 69 52 91 3 
11 10 17 3 46 
97 51 55 85 8 
75 32 63 62 13 
82 88 21 15 77 
54 85 98 79 33 
89 74 76 50 79 
22 6 39 18 71 
16 76 50 69 85 
24 70 20 71 34 
32 44 28 81 28 
71 12 75 20 4 
2 72 54 38 92 
57 41 47 67 67 
15 50 87 79 94 
92 7 16 96 11 
29 40 60 7 47 
56 5 12 64 10 
3 39 8 13 42 
22 64 86 48 41 
42 29 50 59 92 
5 42 16 81 65 
32 15 63 87 96 
86 23 60 73 56 
61 34 19 20 36 
51 14 14 14 23 
11 22 45 56 62 
47 13 81 70 63 
17 59 74 95 96 
56 29 86 9 21 
63 35 99 72 94 
63 31 18 17 82 
1 93 21 43 99 
11 66 56 89 87 
5 93 27 63 78 
86 63 17 54 9 
12 40 75 9 60 
60 86 50 30 25 
61 8 35 41 87 
83 54 4 81 91 
55 82 81 85 29 
58 83 86 97 45 
64 2 47 34 26 
99 10 60 20 58 